LECROYWS4104HD,18971,Waveform
Segments,1,SegmentSize,502
Segment,TrigTime,TimeSinceSegment1
#1,25-Jun-2024 17:12:45,0                 
Time,Ampl
-1.45554e-008,-0.000145841615
-1.41554e-008,0.000117680852
-1.37554e-008,-0.000209369353
-1.33554e-008,-4.46678111e-005
-1.29554e-008,-2.34918986e-005
-1.25554e-008,4.74265149e-006
-1.21554e-008,7.76819058e-005
-1.17554e-008,-2.11390194e-005
-1.13554e-008,-3.76091736e-005
-1.09554e-008,0.000195325864
-1.05554e-008,-8.93725154e-005
-1.01554e-008,0.000129445248
-9.7554e-009,-0.00010584267
-9.3554e-009,-0.000235251024
-8.9554e-009,-0.000268191332
-8.5554e-009,-8.23138778e-005
-8.1554e-009,-0.000197604957
-7.7554e-009,0.000101210698
-7.3554e-009,-0.000367012258
-6.9554e-009,8.47405433e-005
-6.5554e-009,-7.52552403e-005
-6.1554e-009,0.000101210698
-5.7554e-009,-0.000129371461
-5.3554e-009,-0.000129371461
-4.9554e-009,0.000105916456
-4.5554e-009,-2.81976569e-005
-4.1554e-009,-8.93725154e-005
-3.7554e-009,-5.6432207e-005
-3.3554e-009,4.00358391e-005
-2.9554e-009,-1.40803819e-005
-2.5554e-009,-0.000138782978
-2.1554e-009,-0.000143488736
-1.7554e-009,1.65070473e-005
-1.3554e-009,1.1801289e-005
-9.554e-010,1.65070473e-005
-5.554e-010,-4.93735694e-005
-1.554e-010,1.88599265e-005
2.446e-010,8.94463017e-005
6.446e-010,-1.40803819e-005
1.0446e-009,-0.000270544212
1.4446e-009,9.44840983e-006
1.8446e-009,-0.000122312824
2.2446e-009,7.29761475e-005
2.6446e-009,-0.000261132695
3.0446e-009,-0.000188193441
3.4446e-009,-0.000251721178
3.8446e-009,-3.05505361e-005
4.2446e-009,-3.76091736e-005
4.6446e-009,-0.000110548428
5.0446e-009,0.000272970877
5.4446e-009,-0.000101136911
5.8446e-009,0.000155326918
6.2446e-009,-9.40782737e-005
6.6446e-009,-0.000174076166
7.0446e-009,3.68931454e-008
7.4446e-009,-0.000174076166
7.8446e-009,-7.02174437e-006
8.2446e-009,-9.64311529e-005
8.6446e-009,-8.93725154e-005
9.0446e-009,0.000136503885
9.4446e-009,-0.000341130587
9.8446e-009,5.41531141e-005
1.02446e-008,-0.000263485574
1.06446e-008,7.53290266e-005
1.10446e-008,-0.000202310716
1.14446e-008,0.000129445248
1.18446e-008,-0.000167017528
1.22446e-008,-0.000152900253
1.26446e-008,-0.000164664649
1.30446e-008,-0.000270544212
1.34446e-008,0.000192972985
1.38446e-008,-0.000138782978
1.42446e-008,-0.00016231177
1.46446e-008,7.09553066e-006
1.50446e-008,8.47405433e-005
1.54446e-008,5.41531141e-005
1.58446e-008,-0.00013407722
1.62446e-008,-0.00019054632
1.66446e-008,-7.0549482e-005
1.70446e-008,-0.00010584267
1.74446e-008,0.000134151006
1.78446e-008,-0.000371718016
1.82446e-008,0.000200031623
1.86446e-008,-5.40793278e-005
1.90446e-008,0.000141209643
1.94446e-008,-0.000298778762
1.98446e-008,-2.31598603e-006
2.02446e-008,-0.000188193441
2.06446e-008,2.82714432e-005
2.10446e-008,-0.000136430099
2.14446e-008,9.415206e-005
2.18446e-008,-0.000249368299
2.22446e-008,-1.40803819e-005
2.26446e-008,-0.000155253132
2.30446e-008,0.000115327973
2.34446e-008,4.00358391e-005
2.38446e-008,-0.000115254186
2.42446e-008,-0.000122312824
2.46446e-008,0.000134151006
2.50446e-008,0.000131798127
2.54446e-008,-3.29034153e-005
2.58446e-008,-0.000207016474
2.62446e-008,-0.00024701542
2.66446e-008,-4.23149319e-005
2.70446e-008,-0.000341130587
2.74446e-008,2.5918564e-005
2.78446e-008,-0.000145841615
2.82446e-008,-2.34918986e-005
2.86446e-008,-0.000214075111
2.90446e-008,-2.58447777e-005
2.94446e-008,-0.000136430099
2.98446e-008,4.23887182e-005
3.02446e-008,3.76829599e-005
3.06446e-008,-1.64332611e-005
3.10446e-008,3.29772015e-005
3.14446e-008,-1.64332611e-005
3.18446e-008,-4.23149319e-005
3.22446e-008,-0.00016231177
3.26446e-008,2.12128057e-005
3.30446e-008,-0.000282308607
3.34446e-008,-6.34908445e-005
3.38446e-008,-3.76091736e-005
3.42446e-008,8.47405433e-005
3.46446e-008,-0.000169370407
3.50446e-008,0.000209443139
3.54446e-008,-0.000265838453
3.58446e-008,0.000157679798
3.62446e-008,-0.000223486628
3.66446e-008,6.82703891e-005
3.70446e-008,1.88599265e-005
3.74446e-008,-0.000115254186
3.78446e-008,8.70934225e-005
3.82446e-008,-2.31598603e-006
3.86446e-008,-1.87861402e-005
3.90446e-008,4.00358391e-005
3.94446e-008,-4.93735694e-005
3.98446e-008,-0.00019054632
4.02446e-008,2.35656849e-005
4.06446e-008,0.000103563577
4.10446e-008,-0.000110548428
4.14446e-008,-0.000171723286
4.18446e-008,2.38977232e-006
4.22446e-008,-0.00015995889
4.26446e-008,-5.87850861e-005
4.30446e-008,-3.99620528e-005
4.34446e-008,-3.52562944e-005
4.38446e-008,0.000183561468
4.42446e-008,-0.000197604957
4.46446e-008,5.88588724e-005
4.50446e-008,-0.00010584267
4.54446e-008,0.000103563577
4.58446e-008,-0.000270544212
4.62446e-008,0.000188267227
4.66446e-008,-2.34918986e-005
4.70446e-008,-0.000112901307
4.74446e-008,-7.0549482e-005
4.78446e-008,9.65049392e-005
4.82446e-008,3.68931454e-008
4.86446e-008,-1.40803819e-005
4.90446e-008,0.000164738435
4.94446e-008,0.000131798127
4.98446e-008,-0.000157606011
5.02446e-008,-0.00016231177
5.06446e-008,2.12128057e-005
5.10446e-008,5.88588724e-005
5.14446e-008,-0.000141135857
5.18446e-008,-2.11390194e-005
5.22446e-008,6.82703891e-005
5.26446e-008,-8.4666757e-005
5.30446e-008,8.0034785e-005
5.34446e-008,0.000190620106
5.38446e-008,-8.4666757e-005
5.42446e-008,-0.000152900253
5.46446e-008,0.000244736327
5.50446e-008,-0.000308190278
5.54446e-008,-0.000510537887
5.58446e-008,-0.000508185008
5.62446e-008,0.00207292344
5.66446e-008,-0.00217402346
5.70446e-008,0.00347523943
5.74446e-008,-0.00095523205
5.78446e-008,0.000734135195
5.82446e-008,0.00202821874
5.86446e-008,0.000722370799
5.90446e-008,0.000884719462
5.94446e-008,0.00281643326
5.98446e-008,0.000790604295
6.02446e-008,0.00149646805
6.06446e-008,0.00297878192
6.10446e-008,0.00139764712
6.14446e-008,0.00211056951
6.18446e-008,0.00317642377
6.22446e-008,0.00209645223
6.26446e-008,0.00276466992
6.30446e-008,0.00348229807
6.34446e-008,0.00255761655
6.38446e-008,0.00279290447
6.42446e-008,0.0037387619
6.46446e-008,0.00258114534
6.50446e-008,0.00338112426
6.54446e-008,0.00352229701
6.58446e-008,0.00267290763
6.62446e-008,0.00335994835
6.66446e-008,0.00366817552
6.70446e-008,0.00316936514
6.74446e-008,0.0037834666
6.78446e-008,0.00372464462
6.82446e-008,0.0033764185
6.86446e-008,0.00335994835
6.90446e-008,0.00388934616
6.94446e-008,0.00302348663
6.98446e-008,0.00363288233
7.02446e-008,0.00326112742
7.06446e-008,0.00324465727
7.10446e-008,0.00371993886
7.14446e-008,0.00340935881
7.18446e-008,0.00326818606
7.22446e-008,0.00357170748
7.26446e-008,0.00363758809
7.30446e-008,0.00308230861
7.34446e-008,0.00349876822
7.38446e-008,0.00319759969
7.42446e-008,0.00326818606
7.46446e-008,0.00315524786
7.50446e-008,0.0031058374
7.54446e-008,0.00294348874
7.58446e-008,0.00312230755
7.62446e-008,0.00301172223
7.66446e-008,0.00290348979
7.70446e-008,0.00318348241
7.74446e-008,0.00278114007
7.78446e-008,0.0028234919
7.82446e-008,0.00297642904
7.86446e-008,0.00281643326
7.90446e-008,0.0026423202
7.94446e-008,0.00276231704
7.98446e-008,0.00280466887
8.02446e-008,0.00249408881
8.06446e-008,0.00251291185
8.10446e-008,0.00256232231
8.14446e-008,0.00274114113
8.18446e-008,0.00251526473
8.22446e-008,0.00254349928
8.26446e-008,0.00251291185
8.30446e-008,0.00229644696
8.34446e-008,0.00237644486
8.38446e-008,0.00218115588
8.42446e-008,0.00245408987
8.46446e-008,0.00227997681
8.50446e-008,0.00218115588
8.54446e-008,0.00237644486
8.58446e-008,0.00233879879
8.62446e-008,0.00228232969
8.66446e-008,0.00183998841
8.70446e-008,0.00192469206
8.74446e-008,0.00192469206
8.78446e-008,0.00184704704
8.82446e-008,0.00226821241
8.86446e-008,0.00179057794
8.90446e-008,0.00199527843
8.94446e-008,0.0016705811
8.98446e-008,0.00212233391
9.02446e-008,0.00181881249
9.06446e-008,0.0015129382
9.10446e-008,0.00192939781
9.14446e-008,0.00160234761
9.18446e-008,0.00209880511
9.22446e-008,0.00143999895
9.26446e-008,0.00167763974
9.30446e-008,0.00146117486
9.34446e-008,0.00169646278
9.38446e-008,0.00138117697
9.42446e-008,0.0016705811
9.46446e-008,0.00131059059
9.50446e-008,0.00155999578
9.54446e-008,0.00150352668
9.58446e-008,0.00137176545
9.62446e-008,0.00112471314
9.66446e-008,0.00129647332
9.70446e-008,0.00149882093
9.74446e-008,0.00118353512
9.78446e-008,0.00130588483
9.82446e-008,0.00126823877
9.86446e-008,0.00108000843
9.90446e-008,0.00104236237
9.94446e-008,0.00126118013
9.98446e-008,0.000908248253
1.00245e-007,0.0011058901
1.00645e-007,0.00114118329
1.01045e-007,0.00116471208
1.01445e-007,0.000981187508
1.01845e-007,0.00115059481
1.02245e-007,0.00103530373
1.02645e-007,0.000962364474
1.03045e-007,0.000952952957
1.03445e-007,0.000783545657
1.03845e-007,0.000960011595
1.04245e-007,0.000708253524
1.04645e-007,0.000788251415
1.05045e-007,0.00101883357
1.05445e-007,0.000960011595
1.05845e-007,0.000529434707
1.06245e-007,0.00097412887
1.06645e-007,0.000694136249
1.07045e-007,0.000792957174
1.07445e-007,0.000882366582
1.07845e-007,0.000964717353
1.08245e-007,0.000616491236
1.08645e-007,0.000637667149
1.09045e-007,0.000555316378
1.09445e-007,0.000588256686
1.09845e-007,0.00054825774
1.10245e-007,0.000531787586
1.10645e-007,0.000743546711
1.11045e-007,0.000362380286
1.11445e-007,0.000472965607
1.11845e-007,0.000442378177
1.12245e-007,0.00032238134
1.12645e-007,0.000625902753
1.13045e-007,0.000527081827
1.13445e-007,0.000590609565
1.13845e-007,0.000527081827
1.14245e-007,0.000371791802
1.14645e-007,0.00026355936
1.15045e-007,0.000317675581
1.15445e-007,0.000338851494
1.15845e-007,0.000555316378
1.16245e-007,0.000228266173
1.16645e-007,0.000428260902
1.17045e-007,0.000200031623
1.17445e-007,0.000383556198
1.17845e-007,0.000169444193
1.18245e-007,0.000287088152
1.18645e-007,0.000289441031
1.19045e-007,0.000218854656
1.19445e-007,0.000600021082
1.19845e-007,0.000357674527
1.20245e-007,0.000303558306
1.20645e-007,0.000395320594
1.21045e-007,0.000108269335
1.21445e-007,0.000618844115
1.21845e-007,0.000101210698
1.22245e-007,0.000270617998
1.22645e-007,0.000223560414
1.23045e-007,4.74265149e-006
1.23445e-007,0.000362380286
1.23845e-007,0.00032002846
1.24245e-007,0.000381203319
1.24645e-007,4.74265149e-006
1.25045e-007,0.000108269335
1.25445e-007,0.000148268281
1.25845e-007,8.0034785e-005
1.26245e-007,0.000223560414
1.26645e-007,0.000211796019
1.27045e-007,0.000131798127
1.27445e-007,0.000141209643
1.27845e-007,-5.87850861e-005
1.28245e-007,9.88578183e-005
1.28645e-007,-1.40803819e-005
1.29045e-007,0.000211796019
1.29445e-007,2.82714432e-005
1.29845e-007,9.44840983e-006
1.30245e-007,4.94473557e-005
1.30645e-007,0.000134151006
1.31045e-007,0.000115327973
1.31445e-007,0.000141209643
1.31845e-007,-0.000143488736
1.32245e-007,0.000305911185
1.32645e-007,-6.34908445e-005
1.33045e-007,0.000190620106
1.33445e-007,-0.00015995889
1.33845e-007,-7.99609987e-005
1.34245e-007,0.000160032677
1.34645e-007,0.000190620106
1.35045e-007,-6.81966028e-005
1.35445e-007,0.000214148898
1.35845e-007,-1.40803819e-005
1.36245e-007,6.12117516e-005
1.36645e-007,0.00012238661
1.37045e-007,-0.000108195549
1.37445e-007,0.000284735273
1.37845e-007,-9.37462354e-006
1.38245e-007,-2.31598603e-006
1.38645e-007,0.000211796019
1.39045e-007,-0.00013407722
1.39445e-007,0.000494141519
1.39845e-007,-2.58447777e-005
1.40245e-007,0.000105916456
1.40645e-007,0.000112975093
1.41045e-007,-0.000265838453
1.41445e-007,0.000176502831
1.41845e-007,0.000112975093
1.42245e-007,-7.29023612e-005
1.42645e-007,6.35646308e-005
1.43045e-007,0.000277676635
1.43445e-007,-0.000127018582
1.43845e-007,-7.0549482e-005
1.44245e-007,-0.000221133749
1.44645e-007,-0.000308190278
1.45045e-007,0.000145915402
1.45445e-007,-0.000232898145
1.45845e-007,-1.17275027e-005
1.46245e-007,8.47405433e-005
1.46645e-007,-0.000110548428
1.47045e-007,4.70944766e-005
1.47445e-007,0.000397673473
1.47845e-007,-0.000150547374
1.48245e-007,8.0034785e-005
1.48645e-007,-0.000122312824
1.49045e-007,-0.000127018582
1.49445e-007,3.29772015e-005
1.49845e-007,-0.000192899199
1.50245e-007,-6.81966028e-005
1.50645e-007,-8.23138778e-005
1.51045e-007,0.000164738435
1.51445e-007,-5.17264486e-005
1.51845e-007,-4.6688652e-006
1.52245e-007,0.00012238661
1.52645e-007,6.12117516e-005
1.53045e-007,0.000183561468
1.53445e-007,1.88599265e-005
1.53845e-007,2.38977232e-006
1.54245e-007,5.18002349e-005
1.54645e-007,-2.81976569e-005
1.55045e-007,4.23887182e-005
1.55445e-007,-5.17264486e-005
1.55845e-007,-0.000211722232
1.56245e-007,-9.64311529e-005
1.56645e-007,-1.17275027e-005
1.57045e-007,-0.000136430099
1.57445e-007,-6.58437236e-005
1.57845e-007,-7.76081195e-005
1.58245e-007,3.76829599e-005
1.58645e-007,-0.000117607065
1.59045e-007,-0.000319954674
1.59445e-007,-8.70196362e-005
1.59845e-007,-1.17275027e-005
1.60245e-007,-3.99620528e-005
1.60645e-007,-0.00010584267
1.61045e-007,4.74265149e-006
1.61445e-007,-0.000176429045
1.61845e-007,-0.000148194495
1.62245e-007,0.000152974039
1.62645e-007,-0.000216427991
1.63045e-007,-7.76081195e-005
1.63445e-007,3.06243224e-005
1.63845e-007,-0.000124665703
1.64245e-007,-3.99620528e-005
1.64645e-007,-6.58437236e-005
1.65045e-007,-7.52552403e-005
1.65445e-007,-0.000115254186
1.65845e-007,-6.11379653e-005
1.66245e-007,-0.000129371461
1.66645e-007,-0.00013407722
1.67045e-007,2.12128057e-005
1.67445e-007,-0.000157606011
1.67845e-007,0.000124739489
1.68245e-007,-3.29034153e-005
1.68645e-007,-3.99620528e-005
1.69045e-007,-2.81976569e-005
1.69445e-007,-0.000145841615
1.69845e-007,-0.000129371461
1.70245e-007,6.82703891e-005
1.70645e-007,-0.000322307553
1.71045e-007,6.35646308e-005
1.71445e-007,-0.000122312824
1.71845e-007,-0.000185840561
1.72245e-007,-0.00013407722
1.72645e-007,-0.000117607065
1.73045e-007,0.000160032677
1.73445e-007,-0.000155253132
1.73845e-007,-0.000171723286
1.74245e-007,6.59175099e-005
1.74645e-007,0.000101210698
1.75045e-007,-0.000157606011
1.75445e-007,-0.000122312824
1.75845e-007,-0.000310543157
1.76245e-007,4.23887182e-005
1.76645e-007,-0.000110548428
1.77045e-007,-5.6432207e-005
1.77445e-007,-0.000101136911
1.77845e-007,1.88599265e-005
1.78245e-007,1.88599265e-005
1.78645e-007,-0.000258779816
1.79045e-007,-5.6432207e-005
1.79445e-007,3.53300807e-005
1.79845e-007,-0.000145841615
1.80245e-007,-8.23138778e-005
1.80645e-007,-0.000282308607
1.81045e-007,-0.000221133749
1.81445e-007,6.12117516e-005
1.81845e-007,-0.000148194495
1.82245e-007,0.000251794964
1.82645e-007,-0.000277602849
1.83045e-007,0.000174149952
1.83445e-007,-0.000263485574
1.83845e-007,-0.000101136911
1.84245e-007,-0.000199957836
1.84645e-007,8.47405433e-005
1.85045e-007,-0.000188193441
1.85445e-007,-3.76091736e-005
1.85845e-007,2.38977232e-006
