LECROYWS4104HD,18971,Waveform
Segments,1,SegmentSize,2502
Segment,TrigTime,TimeSinceSegment1
#1,24-Feb-2025 16:41:48,0                 
Time,Ampl
-5.2156e-008,-0.003071919
-5.1756e-008,-0.0007190399
-5.1356e-008,-0.002601343
-5.0956e-008,-0.000248464
-5.0556e-008,-0.003071919
-5.0156e-008,-0.0007190399
-4.9756e-008,-0.003071919
-4.9356e-008,-0.004013071
-4.8956e-008,-0.002130767
-4.8556e-008,-0.003071919
-4.8156e-008,-0.002130767
-4.7756e-008,-0.004954222
-4.7356e-008,-0.003542495
-4.6956e-008,-0.001660192
-4.6556e-008,-0.002601343
-4.6156e-008,-0.003542495
-4.5756e-008,-0.003071919
-4.5356e-008,-0.004483647
-4.4956e-008,-0.003071919
-4.4556e-008,-0.003071919
-4.4156e-008,-0.003071919
-4.3756e-008,-0.005895374
-4.3356e-008,-0.0007190399
-4.2956e-008,-0.001189616
-4.2556e-008,-0.003542495
-4.2156e-008,-0.002130767
-4.1756e-008,-0.001189616
-4.1356e-008,-0.002130767
-4.0956e-008,-0.003542495
-4.0556e-008,-0.002601343
-4.0156e-008,-0.001660192
-3.9756e-008,-0.002130767
-3.9356e-008,-0.002601343
-3.8956e-008,-0.001660192
-3.8556e-008,-0.003071919
-3.8156e-008,-0.000248464
-3.7756e-008,-0.004013071
-3.7356e-008,0.0002221118
-3.6956e-008,-0.002130767
-3.6556e-008,-0.002130767
-3.6156e-008,-0.008718829
-3.5756e-008,-0.002130767
-3.5356e-008,-0.005424798
-3.4956e-008,0.0006926876
-3.4556e-008,-0.004013071
-3.4156e-008,-0.000248464
-3.3756e-008,-0.002601343
-3.3356e-008,-0.0007190399
-3.2956e-008,-0.000248464
-3.2556e-008,-0.004954222
-3.2156e-008,-0.002601343
-3.1756e-008,-0.005424798
-3.1356e-008,-0.004483647
-3.0956e-008,-0.003071919
-3.0556e-008,0.0006926876
-3.0156e-008,-0.004013071
-2.9756e-008,-0.002601343
-2.9356e-008,-0.004013071
-2.8956e-008,-0.000248464
-2.8556e-008,-0.004483647
-2.8156e-008,-0.001189616
-2.7756e-008,-0.002601343
-2.7356e-008,-0.004954222
-2.6956e-008,-0.003071919
-2.6556e-008,-0.003071919
-2.6156e-008,-0.004013071
-2.5756e-008,-0.001660192
-2.5356e-008,-0.000248464
-2.4956e-008,-0.004954222
-2.4556e-008,-0.001189616
-2.4156e-008,-0.002601343
-2.3756e-008,-0.003542495
-2.3356e-008,-0.002130767
-2.2956e-008,-0.005895374
-2.2556e-008,-0.0007190399
-2.2156e-008,-0.003542495
-2.1756e-008,-0.002130767
-2.1356e-008,-0.001189616
-2.0956e-008,-0.001660192
-2.0556e-008,-0.002130767
-2.0156e-008,-0.002601343
-1.9756e-008,-0.003071919
-1.9356e-008,-0.004954222
-1.8956e-008,-0.005424798
-1.8556e-008,-0.003071919
-1.8156e-008,-0.001189616
-1.7756e-008,-0.002601343
-1.7356e-008,-0.003542495
-1.6956e-008,-0.000248464
-1.6556e-008,-0.002130767
-1.6156e-008,-0.003071919
-1.5756e-008,-0.002601343
-1.5356e-008,-0.003542495
-1.4956e-008,-0.0007190399
-1.4556e-008,-0.003542495
-1.4156e-008,-0.003071919
-1.3756e-008,-0.004013071
-1.3356e-008,-0.004013071
-1.2956e-008,-0.002130767
-1.2556e-008,-0.000248464
-1.2156e-008,-0.004013071
-1.1756e-008,-0.001660192
-1.1356e-008,-0.004483647
-1.0956e-008,-0.002601343
-1.0556e-008,-0.002130767
-1.0156e-008,-0.003542495
-9.756e-009,-0.0007190399
-9.356e-009,-0.002601343
-8.956e-009,0.0006926876
-8.556e-009,-0.004954222
-8.156e-009,-0.0007190399
-7.756e-009,-0.003071919
-7.356e-009,-0.004483647
-6.956e-009,-0.001189616
-6.556e-009,-0.002601343
-6.156e-009,-0.004954222
-5.756e-009,-0.001189616
-5.356e-009,-0.005424798
-4.956e-009,-0.001189616
-4.556e-009,-0.003542495
-4.156e-009,-0.003071919
-3.756e-009,-0.004013071
-3.356e-009,-0.002601343
-2.956e-009,-0.004013071
-2.556e-009,-0.002601343
-2.156e-009,-0.001660192
-1.756e-009,-0.001660192
-1.356e-009,-0.003071919
-9.56e-010,-0.003071919
-5.56e-010,0.0002221118
-1.56e-010,-0.002130767
2.44e-010,0.0002221118
6.44e-010,-0.003542495
1.044e-009,0.0002221118
1.444e-009,-0.003071919
1.844e-009,-0.001660192
2.244e-009,-0.004013071
2.644e-009,-0.003542495
3.044e-009,-0.002130767
3.444e-009,-0.003542495
3.844e-009,0.001633839
4.244e-009,-0.005424798
4.644e-009,-0.001189616
5.044e-009,-0.003542495
5.444e-009,-0.003071919
5.844e-009,-0.00636595
6.244e-009,-0.004954222
6.644e-009,-0.001660192
7.044e-009,-0.001660192
7.444e-009,-0.004483647
7.844e-009,-0.003071919
8.244e-009,-0.004483647
8.644e-009,-0.001660192
9.044e-009,-0.002601343
9.444e-009,-0.001660192
9.844e-009,-0.003542495
1.0244e-008,-0.001189616
1.0644e-008,0.0002221118
1.1044e-008,-0.004013071
1.1444e-008,-0.002130767
1.1844e-008,-0.003542495
1.2244e-008,-0.001660192
1.2644e-008,0.0002221118
1.3044e-008,0.0002221118
1.3444e-008,-0.002601343
1.3844e-008,-0.001660192
1.4244e-008,-0.003542495
1.4644e-008,-0.004483647
1.5044e-008,-0.005424798
1.5444e-008,-0.002130767
1.5844e-008,-0.003071919
1.6244e-008,-0.001189616
1.6644e-008,-0.001189616
1.7044e-008,-0.001189616
1.7444e-008,-0.003071919
1.7844e-008,-0.004483647
1.8244e-008,-0.001660192
1.8644e-008,-0.002130767
1.9044e-008,-0.004954222
1.9444e-008,-0.002130767
1.9844e-008,-0.002601343
2.0244e-008,-0.001189616
2.0644e-008,0.0002221118
2.1044e-008,-0.001660192
2.1444e-008,0.0002221118
2.1844e-008,0.0002221118
2.2244e-008,-0.002601343
2.2644e-008,-0.002130767
2.3044e-008,-0.003071919
2.3444e-008,-0.002601343
2.3844e-008,-0.002601343
2.4244e-008,-0.004954222
2.4644e-008,-0.000248464
2.5044e-008,-0.004013071
2.5444e-008,-0.0007190399
2.5844e-008,-0.002130767
2.6244e-008,-0.002601343
2.6644e-008,-0.001189616
2.7044e-008,-0.003542495
2.7444e-008,-0.000248464
2.7844e-008,-0.002601343
2.8244e-008,-0.000248464
2.8644e-008,0.0002221118
2.9044e-008,0.0006926876
2.9444e-008,-0.002130767
2.9844e-008,-0.004013071
3.0244e-008,-0.003542495
3.0644e-008,-0.003542495
3.1044e-008,-0.00636595
3.1444e-008,-0.003071919
3.1844e-008,-0.003542495
3.2244e-008,-0.001189616
3.2644e-008,-0.004954222
3.3044e-008,-0.002130767
3.3444e-008,-0.002601343
3.3844e-008,-0.001189616
3.4244e-008,-0.001660192
3.4644e-008,-0.004013071
3.5044e-008,-0.004013071
3.5444e-008,-0.0007190399
3.5844e-008,-0.001189616
3.6244e-008,0.0002221118
3.6644e-008,-0.004483647
3.7044e-008,-0.002130767
3.7444e-008,-0.002601343
3.7844e-008,0.001163263
3.8244e-008,-0.003071919
3.8644e-008,-0.003071919
3.9044e-008,-0.003071919
3.9444e-008,-0.004013071
3.9844e-008,-0.002601343
4.0244e-008,-0.004483647
4.0644e-008,-0.003071919
4.1044e-008,-0.003071919
4.1444e-008,-0.0007190399
4.1844e-008,0.0006926876
4.2244e-008,-0.002130767
4.2644e-008,-0.001189616
4.3044e-008,-0.001189616
4.3444e-008,-0.003071919
4.3844e-008,-0.001660192
4.4244e-008,-0.004954222
4.4644e-008,-0.005424798
4.5044e-008,-0.003542495
4.5444e-008,-0.004013071
4.5844e-008,-0.004013071
4.6244e-008,0.0002221118
4.6644e-008,-0.004954222
4.7044e-008,-0.003071919
4.7444e-008,-0.0007190399
4.7844e-008,-0.002601343
4.8244e-008,-0.002130767
4.8644e-008,-0.003542495
4.9044e-008,0.0006926876
4.9444e-008,-0.004954222
4.9844e-008,-0.001189616
5.0244e-008,-0.003071919
5.0644e-008,-0.003071919
5.1044e-008,-0.002601343
5.1444e-008,0.001163263
5.1844e-008,-0.004954222
5.2244e-008,-0.005895374
5.2644e-008,-0.003071919
5.3044e-008,-0.004483647
5.3444e-008,-0.002130767
5.3844e-008,-0.004483647
5.4244e-008,0.0002221118
5.4644e-008,-0.004954222
5.5044e-008,-0.002130767
5.5444e-008,-0.004013071
5.5844e-008,-0.002130767
5.6244e-008,-0.003542495
5.6644e-008,-0.005424798
5.7044e-008,-0.002130767
5.7444e-008,-0.002601343
5.7844e-008,-0.003542495
5.8244e-008,-0.000248464
5.8644e-008,-0.002130767
5.9044e-008,0.001633839
5.9444e-008,-0.004013071
5.9844e-008,-0.002130767
6.0244e-008,-0.002130767
6.0644e-008,-0.0007190399
6.1044e-008,0.001163263
6.1444e-008,-0.002130767
6.1844e-008,-0.0007190399
6.2244e-008,-0.001660192
6.2644e-008,-0.003542495
6.3044e-008,-0.001189616
6.3444e-008,-0.003071919
6.3844e-008,-0.001660192
6.4244e-008,-0.003542495
6.4644e-008,0.0002221118
6.5044e-008,-0.002601343
6.5444e-008,-0.00636595
6.5844e-008,-0.004483647
6.6244e-008,-0.005424798
6.6644e-008,-0.001189616
6.7044e-008,-0.004483647
6.7444e-008,-0.003071919
6.7844e-008,-0.003071919
6.8244e-008,-0.002601343
6.8644e-008,-0.0007190399
6.9044e-008,-0.004013071
6.9444e-008,-0.004483647
6.9844e-008,-0.003071919
7.0244e-008,-0.003542495
7.0644e-008,-0.005424798
7.1044e-008,-0.001189616
7.1444e-008,-0.003542495
7.1844e-008,-0.000248464
7.2244e-008,-0.002601343
7.2644e-008,-0.003071919
7.3044e-008,-0.002130767
7.3444e-008,-0.004013071
7.3844e-008,-0.001189616
7.4244e-008,-0.003071919
7.4644e-008,-0.002601343
7.5044e-008,-0.001660192
7.5444e-008,-0.004483647
7.5844e-008,-0.001189616
7.6244e-008,-0.0007190399
7.6644e-008,-0.001660192
7.7044e-008,-0.003542495
7.7444e-008,-0.004954222
7.7844e-008,-0.004483647
7.8244e-008,-0.002601343
7.8644e-008,-0.002601343
7.9044e-008,-0.003071919
7.9444e-008,-0.004483647
7.9844e-008,-0.0007190399
8.0244e-008,-0.004483647
8.0644e-008,-0.002130767
8.1044e-008,-0.001660192
8.1444e-008,-0.001189616
8.1844e-008,-0.001189616
8.2244e-008,-0.003542495
8.2644e-008,-0.004483647
8.3044e-008,-0.004013071
8.3444e-008,-0.001660192
8.3844e-008,-0.002130767
8.4244e-008,0.0002221118
8.4644e-008,0.001633839
8.5044e-008,-0.002601343
8.5444e-008,-0.001660192
8.5844e-008,-0.002130767
8.6244e-008,-0.001189616
8.6644e-008,-0.003542495
8.7044e-008,-0.003071919
8.7444e-008,-0.001660192
8.7844e-008,-0.003542495
8.8244e-008,-0.001189616
8.8644e-008,-0.000248464
8.9044e-008,0.001163263
8.9444e-008,-0.004954222
8.9844e-008,-0.001189616
9.0244e-008,-0.002601343
9.0644e-008,-0.001660192
9.1044e-008,-0.003071919
9.1444e-008,-0.001660192
9.1844e-008,-0.005424798
9.2244e-008,-0.005424798
9.2644e-008,-0.0007190399
9.3044e-008,0.0002221118
9.3444e-008,-0.003071919
9.3844e-008,-0.001189616
9.4244e-008,-0.002601343
9.4644e-008,-0.004013071
9.5044e-008,-0.003071919
9.5444e-008,-0.000248464
9.5844e-008,-0.001660192
9.6244e-008,-0.003542495
9.6644e-008,-0.004013071
9.7044e-008,-0.001660192
9.7444e-008,0.0002221118
9.7844e-008,-0.002601343
9.8244e-008,-0.001660192
9.8644e-008,-0.004013071
9.9044e-008,-0.000248464
9.9444e-008,-0.001189616
9.9844e-008,-0.003071919
1.00244e-007,-0.002601343
1.00644e-007,-0.002601343
1.01044e-007,-0.003542495
1.01444e-007,-0.002130767
1.01844e-007,-0.004483647
1.02244e-007,-0.0007190399
1.02644e-007,-0.002601343
1.03044e-007,-0.001660192
1.03444e-007,-0.004013071
1.03844e-007,-0.001189616
1.04244e-007,-0.001189616
1.04644e-007,0.002104415
1.05044e-007,-0.005895374
1.05444e-007,0.0006926876
1.05844e-007,-0.006836526
1.06244e-007,-0.000248464
1.06644e-007,-0.003071919
1.07044e-007,-0.004013071
1.07444e-007,-0.002130767
1.07844e-007,-0.006836526
1.08244e-007,0.001633839
1.08644e-007,-0.005424798
1.09044e-007,-0.005424798
1.09444e-007,-0.004483647
1.09844e-007,-0.002130767
1.10244e-007,-0.001189616
1.10644e-007,-0.004483647
1.11044e-007,-0.001660192
1.11444e-007,-0.003071919
1.11844e-007,-0.003071919
1.12244e-007,-0.003542495
1.12644e-007,-0.000248464
1.13044e-007,-0.002601343
1.13444e-007,-0.001660192
1.13844e-007,-0.004013071
1.14244e-007,-0.001189616
1.14644e-007,-0.001660192
1.15044e-007,-0.003542495
1.15444e-007,-0.001189616
1.15844e-007,-0.001660192
1.16244e-007,-0.002601343
1.16644e-007,-0.003542495
1.17044e-007,-0.004483647
1.17444e-007,-0.005424798
1.17844e-007,-0.003071919
1.18244e-007,-0.001660192
1.18644e-007,0.001633839
1.19044e-007,-0.001189616
1.19444e-007,-0.001189616
1.19844e-007,-0.002130767
1.20244e-007,-0.003071919
1.20644e-007,-0.002601343
1.21044e-007,-0.003071919
1.21444e-007,-0.004954222
1.21844e-007,-0.004954222
1.22244e-007,0.001163263
1.22644e-007,-0.004483647
1.23044e-007,-0.001189616
1.23444e-007,-0.002601343
1.23844e-007,-0.002601343
1.24244e-007,-0.004013071
1.24644e-007,-0.000248464
1.25044e-007,-0.00636595
1.25444e-007,-0.000248464
1.25844e-007,-0.000248464
1.26244e-007,-0.003071919
1.26644e-007,-0.002130767
1.27044e-007,-0.002601343
1.27444e-007,-0.0007190399
1.27844e-007,-0.002130767
1.28244e-007,0.001633839
1.28644e-007,-0.003542495
1.29044e-007,-0.004013071
1.29444e-007,-0.002601343
1.29844e-007,-0.000248464
1.30244e-007,-0.002130767
1.30644e-007,-0.003071919
1.31044e-007,0.0002221118
1.31444e-007,-0.003542495
1.31844e-007,-0.000248464
1.32244e-007,-0.001660192
1.32644e-007,-0.000248464
1.33044e-007,-0.004483647
1.33444e-007,-0.003542495
1.33844e-007,-0.003071919
1.34244e-007,-0.003071919
1.34644e-007,-0.003542495
1.35044e-007,-0.004483647
1.35444e-007,0.0002221118
1.35844e-007,-0.001660192
1.36244e-007,-0.0007190399
1.36644e-007,-0.005895374
1.37044e-007,0.0002221118
1.37444e-007,-0.004483647
1.37844e-007,-0.000248464
1.38244e-007,-0.004483647
1.38644e-007,-0.002601343
1.39044e-007,-0.002601343
1.39444e-007,-0.004954222
1.39844e-007,-0.001189616
1.40244e-007,-0.001660192
1.40644e-007,-0.003542495
1.41044e-007,-0.001660192
1.41444e-007,-0.001660192
1.41844e-007,-0.001660192
1.42244e-007,-0.004013071
1.42644e-007,-0.004483647
1.43044e-007,-0.00636595
1.43444e-007,-0.004483647
1.43844e-007,-0.0007190399
1.44244e-007,-0.001189616
1.44644e-007,-0.003542495
1.45044e-007,-0.002601343
1.45444e-007,-0.004954222
1.45844e-007,-0.002130767
1.46244e-007,-0.003071919
1.46644e-007,-0.000248464
1.47044e-007,-0.005895374
1.47444e-007,-0.000248464
1.47844e-007,-0.001189616
1.48244e-007,-0.003071919
1.48644e-007,0.002574991
1.49044e-007,-0.004483647
1.49444e-007,-0.00636595
1.49844e-007,-0.002130767
1.50244e-007,-0.000248464
1.50644e-007,-0.003071919
1.51044e-007,-0.0007190399
1.51444e-007,-0.002601343
1.51844e-007,-0.005424798
1.52244e-007,-0.002130767
1.52644e-007,-0.004013071
1.53044e-007,-0.002601343
1.53444e-007,-0.001660192
1.53844e-007,-0.002601343
1.54244e-007,-0.003071919
1.54644e-007,-0.004954222
1.55044e-007,-0.001660192
1.55444e-007,-0.001660192
1.55844e-007,0.001633839
1.56244e-007,-0.004954222
1.56644e-007,0.001163263
1.57044e-007,-0.005424798
1.57444e-007,0.0002221118
1.57844e-007,-0.001660192
1.58244e-007,-0.001189616
1.58644e-007,0.0002221118
1.59044e-007,-0.0007190399
1.59444e-007,-0.002601343
1.59844e-007,0.0006926876
1.60244e-007,-0.001660192
1.60644e-007,-0.004483647
1.61044e-007,-0.003542495
1.61444e-007,-0.002130767
1.61844e-007,-0.002601343
1.62244e-007,-0.003542495
1.62644e-007,0.0002221118
1.63044e-007,-0.002130767
1.63444e-007,-0.003542495
1.63844e-007,-0.001189616
1.64244e-007,0.0002221118
1.64644e-007,-0.002601343
1.65044e-007,-0.002130767
1.65444e-007,0.0006926876
1.65844e-007,-0.001660192
1.66244e-007,-0.006836526
1.66644e-007,-0.003071919
1.67044e-007,-0.004013071
1.67444e-007,-0.001660192
1.67844e-007,-0.001189616
1.68244e-007,-0.0007190399
1.68644e-007,-0.004013071
1.69044e-007,-0.006836526
1.69444e-007,-0.001660192
1.69844e-007,-0.003071919
1.70244e-007,-0.001660192
1.70644e-007,-0.004483647
1.71044e-007,-0.003071919
1.71444e-007,-0.004483647
1.71844e-007,-0.0007190399
1.72244e-007,-0.002130767
1.72644e-007,-0.000248464
1.73044e-007,-0.003542495
1.73444e-007,-0.002601343
1.73844e-007,-0.0007190399
1.74244e-007,-0.000248464
1.74644e-007,-0.002601343
1.75044e-007,-0.003071919
1.75444e-007,-0.0007190399
1.75844e-007,-0.005424798
1.76244e-007,-0.003071919
1.76644e-007,-0.003071919
1.77044e-007,-0.003542495
1.77444e-007,-0.001660192
1.77844e-007,-0.004483647
1.78244e-007,0.0002221118
1.78644e-007,-0.002130767
1.79044e-007,-0.002601343
1.79444e-007,-0.000248464
1.79844e-007,-0.001660192
1.80244e-007,-0.004483647
1.80644e-007,-0.001660192
1.81044e-007,-0.003071919
1.81444e-007,-0.002130767
1.81844e-007,-0.000248464
1.82244e-007,0.001163263
1.82644e-007,-0.002130767
1.83044e-007,-0.002130767
1.83444e-007,-0.004013071
1.83844e-007,-0.004013071
1.84244e-007,-0.002601343
1.84644e-007,-0.002601343
1.85044e-007,-0.0007190399
1.85444e-007,-0.004954222
1.85844e-007,-0.003071919
1.86244e-007,-0.004013071
1.86644e-007,-0.001189616
1.87044e-007,-0.005895374
1.87444e-007,0.001633839
1.87844e-007,-0.004954222
1.88244e-007,0.0002221118
1.88644e-007,-0.003071919
1.89044e-007,0.001163263
1.89444e-007,-0.002601343
1.89844e-007,-0.0007190399
1.90244e-007,-0.002601343
1.90644e-007,-0.002130767
1.91044e-007,-0.000248464
1.91444e-007,-0.0007190399
1.91844e-007,-0.002130767
1.92244e-007,-0.000248464
1.92644e-007,-0.002601343
1.93044e-007,-0.001660192
1.93444e-007,-0.001660192
1.93844e-007,0.0006926876
1.94244e-007,-0.005424798
1.94644e-007,-0.003071919
1.95044e-007,-0.002601343
1.95444e-007,0.0002221118
1.95844e-007,-0.003071919
1.96244e-007,-0.002601343
1.96644e-007,-0.004954222
1.97044e-007,-0.004013071
1.97444e-007,-0.002601343
1.97844e-007,-0.004954222
1.98244e-007,-0.002601343
1.98644e-007,-0.001189616
1.99044e-007,-0.001660192
1.99444e-007,-0.002130767
1.99844e-007,-0.001660192
2.00244e-007,-0.004483647
2.00644e-007,-0.001660192
2.01044e-007,-0.002130767
2.01444e-007,-0.000248464
2.01844e-007,-0.005424798
2.02244e-007,-0.001189616
2.02644e-007,-0.004013071
2.03044e-007,-0.001660192
2.03444e-007,-0.001189616
2.03844e-007,-0.002601343
2.04244e-007,-0.0007190399
2.04644e-007,-0.001660192
2.05044e-007,-0.001189616
2.05444e-007,-0.004954222
2.05844e-007,0.0002221118
2.06244e-007,-0.003542495
2.06644e-007,-0.003071919
2.07044e-007,-0.000248464
2.07444e-007,-0.001660192
2.07844e-007,-0.002130767
2.08244e-007,-0.003542495
2.08644e-007,-0.000248464
2.09044e-007,-0.001660192
2.09444e-007,-0.001189616
2.09844e-007,-0.002601343
2.10244e-007,-0.003071919
2.10644e-007,-0.004013071
2.11044e-007,-0.003071919
2.11444e-007,-0.005424798
2.11844e-007,-0.001189616
2.12244e-007,-0.002130767
2.12644e-007,-0.003071919
2.13044e-007,-0.003071919
2.13444e-007,-0.002130767
2.13844e-007,-0.002601343
2.14244e-007,-0.003071919
2.14644e-007,-0.001189616
2.15044e-007,-0.001189616
2.15444e-007,-0.001660192
2.15844e-007,-0.000248464
2.16244e-007,-0.0007190399
2.16644e-007,-0.002601343
2.17044e-007,-0.001660192
2.17444e-007,-0.001660192
2.17844e-007,-0.000248464
2.18244e-007,-0.002601343
2.18644e-007,-0.003071919
2.19044e-007,-0.004483647
2.19444e-007,-0.000248464
2.19844e-007,-0.004013071
2.20244e-007,-0.005424798
2.20644e-007,-0.002601343
2.21044e-007,-0.003071919
2.21444e-007,-0.001189616
2.21844e-007,-0.001189616
2.22244e-007,-0.004013071
2.22644e-007,-0.002601343
2.23044e-007,-0.002601343
2.23444e-007,-0.002130767
2.23844e-007,-0.002130767
2.24244e-007,-0.003542495
2.24644e-007,-0.002601343
2.25044e-007,-0.005424798
2.25444e-007,0.0006926876
2.25844e-007,-0.004954222
2.26244e-007,0.0002221118
2.26644e-007,-0.004013071
2.27044e-007,-0.002601343
2.27444e-007,-0.004013071
2.27844e-007,-0.002601343
2.28244e-007,-0.004013071
2.28644e-007,-0.002601343
2.29044e-007,-0.001189616
2.29444e-007,-0.00636595
2.29844e-007,-0.002130767
2.30244e-007,-0.004483647
2.30644e-007,0.0002221118
2.31044e-007,-0.007777677
2.31444e-007,-0.0007190399
2.31844e-007,-0.003071919
2.32244e-007,-0.003071919
2.32644e-007,-0.0007190399
2.33044e-007,-0.003542495
2.33444e-007,-0.001189616
2.33844e-007,-0.005424798
2.34244e-007,0.0002221118
2.34644e-007,-0.001189616
2.35044e-007,-0.003542495
2.35444e-007,-0.003542495
2.35844e-007,-0.003071919
2.36244e-007,-0.002130767
2.36644e-007,-0.001660192
2.37044e-007,-0.002601343
2.37444e-007,-0.003542495
2.37844e-007,-0.003542495
2.38244e-007,-0.002130767
2.38644e-007,-0.002130767
2.39044e-007,-0.003542495
2.39444e-007,-0.003071919
2.39844e-007,-0.004483647
2.40244e-007,0.0002221118
2.40644e-007,-0.003071919
2.41044e-007,-0.003071919
2.41444e-007,0.0006926876
2.41844e-007,-0.0007190399
2.42244e-007,-0.000248464
2.42644e-007,-0.003071919
2.43044e-007,-0.003542495
2.43444e-007,-0.002130767
2.43844e-007,-0.002601343
2.44244e-007,-0.002130767
2.44644e-007,-0.005424798
2.45044e-007,-0.004013071
2.45444e-007,-0.003071919
2.45844e-007,-0.003071919
2.46244e-007,-0.002601343
2.46644e-007,-0.003071919
2.47044e-007,-0.004954222
2.47444e-007,-0.002601343
2.47844e-007,-0.003071919
2.48244e-007,-0.002130767
2.48644e-007,-0.003071919
2.49044e-007,-0.004013071
2.49444e-007,-0.005895374
2.49844e-007,-0.002601343
2.50244e-007,-0.005895374
2.50644e-007,-0.003542495
2.51044e-007,-0.003071919
2.51444e-007,-0.000248464
2.51844e-007,-0.002601343
2.52244e-007,-0.004013071
2.52644e-007,-0.002601343
2.53044e-007,-0.001189616
2.53444e-007,-0.001189616
2.53844e-007,-0.001189616
2.54244e-007,-0.003071919
2.54644e-007,-0.001189616
2.55044e-007,-0.003071919
2.55444e-007,-0.003071919
2.55844e-007,-0.002601343
2.56244e-007,-0.001660192
2.56644e-007,-0.003071919
2.57044e-007,-0.0007190399
2.57444e-007,-0.003071919
2.57844e-007,-0.003071919
2.58244e-007,-0.002130767
2.58644e-007,-0.001660192
2.59044e-007,-0.002601343
2.59444e-007,-0.003542495
2.59844e-007,-0.002601343
2.60244e-007,-0.000248464
2.60644e-007,-0.004954222
2.61044e-007,-0.001660192
2.61444e-007,-0.003071919
2.61844e-007,-0.004013071
2.62244e-007,-0.005424798
2.62644e-007,-0.001189616
2.63044e-007,-0.004483647
2.63444e-007,-0.003542495
2.63844e-007,-0.003071919
2.64244e-007,-0.005424798
2.64644e-007,-0.001660192
2.65044e-007,-0.000248464
2.65444e-007,-0.002130767
2.65844e-007,-0.001189616
2.66244e-007,-0.001189616
2.66644e-007,0.0002221118
2.67044e-007,-0.001660192
2.67444e-007,0.001163263
2.67844e-007,0.0006926876
2.68244e-007,-0.004954222
2.68644e-007,-0.002130767
2.69044e-007,0.0006926876
2.69444e-007,-0.004013071
2.69844e-007,-0.004013071
2.70244e-007,-0.002130767
2.70644e-007,-0.001189616
2.71044e-007,-0.003071919
2.71444e-007,-0.002130767
2.71844e-007,-0.002130767
2.72244e-007,-0.001660192
2.72644e-007,-0.004013071
2.73044e-007,-0.001660192
2.73444e-007,-0.004013071
2.73844e-007,-0.002130767
2.74244e-007,-0.001660192
2.74644e-007,-0.002601343
2.75044e-007,-0.003542495
2.75444e-007,-0.001189616
2.75844e-007,-0.003542495
2.76244e-007,-0.004013071
2.76644e-007,0.001633839
2.77044e-007,-0.004483647
2.77444e-007,-0.001660192
2.77844e-007,-0.004013071
2.78244e-007,-0.003542495
2.78644e-007,-0.001189616
2.79044e-007,-0.003542495
2.79444e-007,-0.001189616
2.79844e-007,-0.002601343
2.80244e-007,-0.003542495
2.80644e-007,-0.0007190399
2.81044e-007,-0.004483647
2.81444e-007,-0.002130767
2.81844e-007,0.001633839
2.82244e-007,-0.002601343
2.82644e-007,0.0006926876
2.83044e-007,-0.001660192
2.83444e-007,-0.003071919
2.83844e-007,-0.003071919
2.84244e-007,-0.003071919
2.84644e-007,-0.004483647
2.85044e-007,-0.001660192
2.85444e-007,-0.000248464
2.85844e-007,-0.001660192
2.86244e-007,0.0002221118
2.86644e-007,-0.003542495
2.87044e-007,-0.003542495
2.87444e-007,-0.003071919
2.87844e-007,-0.001660192
2.88244e-007,-0.002601343
2.88644e-007,-0.003071919
2.89044e-007,-0.002130767
2.89444e-007,-0.003542495
2.89844e-007,-0.002130767
2.90244e-007,-0.001660192
2.90644e-007,-0.001189616
2.91044e-007,-0.002130767
2.91444e-007,-0.002130767
2.91844e-007,-0.001189616
2.92244e-007,0.0002221118
2.92644e-007,-0.001660192
2.93044e-007,-0.002130767
2.93444e-007,0.0006926876
2.93844e-007,-0.004013071
2.94244e-007,-0.001189616
2.94644e-007,0.0002221118
2.95044e-007,-0.002130767
2.95444e-007,-0.001189616
2.95844e-007,-0.004013071
2.96244e-007,-0.001189616
2.96644e-007,-0.004013071
2.97044e-007,-0.004483647
2.97444e-007,-0.002130767
2.97844e-007,0.0002221118
2.98244e-007,-0.001660192
2.98644e-007,-0.000248464
2.99044e-007,-0.0007190399
2.99444e-007,-0.0007190399
2.99844e-007,-0.002601343
3.00244e-007,-0.004013071
3.00644e-007,-0.003071919
3.01044e-007,-0.002130767
3.01444e-007,-0.003542495
3.01844e-007,-0.004013071
3.02244e-007,0.0002221118
3.02644e-007,-0.002130767
3.03044e-007,-0.001660192
3.03444e-007,-0.002130767
3.03844e-007,-0.001189616
3.04244e-007,-0.003071919
3.04644e-007,-0.001189616
3.05044e-007,-0.001660192
3.05444e-007,-0.003542495
3.05844e-007,-0.004483647
3.06244e-007,-0.004954222
3.06644e-007,-0.003071919
3.07044e-007,-0.004483647
3.07444e-007,-0.001660192
3.07844e-007,-0.001189616
3.08244e-007,-0.004483647
3.08644e-007,-0.003071919
3.09044e-007,-0.003071919
3.09444e-007,-0.002130767
3.09844e-007,0.0002221118
3.10244e-007,-0.0007190399
3.10644e-007,-0.001660192
3.11044e-007,-0.002130767
3.11444e-007,-0.001660192
3.11844e-007,-0.004013071
3.12244e-007,-0.003542495
3.12644e-007,-0.003542495
3.13044e-007,-0.0007190399
3.13444e-007,0.0006926876
3.13844e-007,-0.002601343
3.14244e-007,-0.002130767
3.14644e-007,-0.001189616
3.15044e-007,-0.002601343
3.15444e-007,-0.001189616
3.15844e-007,-0.004483647
3.16244e-007,-0.003071919
3.16644e-007,-0.0007190399
3.17044e-007,0.001163263
3.17444e-007,-0.000248464
3.17844e-007,-0.001660192
3.18244e-007,-0.002601343
3.18644e-007,-0.004954222
3.19044e-007,-0.000248464
3.19444e-007,-0.000248464
3.19844e-007,-0.002130767
3.20244e-007,-0.002130767
3.20644e-007,-0.004954222
3.21044e-007,-0.004013071
3.21444e-007,-0.004013071
3.21844e-007,-0.002130767
3.22244e-007,-0.004483647
3.22644e-007,-0.004483647
3.23044e-007,-0.003071919
3.23444e-007,-0.002130767
3.23844e-007,-0.0007190399
3.24244e-007,-0.004954222
3.24644e-007,-0.004013071
3.25044e-007,-0.004954222
3.25444e-007,-0.001660192
3.25844e-007,-0.003071919
3.26244e-007,-0.003071919
3.26644e-007,-0.004483647
3.27044e-007,-0.002601343
3.27444e-007,-0.004013071
3.27844e-007,0.0006926876
3.28244e-007,-0.004954222
3.28644e-007,-0.003071919
3.29044e-007,-0.004954222
3.29444e-007,-0.002601343
3.29844e-007,-0.004013071
3.30244e-007,-0.003071919
3.30644e-007,-0.002601343
3.31044e-007,-0.002130767
3.31444e-007,-0.004483647
3.31844e-007,-0.003071919
3.32244e-007,-0.00636595
3.32644e-007,0.0006926876
3.33044e-007,-0.000248464
3.33444e-007,0.0002221118
3.33844e-007,-0.004483647
3.34244e-007,-0.002601343
3.34644e-007,0.002104415
3.35044e-007,-0.002601343
3.35444e-007,-0.003542495
3.35844e-007,0.001163263
3.36244e-007,-0.000248464
3.36644e-007,-0.002130767
3.37044e-007,-0.000248464
3.37444e-007,-0.002601343
3.37844e-007,-0.002601343
3.38244e-007,-0.002601343
3.38644e-007,-0.001660192
3.39044e-007,-0.003071919
3.39444e-007,-0.004013071
3.39844e-007,-0.003071919
3.40244e-007,0.001163263
3.40644e-007,-0.0007190399
3.41044e-007,-0.001660192
3.41444e-007,0.0006926876
3.41844e-007,-0.002130767
3.42244e-007,0.0002221118
3.42644e-007,-0.001189616
3.43044e-007,0.002104415
3.43444e-007,-0.002601343
3.43844e-007,-0.001660192
3.44244e-007,-0.001189616
3.44644e-007,-0.002130767
3.45044e-007,0.001163263
3.45444e-007,-0.002130767
3.45844e-007,0.0002221118
3.46244e-007,-0.004013071
3.46644e-007,-0.002130767
3.47044e-007,-0.003071919
3.47444e-007,-0.002130767
3.47844e-007,-0.003071919
3.48244e-007,-0.003071919
3.48644e-007,-0.0007190399
3.49044e-007,-0.002601343
3.49444e-007,-0.004954222
3.49844e-007,-0.002601343
3.50244e-007,-0.004013071
3.50644e-007,-0.003071919
3.51044e-007,-0.003071919
3.51444e-007,-0.00636595
3.51844e-007,-0.002601343
3.52244e-007,-0.003542495
3.52644e-007,-0.002601343
3.53044e-007,-0.002130767
3.53444e-007,-0.0007190399
3.53844e-007,-0.003071919
3.54244e-007,-0.003071919
3.54644e-007,-0.004954222
3.55044e-007,-0.003542495
3.55444e-007,-0.003071919
3.55844e-007,0.0006926876
3.56244e-007,-0.002601343
3.56644e-007,-0.000248464
3.57044e-007,-0.002601343
3.57444e-007,-0.003071919
3.57844e-007,-0.004013071
3.58244e-007,-0.002601343
3.58644e-007,0.0006926876
3.59044e-007,-0.001189616
3.59444e-007,-0.002130767
3.59844e-007,-0.002601343
3.60244e-007,-0.002601343
3.60644e-007,-0.002601343
3.61044e-007,-0.000248464
3.61444e-007,-0.002601343
3.61844e-007,-0.003071919
3.62244e-007,-0.002130767
3.62644e-007,-0.001660192
3.63044e-007,-0.002601343
3.63444e-007,-0.003542495
3.63844e-007,-0.005424798
3.64244e-007,-0.002130767
3.64644e-007,-0.004013071
3.65044e-007,-0.001189616
3.65444e-007,-0.000248464
3.65844e-007,-0.002130767
3.66244e-007,-0.001660192
3.66644e-007,-0.003071919
3.67044e-007,-0.002601343
3.67444e-007,-0.003071919
3.67844e-007,-0.003071919
3.68244e-007,-0.003542495
3.68644e-007,-0.002601343
3.69044e-007,-0.002601343
3.69444e-007,-0.001189616
3.69844e-007,-0.004013071
3.70244e-007,-0.002130767
3.70644e-007,-0.001660192
3.71044e-007,-0.004954222
3.71444e-007,-0.001189616
3.71844e-007,-0.007307102
3.72244e-007,-0.002601343
3.72644e-007,-0.002130767
3.73044e-007,-0.005895374
3.73444e-007,-0.00636595
3.73844e-007,-0.006836526
3.74244e-007,-0.003071919
3.74644e-007,-0.00636595
3.75044e-007,-0.003071919
3.75444e-007,-0.00636595
3.75844e-007,0.0002221118
3.76244e-007,-0.007307102
3.76644e-007,0.0006926876
3.77044e-007,-0.004483647
3.77444e-007,-0.002601343
3.77844e-007,-0.003542495
3.78244e-007,-0.004013071
3.78644e-007,-0.000248464
3.79044e-007,-0.002130767
3.79444e-007,-0.005424798
3.79844e-007,-0.004954222
3.80244e-007,-0.004013071
3.80644e-007,-0.008718829
3.81044e-007,-0.002130767
3.81444e-007,-0.00636595
3.81844e-007,-0.002601343
3.82244e-007,-0.004483647
3.82644e-007,-0.002601343
3.83044e-007,-0.000248464
3.83444e-007,-0.000248464
3.83844e-007,-0.002130767
3.84244e-007,-0.002601343
3.84644e-007,-0.001189616
3.85044e-007,-0.0007190399
3.85444e-007,-0.001189616
3.85844e-007,-0.000248464
3.86244e-007,-0.000248464
3.86644e-007,-0.003542495
3.87044e-007,-0.001660192
3.87444e-007,-0.003542495
3.87844e-007,-0.002130767
3.88244e-007,0.0006926876
3.88644e-007,-0.004013071
3.89044e-007,-0.003542495
3.89444e-007,-0.002601343
3.89844e-007,-0.004013071
3.90244e-007,-0.001660192
3.90644e-007,-0.003542495
3.91044e-007,-0.002130767
3.91444e-007,-0.001189616
3.91844e-007,-0.001189616
3.92244e-007,0.0006926876
3.92644e-007,-0.002601343
3.93044e-007,-0.002130767
3.93444e-007,-0.003071919
3.93844e-007,-0.003542495
3.94244e-007,0.001163263
3.94644e-007,-0.005424798
3.95044e-007,0.001163263
3.95444e-007,-0.004013071
3.95844e-007,-0.001189616
3.96244e-007,-0.004483647
3.96644e-007,-0.0007190399
3.97044e-007,-0.000248464
3.97444e-007,-0.004954222
3.97844e-007,-0.004013071
3.98244e-007,-0.005895374
3.98644e-007,-0.001189616
3.99044e-007,-0.003071919
3.99444e-007,-0.005424798
3.99844e-007,-0.004954222
4.00244e-007,0.0006926876
4.00644e-007,-0.005895374
4.01044e-007,-0.003542495
4.01444e-007,-0.001189616
4.01844e-007,-0.004013071
4.02244e-007,-0.001660192
4.02644e-007,-0.002130767
4.03044e-007,-0.001189616
4.03444e-007,-0.003542495
4.03844e-007,-0.001189616
4.04244e-007,-0.005424798
4.04644e-007,-0.002130767
4.05044e-007,-0.004954222
4.05444e-007,-0.003071919
4.05844e-007,-0.004013071
4.06244e-007,-0.003542495
4.06644e-007,-0.000248464
4.07044e-007,-0.000248464
4.07444e-007,-0.002601343
4.07844e-007,-0.002601343
4.08244e-007,-0.004954222
4.08644e-007,-0.002130767
4.09044e-007,-0.002130767
4.09444e-007,-0.001660192
4.09844e-007,0.001163263
4.10244e-007,-0.003071919
4.10644e-007,-0.001189616
4.11044e-007,-0.003542495
4.11444e-007,0.001633839
4.11844e-007,-0.003071919
4.12244e-007,-0.003071919
4.12644e-007,-0.004013071
4.13044e-007,-0.002130767
4.13444e-007,-0.000248464
4.13844e-007,-0.000248464
4.14244e-007,0.0006926876
4.14644e-007,-0.002130767
4.15044e-007,-0.003071919
4.15444e-007,-0.004483647
4.15844e-007,-0.003071919
4.16244e-007,-0.002601343
4.16644e-007,-0.001189616
4.17044e-007,-0.001189616
4.17444e-007,-0.002601343
4.17844e-007,0.0002221118
4.18244e-007,-0.002601343
4.18644e-007,-0.003071919
4.19044e-007,-0.002130767
4.19444e-007,-0.003542495
4.19844e-007,-0.001660192
4.20244e-007,-0.003542495
4.20644e-007,-0.002601343
4.21044e-007,-0.001189616
4.21444e-007,-0.004013071
4.21844e-007,-0.004954222
4.22244e-007,-0.001189616
4.22644e-007,-0.001189616
4.23044e-007,-0.002601343
4.23444e-007,0.0002221118
4.23844e-007,-0.001660192
4.24244e-007,-0.004483647
4.24644e-007,-0.003071919
4.25044e-007,-0.007307102
4.25444e-007,-0.001660192
4.25844e-007,-0.003071919
4.26244e-007,-0.003071919
4.26644e-007,-0.004954222
4.27044e-007,-0.002130767
4.27444e-007,-0.003071919
4.27844e-007,0.001163263
4.28244e-007,-0.002130767
4.28644e-007,-0.003071919
4.29044e-007,-0.001189616
4.29444e-007,-0.002601343
4.29844e-007,-0.004483647
4.30244e-007,-0.0007190399
4.30644e-007,-0.002601343
4.31044e-007,-0.003542495
4.31444e-007,0.0002221118
4.31844e-007,-0.005424798
4.32244e-007,-0.002130767
4.32644e-007,-0.003071919
4.33044e-007,-0.001660192
4.33444e-007,-0.003542495
4.33844e-007,-0.002130767
4.34244e-007,-0.003071919
4.34644e-007,-0.004483647
4.35044e-007,-0.002601343
4.35444e-007,-0.001660192
4.35844e-007,-0.003071919
4.36244e-007,-0.003071919
4.36644e-007,-0.004954222
4.37044e-007,-0.001189616
4.37444e-007,-0.002601343
4.37844e-007,-0.0007190399
4.38244e-007,-0.002601343
4.38644e-007,-0.002601343
4.39044e-007,-0.001189616
4.39444e-007,-0.001189616
4.39844e-007,-0.004013071
4.40244e-007,-0.001189616
4.40644e-007,-0.002601343
4.41044e-007,-0.002130767
4.41444e-007,-0.002601343
4.41844e-007,-0.001660192
4.42244e-007,-0.004483647
4.42644e-007,0.0002221118
4.43044e-007,-0.0007190399
4.43444e-007,-0.001660192
4.43844e-007,-0.001660192
4.44244e-007,-0.004013071
4.44644e-007,-0.004483647
4.45044e-007,-0.001189616
4.45444e-007,-0.003071919
4.45844e-007,0.0002221118
4.46244e-007,-0.004483647
4.46644e-007,-0.004954222
4.47044e-007,-0.003542495
4.47444e-007,-0.000248464
4.47844e-007,-0.003542495
4.48244e-007,-0.004013071
4.48644e-007,-0.002601343
4.49044e-007,-0.003071919
4.49444e-007,-0.001189616
4.49844e-007,-0.004483647
4.50244e-007,-0.002130767
4.50644e-007,-0.002130767
4.51044e-007,-0.004954222
4.51444e-007,0.0006926876
4.51844e-007,-0.001660192
4.52244e-007,-0.00636595
4.52644e-007,-0.001189616
4.53044e-007,-0.001189616
4.53444e-007,-0.002601343
4.53844e-007,-0.002130767
4.54244e-007,-0.002601343
4.54644e-007,-0.003542495
4.55044e-007,-0.001189616
4.55444e-007,-0.003071919
4.55844e-007,0.001163263
4.56244e-007,-0.004483647
4.56644e-007,-0.002601343
4.57044e-007,-0.004013071
4.57444e-007,-0.006836526
4.57844e-007,-0.003071919
4.58244e-007,-0.003542495
4.58644e-007,-0.002601343
4.59044e-007,-0.004954222
4.59444e-007,-0.001189616
4.59844e-007,-0.005424798
4.60244e-007,-0.0007190399
4.60644e-007,-0.001189616
4.61044e-007,-0.001660192
4.61444e-007,-0.002601343
4.61844e-007,-0.001189616
4.62244e-007,-0.002601343
4.62644e-007,-0.003071919
4.63044e-007,-0.0007190399
4.63444e-007,-0.005895374
4.63844e-007,-0.0007190399
4.64244e-007,-0.001189616
4.64644e-007,-0.000248464
4.65044e-007,-0.001660192
4.65444e-007,-0.004013071
4.65844e-007,-0.002130767
4.66244e-007,-0.003071919
4.66644e-007,-0.003071919
4.67044e-007,0.0006926876
4.67444e-007,-0.005424798
4.67844e-007,-0.001660192
4.68244e-007,-0.003542495
4.68644e-007,-0.003542495
4.69044e-007,-0.0007190399
4.69444e-007,-0.003542495
4.69844e-007,-0.003071919
4.70244e-007,-0.002130767
4.70644e-007,-0.004483647
4.71044e-007,-0.004483647
4.71444e-007,-0.002601343
4.71844e-007,-0.004954222
4.72244e-007,-0.002130767
4.72644e-007,-0.001189616
4.73044e-007,-0.001660192
4.73444e-007,0.0002221118
4.73844e-007,-0.004954222
4.74244e-007,-0.001660192
4.74644e-007,-0.005895374
4.75044e-007,-0.003071919
4.75444e-007,0.001633839
4.75844e-007,-0.00636595
4.76244e-007,-0.003071919
4.76644e-007,-0.0007190399
4.77044e-007,-0.005895374
4.77444e-007,-0.001660192
4.77844e-007,-0.003542495
4.78244e-007,-0.002601343
4.78644e-007,-0.004954222
4.79044e-007,-0.000248464
4.79444e-007,-0.004013071
4.79844e-007,-0.002601343
4.80244e-007,-0.002130767
4.80644e-007,-0.004954222
4.81044e-007,-0.003071919
4.81444e-007,-0.004013071
4.81844e-007,-0.003542495
4.82244e-007,0.0002221118
4.82644e-007,-0.004013071
4.83044e-007,-0.001660192
4.83444e-007,-0.003071919
4.83844e-007,-0.003542495
4.84244e-007,-0.001660192
4.84644e-007,-0.005895374
4.85044e-007,-0.001189616
4.85444e-007,-0.003071919
4.85844e-007,-0.0007190399
4.86244e-007,-0.004013071
4.86644e-007,-0.002130767
4.87044e-007,-0.004013071
4.87444e-007,-0.005895374
4.87844e-007,-0.001189616
4.88244e-007,-0.003071919
4.88644e-007,-0.002130767
4.89044e-007,-0.005895374
4.89444e-007,-0.001660192
4.89844e-007,-0.00636595
4.90244e-007,-0.003542495
4.90644e-007,-0.001660192
4.91044e-007,-0.003071919
4.91444e-007,-0.006836526
4.91844e-007,-0.001189616
4.92244e-007,-0.004483647
4.92644e-007,-0.003542495
4.93044e-007,-0.001189616
4.93444e-007,-0.004483647
4.93844e-007,-0.001189616
4.94244e-007,-0.002130767
4.94644e-007,-0.0007190399
4.95044e-007,-0.002601343
4.95444e-007,-0.005424798
4.95844e-007,0.001633839
4.96244e-007,-0.003542495
4.96644e-007,-0.004483647
4.97044e-007,-0.001660192
4.97444e-007,-0.004954222
4.97844e-007,-0.001189616
4.98244e-007,-0.001189616
4.98644e-007,-0.001660192
4.99044e-007,-0.003542495
4.99444e-007,-0.004483647
4.99844e-007,-0.002601343
5.00244e-007,-0.004013071
5.00644e-007,-0.004013071
5.01044e-007,-0.005895374
5.01444e-007,-0.003542495
5.01844e-007,-0.003071919
5.02244e-007,-0.003071919
5.02644e-007,-0.001189616
5.03044e-007,-0.003071919
5.03444e-007,-0.001660192
5.03844e-007,-0.002130767
5.04244e-007,-0.004954222
5.04644e-007,-0.0007190399
5.05044e-007,-0.002601343
5.05444e-007,-0.002601343
5.05844e-007,0.0002221118
5.06244e-007,-0.004483647
5.06644e-007,-0.0007190399
5.07044e-007,-0.001189616
5.07444e-007,-0.002601343
5.07844e-007,-0.002601343
5.08244e-007,-0.002130767
5.08644e-007,-0.002601343
5.09044e-007,-0.00636595
5.09444e-007,-0.003071919
5.09844e-007,-0.002601343
5.10244e-007,-0.005895374
5.10644e-007,-0.002601343
5.11044e-007,-0.004013071
5.11444e-007,-0.0007190399
5.11844e-007,-0.002601343
5.12244e-007,0.0002221118
5.12644e-007,-0.000248464
5.13044e-007,-0.0007190399
5.13444e-007,-0.004483647
5.13844e-007,-0.0007190399
5.14244e-007,-0.004483647
5.14644e-007,-0.003542495
5.15044e-007,0.001163263
5.15444e-007,-0.001660192
5.15844e-007,-0.003071919
5.16244e-007,-0.001660192
5.16644e-007,-0.001660192
5.17044e-007,-0.001189616
5.17444e-007,-0.005424798
5.17844e-007,-0.002130767
5.18244e-007,-0.005424798
5.18644e-007,-0.000248464
5.19044e-007,-0.002601343
5.19444e-007,-0.004483647
5.19844e-007,-0.002601343
5.20244e-007,-0.004483647
5.20644e-007,-0.003542495
5.21044e-007,-0.001660192
5.21444e-007,-0.004483647
5.21844e-007,0.001163263
5.22244e-007,-0.004483647
5.22644e-007,-0.003542495
5.23044e-007,-0.001660192
5.23444e-007,-0.001189616
5.23844e-007,0.002104415
5.24244e-007,-0.001660192
5.24644e-007,-0.003071919
5.25044e-007,-0.001660192
5.25444e-007,-0.002130767
5.25844e-007,-0.003542495
5.26244e-007,-0.002130767
5.26644e-007,-0.003071919
5.27044e-007,-0.005424798
5.27444e-007,-0.003071919
5.27844e-007,-0.004954222
5.28244e-007,-0.003071919
5.28644e-007,-0.003542495
5.29044e-007,-0.001189616
5.29444e-007,-0.002601343
5.29844e-007,-0.002130767
5.30244e-007,-0.001660192
5.30644e-007,-0.004483647
5.31044e-007,-0.004954222
5.31444e-007,-0.003071919
5.31844e-007,-0.003542495
5.32244e-007,-0.003542495
5.32644e-007,-0.002130767
5.33044e-007,-0.003071919
5.33444e-007,-0.003542495
5.33844e-007,-0.002130767
5.34244e-007,-0.001189616
5.34644e-007,-0.004013071
5.35044e-007,-0.0007190399
5.35444e-007,-0.003542495
5.35844e-007,-0.000248464
5.36244e-007,-0.003071919
5.36644e-007,-0.003071919
5.37044e-007,-0.000248464
5.37444e-007,-0.001660192
5.37844e-007,0.0002221118
5.38244e-007,-0.003071919
5.38644e-007,-0.004483647
5.39044e-007,-0.003542495
5.39444e-007,-0.003071919
5.39844e-007,-0.005424798
5.40244e-007,-0.002601343
5.40644e-007,-0.004013071
5.41044e-007,-0.004483647
5.41444e-007,-0.002130767
5.41844e-007,-0.000248464
5.42244e-007,-0.002601343
5.42644e-007,-0.001189616
5.43044e-007,-0.004483647
5.43444e-007,-0.0007190399
5.43844e-007,-0.002601343
5.44244e-007,-0.001660192
5.44644e-007,-0.000248464
5.45044e-007,-0.0007190399
5.45444e-007,-0.001189616
5.45844e-007,-0.003542495
5.46244e-007,-0.007307102
5.46644e-007,-0.001189616
5.47044e-007,-0.003071919
5.47444e-007,-0.000248464
5.47844e-007,-0.001660192
5.48244e-007,-0.003071919
5.48644e-007,-0.001660192
5.49044e-007,-0.001189616
5.49444e-007,-0.002601343
5.49844e-007,-0.001660192
5.50244e-007,-0.003071919
5.50644e-007,-0.004483647
5.51044e-007,-0.0007190399
5.51444e-007,-0.004013071
5.51844e-007,-0.003542495
5.52244e-007,-0.004954222
5.52644e-007,-0.004483647
5.53044e-007,-0.002130767
5.53444e-007,-0.002130767
5.53844e-007,0.0006926876
5.54244e-007,-0.003542495
5.54644e-007,-0.001189616
5.55044e-007,-0.002601343
5.55444e-007,-0.004954222
5.55844e-007,-0.001660192
5.56244e-007,-0.002130767
5.56644e-007,-0.003071919
5.57044e-007,-0.004483647
5.57444e-007,-0.002601343
5.57844e-007,-0.003542495
5.58244e-007,-0.0007190399
5.58644e-007,-0.001660192
5.59044e-007,-0.004483647
5.59444e-007,-0.004013071
5.59844e-007,-0.004013071
5.60244e-007,-0.004483647
5.60644e-007,-0.003071919
5.61044e-007,-0.002601343
5.61444e-007,-0.003542495
5.61844e-007,-0.003542495
5.62244e-007,-0.004954222
5.62644e-007,-0.003071919
5.63044e-007,-0.0007190399
5.63444e-007,-0.000248464
5.63844e-007,-0.002601343
5.64244e-007,-0.001189616
5.64644e-007,-0.003071919
5.65044e-007,-0.003071919
5.65444e-007,-0.001660192
5.65844e-007,-0.002601343
5.66244e-007,-0.004013071
5.66644e-007,-0.001660192
5.67044e-007,-0.003542495
5.67444e-007,-0.001660192
5.67844e-007,-0.001189616
5.68244e-007,-0.003542495
5.68644e-007,-0.004483647
5.69044e-007,-0.0007190399
5.69444e-007,-0.004013071
5.69844e-007,-0.001660192
5.70244e-007,-0.001189616
5.70644e-007,-0.0007190399
5.71044e-007,-0.004013071
5.71444e-007,-0.002130767
5.71844e-007,-0.001660192
5.72244e-007,-0.005424798
5.72644e-007,-0.002130767
5.73044e-007,-0.001189616
5.73444e-007,0.001163263
5.73844e-007,-0.003542495
5.74244e-007,-0.000248464
5.74644e-007,-0.002130767
5.75044e-007,-0.001189616
5.75444e-007,-0.001660192
5.75844e-007,-0.003071919
5.76244e-007,-0.000248464
5.76644e-007,-0.001660192
5.77044e-007,-0.001660192
5.77444e-007,-0.001660192
5.77844e-007,-0.001660192
5.78244e-007,-0.003071919
5.78644e-007,-0.001189616
5.79044e-007,-0.003542495
5.79444e-007,-0.003542495
5.79844e-007,-0.001660192
5.80244e-007,-0.001660192
5.80644e-007,-0.002130767
5.81044e-007,-0.003071919
5.81444e-007,-0.003071919
5.81844e-007,-0.004013071
5.82244e-007,-0.003542495
5.82644e-007,0.0002221118
5.83044e-007,-0.005895374
5.83444e-007,-0.000248464
5.83844e-007,-0.003542495
5.84244e-007,-0.004954222
5.84644e-007,-0.003071919
5.85044e-007,-0.004013071
5.85444e-007,-0.005424798
5.85844e-007,-0.004013071
5.86244e-007,0.001633839
5.86644e-007,-0.002130767
5.87044e-007,-0.003071919
5.87444e-007,-0.003542495
5.87844e-007,-0.004013071
5.88244e-007,-0.003071919
5.88644e-007,-0.004483647
5.89044e-007,0.001633839
5.89444e-007,-0.001660192
5.89844e-007,-0.004483647
5.90244e-007,-0.003542495
5.90644e-007,-0.004483647
5.91044e-007,-0.003071919
5.91444e-007,-0.003542495
5.91844e-007,-0.003071919
5.92244e-007,-0.002601343
5.92644e-007,-0.003542495
5.93044e-007,-0.004013071
5.93444e-007,-0.001189616
5.93844e-007,-0.006836526
5.94244e-007,-0.005424798
5.94644e-007,-0.002130767
5.95044e-007,-0.004954222
5.95444e-007,-0.002601343
5.95844e-007,-0.002130767
5.96244e-007,-0.005895374
5.96644e-007,-0.001660192
5.97044e-007,-0.002601343
5.97444e-007,-0.001660192
5.97844e-007,-0.002130767
5.98244e-007,-0.003071919
5.98644e-007,-0.002130767
5.99044e-007,-0.004483647
5.99444e-007,-0.003542495
5.99844e-007,-0.002601343
6.00244e-007,0.001163263
6.00644e-007,-0.004013071
6.01044e-007,-0.001660192
6.01444e-007,-0.003542495
6.01844e-007,-0.001660192
6.02244e-007,-0.002601343
6.02644e-007,-0.0007190399
6.03044e-007,-0.004013071
6.03444e-007,-0.002130767
6.03844e-007,-0.005424798
6.04244e-007,-0.003542495
6.04644e-007,-0.003071919
6.05044e-007,-0.002601343
6.05444e-007,-0.001660192
6.05844e-007,-0.000248464
6.06244e-007,-0.003071919
6.06644e-007,-0.004013071
6.07044e-007,-0.004483647
6.07444e-007,-0.000248464
6.07844e-007,-0.003071919
6.08244e-007,-0.003542495
6.08644e-007,-0.002601343
6.09044e-007,-0.003542495
6.09444e-007,0.0002221118
6.09844e-007,-0.001660192
6.10244e-007,-0.001660192
6.10644e-007,-0.002130767
6.11044e-007,-0.001660192
6.11444e-007,-0.002130767
6.11844e-007,-0.004013071
6.12244e-007,-0.001189616
6.12644e-007,-0.003071919
6.13044e-007,-0.000248464
6.13444e-007,-0.002601343
6.13844e-007,-0.003071919
6.14244e-007,-0.001189616
6.14644e-007,-0.000248464
6.15044e-007,-0.001660192
6.15444e-007,0.001633839
6.15844e-007,-0.001189616
6.16244e-007,-0.003071919
6.16644e-007,-0.002601343
6.17044e-007,-0.004483647
6.17444e-007,-0.001660192
6.17844e-007,-0.004483647
6.18244e-007,-0.003071919
6.18644e-007,-0.003071919
6.19044e-007,-0.001189616
6.19444e-007,-0.001189616
6.19844e-007,-0.006836526
6.20244e-007,-0.003071919
6.20644e-007,-0.003071919
6.21044e-007,-0.004013071
6.21444e-007,-0.004483647
6.21844e-007,-0.003542495
6.22244e-007,-0.003071919
6.22644e-007,-0.004954222
6.23044e-007,-0.002130767
6.23444e-007,-0.002130767
6.23844e-007,0.0002221118
6.24244e-007,-0.002601343
6.24644e-007,-0.001189616
6.25044e-007,-0.002601343
6.25444e-007,-0.001660192
6.25844e-007,-0.003542495
6.26244e-007,-0.000248464
6.26644e-007,-0.001660192
6.27044e-007,-0.004483647
6.27444e-007,-0.004013071
6.27844e-007,-0.002601343
6.28244e-007,-0.001189616
6.28644e-007,-0.004013071
6.29044e-007,-0.000248464
6.29444e-007,-0.004483647
6.29844e-007,-0.002130767
6.30244e-007,0.0002221118
6.30644e-007,-0.002601343
6.31044e-007,-0.000248464
6.31444e-007,-0.004013071
6.31844e-007,-0.003071919
6.32244e-007,-0.004954222
6.32644e-007,-0.001660192
6.33044e-007,-0.00636595
6.33444e-007,-0.003542495
6.33844e-007,-0.002130767
6.34244e-007,-0.002601343
6.34644e-007,-0.000248464
6.35044e-007,-0.0007190399
6.35444e-007,-0.003542495
6.35844e-007,-0.0007190399
6.36244e-007,-0.004013071
6.36644e-007,-0.003542495
6.37044e-007,-0.002130767
6.37444e-007,0.0006926876
6.37844e-007,-0.002601343
6.38244e-007,-0.002601343
6.38644e-007,-0.004483647
6.39044e-007,-0.003071919
6.39444e-007,-0.001189616
6.39844e-007,-0.004483647
6.40244e-007,0.001633839
6.40644e-007,-0.003071919
6.41044e-007,-0.0007190399
6.41444e-007,-0.003071919
6.41844e-007,-0.001660192
6.42244e-007,-0.002130767
6.42644e-007,-0.0007190399
6.43044e-007,-0.001660192
6.43444e-007,-0.003542495
6.43844e-007,-0.002130767
6.44244e-007,0.001163263
6.44644e-007,-0.004013071
6.45044e-007,-0.002130767
6.45444e-007,-0.005895374
6.45844e-007,0.001633839
6.46244e-007,-0.004954222
6.46644e-007,-0.003071919
6.47044e-007,-0.003071919
6.47444e-007,-0.002130767
6.47844e-007,-0.0007190399
6.48244e-007,-0.0007190399
6.48644e-007,-0.002601343
6.49044e-007,-0.004013071
6.49444e-007,-0.002130767
6.49844e-007,-0.003542495
6.50244e-007,-0.003542495
6.50644e-007,-0.001660192
6.51044e-007,-0.002601343
6.51444e-007,-0.002130767
6.51844e-007,-0.005424798
6.52244e-007,0.001163263
6.52644e-007,-0.002601343
6.53044e-007,-0.001189616
6.53444e-007,-0.004483647
6.53844e-007,0.0002221118
6.54244e-007,-0.003542495
6.54644e-007,-0.0007190399
6.55044e-007,-0.005424798
6.55444e-007,-0.004483647
6.55844e-007,-0.003542495
6.56244e-007,-0.0007190399
6.56644e-007,-0.0007190399
6.57044e-007,-0.002601343
6.57444e-007,-0.002601343
6.57844e-007,-0.004483647
6.58244e-007,-0.0007190399
6.58644e-007,-0.001660192
6.59044e-007,-0.001660192
6.59444e-007,-0.0007190399
6.59844e-007,-0.002601343
6.60244e-007,-0.004013071
6.60644e-007,0.0002221118
6.61044e-007,-0.004013071
6.61444e-007,-0.00636595
6.61844e-007,-0.005424798
6.62244e-007,-0.002601343
6.62644e-007,-0.003071919
6.63044e-007,-0.0007190399
6.63444e-007,-0.002601343
6.63844e-007,-0.005424798
6.64244e-007,-0.001189616
6.64644e-007,-0.003071919
6.65044e-007,-0.003071919
6.65444e-007,-0.003542495
6.65844e-007,-0.0007190399
6.66244e-007,-0.006836526
6.66644e-007,-0.004483647
6.67044e-007,-0.005424798
6.67444e-007,-0.004013071
6.67844e-007,-0.002601343
6.68244e-007,-0.003071919
6.68644e-007,-0.002130767
6.69044e-007,-0.005895374
6.69444e-007,-0.001189616
6.69844e-007,-0.003071919
6.70244e-007,-0.002601343
6.70644e-007,-0.002601343
6.71044e-007,-0.003071919
6.71444e-007,-0.002130767
6.71844e-007,-0.001660192
6.72244e-007,-0.001660192
6.72644e-007,-0.002601343
6.73044e-007,0.001163263
6.73444e-007,-0.002601343
6.73844e-007,-0.004954222
6.74244e-007,-0.003542495
6.74644e-007,-0.004013071
6.75044e-007,-0.003071919
6.75444e-007,0.001163263
6.75844e-007,0.001163263
6.76244e-007,-0.001660192
6.76644e-007,-0.002130767
6.77044e-007,-0.004013071
6.77444e-007,-0.001189616
6.77844e-007,-0.001660192
6.78244e-007,-0.003542495
6.78644e-007,-0.003071919
6.79044e-007,-0.001660192
6.79444e-007,-0.001660192
6.79844e-007,-0.003542495
6.80244e-007,-0.004483647
6.80644e-007,-0.003542495
6.81044e-007,-0.003071919
6.81444e-007,-0.004013071
6.81844e-007,0.001163263
6.82244e-007,-0.003071919
6.82644e-007,-0.002601343
6.83044e-007,-0.004954222
6.83444e-007,-0.001189616
6.83844e-007,-0.004483647
6.84244e-007,-0.001660192
6.84644e-007,-0.005895374
6.85044e-007,-0.001189616
6.85444e-007,-0.002601343
6.85844e-007,-0.003542495
6.86244e-007,-0.0007190399
6.86644e-007,-0.002601343
6.87044e-007,-0.003071919
6.87444e-007,-0.004013071
6.87844e-007,-0.003542495
6.88244e-007,-0.004483647
6.88644e-007,-0.001189616
6.89044e-007,-0.001660192
6.89444e-007,-0.003071919
6.89844e-007,-0.002601343
6.90244e-007,-0.003071919
6.90644e-007,-0.004483647
6.91044e-007,0.003045567
6.91444e-007,0.001633839
6.91844e-007,-0.004954222
6.92244e-007,-0.001660192
6.92644e-007,-0.002601343
6.93044e-007,-0.000248464
6.93444e-007,-0.002130767
6.93844e-007,-0.003071919
6.94244e-007,-0.001189616
6.94644e-007,-0.002601343
6.95044e-007,-0.001189616
6.95444e-007,0.0006926876
6.95844e-007,-0.002130767
6.96244e-007,-0.002130767
6.96644e-007,-0.005895374
6.97044e-007,-0.003071919
6.97444e-007,-0.003071919
6.97844e-007,-0.003542495
6.98244e-007,-0.002130767
6.98644e-007,-0.002130767
6.99044e-007,-0.0007190399
6.99444e-007,-0.002601343
6.99844e-007,-0.002601343
7.00244e-007,-0.002130767
7.00644e-007,-0.002130767
7.01044e-007,0.001163263
7.01444e-007,-0.003542495
7.01844e-007,-0.002601343
7.02244e-007,-0.001660192
7.02644e-007,-0.002130767
7.03044e-007,-0.000248464
7.03444e-007,-0.001660192
7.03844e-007,-0.000248464
7.04244e-007,0.0002221118
7.04644e-007,-0.002601343
7.05044e-007,-0.001660192
7.05444e-007,-0.002601343
7.05844e-007,-0.004483647
7.06244e-007,-0.001189616
7.06644e-007,-0.005424798
7.07044e-007,-0.000248464
7.07444e-007,-0.001189616
7.07844e-007,-0.003071919
7.08244e-007,-0.004954222
7.08644e-007,-0.002130767
7.09044e-007,-0.004954222
7.09444e-007,-0.002601343
7.09844e-007,-0.002130767
7.10244e-007,-0.003542495
7.10644e-007,-0.000248464
7.11044e-007,-0.002601343
7.11444e-007,-0.003542495
7.11844e-007,-0.001189616
7.12244e-007,-0.001660192
7.12644e-007,-0.001660192
7.13044e-007,-0.004013071
7.13444e-007,-0.000248464
7.13844e-007,-0.003071919
7.14244e-007,0.001633839
7.14644e-007,-0.002130767
7.15044e-007,-0.003071919
7.15444e-007,-0.003542495
7.15844e-007,-0.004013071
7.16244e-007,-0.002601343
7.16644e-007,0.0006926876
7.17044e-007,-0.001660192
7.17444e-007,-0.003542495
7.17844e-007,-0.001189616
7.18244e-007,-0.001189616
7.18644e-007,-0.002601343
7.19044e-007,-0.002130767
7.19444e-007,-0.005895374
7.19844e-007,-0.002130767
7.20244e-007,-0.002130767
7.20644e-007,0.0006926876
7.21044e-007,-0.001660192
7.21444e-007,-0.002130767
7.21844e-007,-0.001189616
7.22244e-007,-0.004483647
7.22644e-007,-0.0007190399
7.23044e-007,-0.006836526
7.23444e-007,-0.003542495
7.23844e-007,-0.004954222
7.24244e-007,-0.002130767
7.24644e-007,-0.003542495
7.25044e-007,-0.004954222
7.25444e-007,-0.001660192
7.25844e-007,-0.003071919
7.26244e-007,-0.001189616
7.26644e-007,-0.0007190399
7.27044e-007,-0.002130767
7.27444e-007,-0.001189616
7.27844e-007,-0.001660192
7.28244e-007,-0.003542495
7.28644e-007,0.002104415
7.29044e-007,-0.001660192
7.29444e-007,-0.002130767
7.29844e-007,-0.001189616
7.30244e-007,-0.004954222
7.30644e-007,-0.001660192
7.31044e-007,-0.004013071
7.31444e-007,-0.002601343
7.31844e-007,-0.005424798
7.32244e-007,-0.003542495
7.32644e-007,-0.004013071
7.33044e-007,-0.001660192
7.33444e-007,-0.003071919
7.33844e-007,-0.004483647
7.34244e-007,-0.002601343
7.34644e-007,-0.004013071
7.35044e-007,-0.003071919
7.35444e-007,-0.004483647
7.35844e-007,-0.005895374
7.36244e-007,-0.0007190399
7.36644e-007,-0.003542495
7.37044e-007,0.002574991
7.37444e-007,-0.002601343
7.37844e-007,-0.001189616
7.38244e-007,-0.004954222
7.38644e-007,-0.002130767
7.39044e-007,-0.001189616
7.39444e-007,-0.001189616
7.39844e-007,-0.003071919
7.40244e-007,0.0006926876
7.40644e-007,-0.001660192
7.41044e-007,-0.000248464
7.41444e-007,-0.001189616
7.41844e-007,-0.0007190399
7.42244e-007,-0.004483647
7.42644e-007,0.002574991
7.43044e-007,-0.004013071
7.43444e-007,-0.002130767
7.43844e-007,-0.0007190399
7.44244e-007,-0.003542495
7.44644e-007,-0.002130767
7.45044e-007,-0.003542495
7.45444e-007,-0.002130767
7.45844e-007,-0.003071919
7.46244e-007,-0.002130767
7.46644e-007,-0.002601343
7.47044e-007,-0.001189616
7.47444e-007,-0.004954222
7.47844e-007,0.001633839
7.48244e-007,-0.003071919
7.48644e-007,-0.001660192
7.49044e-007,-0.003542495
7.49444e-007,-0.001189616
7.49844e-007,-0.003542495
7.50244e-007,-0.001189616
7.50644e-007,-0.003071919
7.51044e-007,-0.001660192
7.51444e-007,-0.007307102
7.51844e-007,-0.001189616
7.52244e-007,-0.004483647
7.52644e-007,0.0002221118
7.53044e-007,-0.002601343
7.53444e-007,-0.001660192
7.53844e-007,-0.002130767
7.54244e-007,-0.001189616
7.54644e-007,-0.004013071
7.55044e-007,-0.001660192
7.55444e-007,-0.000248464
7.55844e-007,-0.003071919
7.56244e-007,-0.004013071
7.56644e-007,-0.002130767
7.57044e-007,-0.002601343
7.57444e-007,-0.003071919
7.57844e-007,-0.004483647
7.58244e-007,-0.004013071
7.58644e-007,-0.003071919
7.59044e-007,-0.001660192
7.59444e-007,-0.005895374
7.59844e-007,-0.0007190399
7.60244e-007,-0.002130767
7.60644e-007,-0.001660192
7.61044e-007,-0.004013071
7.61444e-007,-0.003542495
7.61844e-007,-0.003542495
7.62244e-007,-0.001189616
7.62644e-007,-0.005895374
7.63044e-007,0.0002221118
7.63444e-007,-0.004483647
7.63844e-007,-0.003542495
7.64244e-007,-0.004954222
7.64644e-007,-0.000248464
7.65044e-007,-0.003071919
7.65444e-007,0.0002221118
7.65844e-007,-0.002601343
7.66244e-007,-0.002601343
7.66644e-007,-0.005424798
7.67044e-007,0.0006926876
7.67444e-007,-0.004483647
7.67844e-007,-0.004954222
7.68244e-007,-0.002601343
7.68644e-007,-0.003542495
7.69044e-007,-0.003542495
7.69444e-007,-0.0007190399
7.69844e-007,-0.004483647
7.70244e-007,-0.002130767
7.70644e-007,-0.004483647
7.71044e-007,-0.002130767
7.71444e-007,-0.003542495
7.71844e-007,-0.004483647
7.72244e-007,0.001163263
7.72644e-007,-0.004013071
7.73044e-007,-0.002130767
7.73444e-007,-0.003542495
7.73844e-007,-0.0007190399
7.74244e-007,-0.004954222
7.74644e-007,-0.003542495
7.75044e-007,-0.004483647
7.75444e-007,-0.004483647
7.75844e-007,-0.004013071
7.76244e-007,-0.0007190399
7.76644e-007,-0.004483647
7.77044e-007,0.0006926876
7.77444e-007,-0.003071919
7.77844e-007,0.001163263
7.78244e-007,-0.004483647
7.78644e-007,-0.003542495
7.79044e-007,-0.001660192
7.79444e-007,-0.001189616
7.79844e-007,0.002104415
7.80244e-007,-0.001660192
7.80644e-007,-0.000248464
7.81044e-007,-0.001660192
7.81444e-007,-0.004483647
7.81844e-007,-0.004013071
7.82244e-007,-0.003542495
7.82644e-007,-0.003071919
7.83044e-007,-0.00636595
7.83444e-007,-0.004483647
7.83844e-007,-0.000248464
7.84244e-007,-0.004013071
7.84644e-007,-0.003071919
7.85044e-007,-0.002601343
7.85444e-007,-0.001189616
7.85844e-007,-0.004954222
7.86244e-007,-0.003542495
7.86644e-007,-0.004483647
7.87044e-007,-0.001660192
7.87444e-007,-0.003071919
7.87844e-007,-0.002601343
7.88244e-007,-0.003071919
7.88644e-007,-0.001189616
7.89044e-007,-0.004483647
7.89444e-007,-0.001660192
7.89844e-007,-0.002130767
7.90244e-007,-0.004013071
7.90644e-007,-0.003071919
7.91044e-007,-0.004013071
7.91444e-007,-0.001189616
7.91844e-007,-0.001660192
7.92244e-007,-0.003071919
7.92644e-007,-0.003071919
7.93044e-007,-0.003071919
7.93444e-007,-0.002601343
7.93844e-007,-0.001660192
7.94244e-007,-0.003542495
7.94644e-007,-0.002130767
7.95044e-007,-0.004483647
7.95444e-007,-0.003071919
7.95844e-007,-0.002601343
7.96244e-007,-0.001660192
7.96644e-007,-0.002130767
7.97044e-007,-0.003071919
7.97444e-007,-0.001189616
7.97844e-007,-0.001660192
7.98244e-007,-0.002130767
7.98644e-007,-0.005895374
7.99044e-007,-0.003071919
7.99444e-007,-0.003071919
7.99844e-007,-0.003071919
8.00244e-007,-0.004013071
8.00644e-007,-0.004483647
8.01044e-007,-0.002130767
8.01444e-007,-0.002601343
8.01844e-007,-0.002130767
8.02244e-007,-0.003542495
8.02644e-007,0.0006926876
8.03044e-007,-0.002130767
8.03444e-007,-0.001189616
8.03844e-007,-0.003071919
8.04244e-007,-0.001189616
8.04644e-007,-0.001660192
8.05044e-007,-0.001189616
8.05444e-007,0.002104415
8.05844e-007,-0.001660192
8.06244e-007,-0.003071919
8.06644e-007,-0.001660192
8.07044e-007,-0.002601343
8.07444e-007,-0.001660192
8.07844e-007,-0.001189616
8.08244e-007,-0.001189616
8.08644e-007,-0.003071919
8.09044e-007,-0.003542495
8.09444e-007,-0.001660192
8.09844e-007,-0.002601343
8.10244e-007,-0.003071919
8.10644e-007,-0.002601343
8.11044e-007,-0.004013071
8.11444e-007,-0.003071919
8.11844e-007,-0.0007190399
8.12244e-007,-0.004483647
8.12644e-007,-0.003071919
8.13044e-007,-0.002130767
8.13444e-007,-0.003542495
8.13844e-007,0.0002221118
8.14244e-007,0.0002221118
8.14644e-007,-0.006836526
8.15044e-007,-0.0007190399
8.15444e-007,-0.005895374
8.15844e-007,-0.001660192
8.16244e-007,-0.003071919
8.16644e-007,-0.001189616
8.17044e-007,-0.002130767
8.17444e-007,-0.002601343
8.17844e-007,-0.002130767
8.18244e-007,-0.00636595
8.18644e-007,-0.002601343
8.19044e-007,-0.0007190399
8.19444e-007,0.0006926876
8.19844e-007,-0.001660192
8.20244e-007,-0.002601343
8.20644e-007,0.0002221118
8.21044e-007,-0.004483647
8.21444e-007,-0.0007190399
8.21844e-007,-0.003071919
8.22244e-007,-0.0007190399
8.22644e-007,-0.002601343
8.23044e-007,0.0002221118
8.23444e-007,-0.003071919
8.23844e-007,-0.001189616
8.24244e-007,-0.003542495
8.24644e-007,-0.002130767
8.25044e-007,-0.002130767
8.25444e-007,-0.003071919
8.25844e-007,-0.003542495
8.26244e-007,-0.002130767
8.26644e-007,-0.003542495
8.27044e-007,0.0002221118
8.27444e-007,-0.004483647
8.27844e-007,-0.001660192
8.28244e-007,-0.001189616
8.28644e-007,-0.003071919
8.29044e-007,-0.0007190399
8.29444e-007,-0.003542495
8.29844e-007,-0.001660192
8.30244e-007,-0.003071919
8.30644e-007,-0.002130767
8.31044e-007,-0.002601343
8.31444e-007,-0.001660192
8.31844e-007,-0.001660192
8.32244e-007,-0.000248464
8.32644e-007,-0.002601343
8.33044e-007,-0.002601343
8.33444e-007,-0.003542495
8.33844e-007,-0.004954222
8.34244e-007,-0.003071919
8.34644e-007,-0.004483647
8.35044e-007,-0.004013071
8.35444e-007,-0.0007190399
8.35844e-007,0.0006926876
8.36244e-007,-0.004483647
8.36644e-007,-0.004013071
8.37044e-007,-0.003071919
8.37444e-007,0.001163263
8.37844e-007,-0.004013071
8.38244e-007,-0.003542495
8.38644e-007,-0.003542495
8.39044e-007,-0.004013071
8.39444e-007,-0.003542495
8.39844e-007,-0.001660192
8.40244e-007,-0.001660192
8.40644e-007,-0.003542495
8.41044e-007,-0.005424798
8.41444e-007,-0.002601343
8.41844e-007,-0.003071919
8.42244e-007,0.0006926876
8.42644e-007,-0.002601343
8.43044e-007,-0.001660192
8.43444e-007,-0.000248464
8.43844e-007,-0.003071919
8.44244e-007,-0.007777677
8.44644e-007,-0.002601343
8.45044e-007,0.0006926876
8.45444e-007,-0.000248464
8.45844e-007,0.001163263
8.46244e-007,-0.003071919
8.46644e-007,-0.000248464
8.47044e-007,-0.001660192
8.47444e-007,-0.001660192
8.47844e-007,0.0002221118
8.48244e-007,-0.004483647
8.48644e-007,-0.001189616
8.49044e-007,-0.002601343
8.49444e-007,-0.002601343
8.49844e-007,-0.002130767
8.50244e-007,-0.003071919
8.50644e-007,-0.004483647
8.51044e-007,-0.004954222
8.51444e-007,-0.001660192
8.51844e-007,-0.002130767
8.52244e-007,-0.003542495
8.52644e-007,-0.000248464
8.53044e-007,0.0006926876
8.53444e-007,-0.001660192
8.53844e-007,-0.002601343
8.54244e-007,-0.001189616
8.54644e-007,-0.003542495
8.55044e-007,-0.004013071
8.55444e-007,-0.001660192
8.55844e-007,-0.002130767
8.56244e-007,-0.003542495
8.56644e-007,-0.002130767
8.57044e-007,-0.001660192
8.57444e-007,-0.003542495
8.57844e-007,-0.003071919
8.58244e-007,-0.002130767
8.58644e-007,0.0002221118
8.59044e-007,-0.004483647
8.59444e-007,-0.003071919
8.59844e-007,-0.00636595
8.60244e-007,-0.004483647
8.60644e-007,-0.002601343
8.61044e-007,-0.0007190399
8.61444e-007,-0.001660192
8.61844e-007,-0.002601343
8.62244e-007,-0.004013071
8.62644e-007,-0.004483647
8.63044e-007,-0.002601343
8.63444e-007,-0.003071919
8.63844e-007,-0.001189616
8.64244e-007,-0.002130767
8.64644e-007,-0.002601343
8.65044e-007,-0.001660192
8.65444e-007,-0.000248464
8.65844e-007,-0.002601343
8.66244e-007,-0.002601343
8.66644e-007,-0.003071919
8.67044e-007,-0.003542495
8.67444e-007,-0.0007190399
8.67844e-007,-0.005424798
8.68244e-007,-0.002601343
8.68644e-007,-0.000248464
8.69044e-007,-0.003542495
8.69444e-007,-0.003071919
8.69844e-007,-0.0007190399
8.70244e-007,-0.004954222
8.70644e-007,-0.000248464
8.71044e-007,-0.003542495
8.71444e-007,0.0002221118
8.71844e-007,-0.004954222
8.72244e-007,-0.003071919
8.72644e-007,-0.004483647
8.73044e-007,-0.002601343
8.73444e-007,-0.001660192
8.73844e-007,-0.006836526
8.74244e-007,-0.002130767
8.74644e-007,-0.001660192
8.75044e-007,-0.002130767
8.75444e-007,-0.002130767
8.75844e-007,-0.004013071
8.76244e-007,-0.002130767
8.76644e-007,-0.004954222
8.77044e-007,-0.001189616
8.77444e-007,-0.005895374
8.77844e-007,-0.004483647
8.78244e-007,-0.0007190399
8.78644e-007,-0.002130767
8.79044e-007,-0.003542495
8.79444e-007,-0.003071919
8.79844e-007,-0.002130767
8.80244e-007,-0.003542495
8.80644e-007,-0.002601343
8.81044e-007,-0.002601343
8.81444e-007,-0.003071919
8.81844e-007,-0.001660192
8.82244e-007,-0.000248464
8.82644e-007,-0.001660192
8.83044e-007,0.001163263
8.83444e-007,-0.0007190399
8.83844e-007,-0.007307102
8.84244e-007,-0.001660192
8.84644e-007,-0.003071919
8.85044e-007,-0.0007190399
8.85444e-007,-0.004483647
8.85844e-007,-0.000248464
8.86244e-007,-0.004954222
8.86644e-007,0.0002221118
8.87044e-007,-0.0007190399
8.87444e-007,-0.001189616
8.87844e-007,-0.002130767
8.88244e-007,-0.004954222
8.88644e-007,-0.003071919
8.89044e-007,-0.004483647
8.89444e-007,-0.001189616
8.89844e-007,-0.001189616
8.90244e-007,-0.001660192
8.90644e-007,-0.004013071
8.91044e-007,-0.002601343
8.91444e-007,-0.001660192
8.91844e-007,-0.004013071
8.92244e-007,-0.001660192
8.92644e-007,-0.002601343
8.93044e-007,-0.003071919
8.93444e-007,-0.003071919
8.93844e-007,-0.000248464
8.94244e-007,-0.001189616
8.94644e-007,-0.002601343
8.95044e-007,-0.001189616
8.95444e-007,-0.0007190399
8.95844e-007,-0.002130767
8.96244e-007,0.0002221118
8.96644e-007,-0.003542495
8.97044e-007,-0.001189616
8.97444e-007,-0.003071919
8.97844e-007,-0.003071919
8.98244e-007,-0.002601343
8.98644e-007,-0.002601343
8.99044e-007,-0.002130767
8.99444e-007,-0.003542495
8.99844e-007,0.0006926876
9.00244e-007,-0.001660192
9.00644e-007,-0.003071919
9.01044e-007,-0.001660192
9.01444e-007,-0.004483647
9.01844e-007,-0.002130767
9.02244e-007,-0.001660192
9.02644e-007,-0.003071919
9.03044e-007,-0.0007190399
9.03444e-007,0.001163263
9.03844e-007,-0.000248464
9.04244e-007,-0.0007190399
9.04644e-007,-0.002601343
9.05044e-007,-0.001189616
9.05444e-007,-0.003071919
9.05844e-007,0.0002221118
9.06244e-007,-0.001189616
9.06644e-007,-0.002601343
9.07044e-007,-0.001660192
9.07444e-007,-0.0007190399
9.07844e-007,0.002104415
9.08244e-007,0.001163263
9.08644e-007,-0.001660192
9.09044e-007,0.002104415
9.09444e-007,-0.004483647
9.09844e-007,-0.0007190399
9.10244e-007,-0.004013071
9.10644e-007,-0.002601343
9.11044e-007,-0.003071919
9.11444e-007,-0.003542495
9.11844e-007,-0.000248464
9.12244e-007,-0.001189616
9.12644e-007,-0.001660192
9.13044e-007,-0.003542495
9.13444e-007,-0.0007190399
9.13844e-007,-0.003071919
9.14244e-007,-0.002601343
9.14644e-007,-0.003071919
9.15044e-007,-0.002601343
9.15444e-007,-0.003542495
9.15844e-007,-0.00636595
9.16244e-007,-0.004483647
9.16644e-007,0.001163263
9.17044e-007,-0.005895374
9.17444e-007,-0.001660192
9.17844e-007,-0.0007190399
9.18244e-007,-0.004954222
9.18644e-007,-0.003071919
9.19044e-007,-0.003542495
9.19444e-007,-0.003542495
9.19844e-007,-0.002130767
9.20244e-007,-0.001660192
9.20644e-007,-0.002130767
9.21044e-007,-0.0007190399
9.21444e-007,0.0002221118
9.21844e-007,-0.001660192
9.22244e-007,-0.001660192
9.22644e-007,-0.000248464
9.23044e-007,-0.001660192
9.23444e-007,-0.004013071
9.23844e-007,-0.000248464
9.24244e-007,-0.002601343
9.24644e-007,-0.002601343
9.25044e-007,-0.002601343
9.25444e-007,-0.001189616
9.25844e-007,-0.001660192
9.26244e-007,-0.001189616
9.26644e-007,-0.004483647
9.27044e-007,-0.002601343
9.27444e-007,-0.003071919
9.27844e-007,-0.003071919
9.28244e-007,-0.005424798
9.28644e-007,-0.002130767
9.29044e-007,-0.002601343
9.29444e-007,-0.002601343
9.29844e-007,-0.000248464
9.30244e-007,-0.003542495
9.30644e-007,-0.002130767
9.31044e-007,-0.004013071
9.31444e-007,-0.000248464
9.31844e-007,-0.007777677
9.32244e-007,-0.002601343
9.32644e-007,0.0006926876
9.33044e-007,-0.001189616
9.33444e-007,-0.001189616
9.33844e-007,-0.001660192
9.34244e-007,-0.002130767
9.34644e-007,-0.001189616
9.35044e-007,-0.005895374
9.35444e-007,-0.003071919
9.35844e-007,-0.005424798
9.36244e-007,-0.003071919
9.36644e-007,-0.001189616
9.37044e-007,-0.004483647
9.37444e-007,-0.001660192
9.37844e-007,-0.003542495
9.38244e-007,0.0002221118
9.38644e-007,-0.004954222
9.39044e-007,-0.0007190399
9.39444e-007,-0.002601343
9.39844e-007,-0.002601343
9.40244e-007,-0.003071919
9.40644e-007,-0.005895374
9.41044e-007,-0.003542495
9.41444e-007,-0.0007190399
9.41844e-007,-0.002130767
9.42244e-007,-0.001660192
9.42644e-007,-0.003542495
9.43044e-007,-0.003071919
9.43444e-007,-0.004013071
9.43844e-007,-0.002601343
9.44244e-007,-0.004013071
9.44644e-007,-0.003071919
9.45044e-007,-0.002601343
9.45444e-007,-0.006836526
9.45844e-007,0.0006926876
9.46244e-007,-0.002601343
9.46644e-007,-0.004013071
9.47044e-007,-0.002601343
9.47444e-007,0.002104415
9.47844e-007,-0.002601343
9.48244e-007,0.001633839
