LECROYWS4104HD,18971,Waveform
Segments,1,SegmentSize,2502
Segment,TrigTime,TimeSinceSegment1
#1,24-Feb-2025 16:41:49,0                 
Time,Ampl
-5.2156e-008,-0.004483647
-5.1756e-008,-0.004954222
-5.1356e-008,-0.004013071
-5.0956e-008,-0.001660192
-5.0556e-008,-0.003542495
-5.0156e-008,-0.001189616
-4.9756e-008,-0.003071919
-4.9356e-008,-0.003542495
-4.8956e-008,-0.001660192
-4.8556e-008,-0.002601343
-4.8156e-008,-0.004013071
-4.7756e-008,-0.004954222
-4.7356e-008,-0.000248464
-4.6956e-008,-0.001660192
-4.6556e-008,-0.003071919
-4.6156e-008,-0.003071919
-4.5756e-008,-0.004954222
-4.5356e-008,-0.003071919
-4.4956e-008,-0.006836526
-4.4556e-008,-0.004483647
-4.4156e-008,-0.00636595
-4.3756e-008,-0.003542495
-4.3356e-008,-0.003071919
-4.2956e-008,-0.003542495
-4.2556e-008,-0.003071919
-4.2156e-008,-0.004954222
-4.1756e-008,-0.004954222
-4.1356e-008,-0.003071919
-4.0956e-008,-0.001660192
-4.0556e-008,-0.005895374
-4.0156e-008,-0.005895374
-3.9756e-008,-0.001189616
-3.9356e-008,-0.001189616
-3.8956e-008,-0.002130767
-3.8556e-008,-0.0007190399
-3.8156e-008,-0.003542495
-3.7756e-008,-0.004013071
-3.7356e-008,-0.00636595
-3.6956e-008,-0.001189616
-3.6556e-008,-0.003071919
-3.6156e-008,-0.000248464
-3.5756e-008,-0.002130767
-3.5356e-008,-0.003071919
-3.4956e-008,-0.005895374
-3.4556e-008,-0.005424798
-3.4156e-008,-0.004483647
-3.3756e-008,-0.002601343
-3.3356e-008,-0.000248464
-3.2956e-008,-0.001660192
-3.2556e-008,0.001163263
-3.2156e-008,-0.003071919
-3.1756e-008,-0.003542495
-3.1356e-008,-0.002130767
-3.0956e-008,-0.003542495
-3.0556e-008,-0.002601343
-3.0156e-008,-0.001660192
-2.9756e-008,-0.003542495
-2.9356e-008,-0.001660192
-2.8956e-008,-0.005424798
-2.8556e-008,-0.002130767
-2.8156e-008,-0.005895374
-2.7756e-008,-0.0007190399
-2.7356e-008,-0.001660192
-2.6956e-008,-0.001660192
-2.6556e-008,-0.004483647
-2.6156e-008,-0.004483647
-2.5756e-008,-0.003071919
-2.5356e-008,-0.003542495
-2.4956e-008,-0.001660192
-2.4556e-008,-0.003071919
-2.4156e-008,-0.005424798
-2.3756e-008,-0.002130767
-2.3356e-008,-0.001189616
-2.2956e-008,-0.001660192
-2.2556e-008,-0.001660192
-2.2156e-008,-0.004013071
-2.1756e-008,-0.001189616
-2.1356e-008,-0.003542495
-2.0956e-008,-0.003071919
-2.0556e-008,-0.004483647
-2.0156e-008,-0.002130767
-1.9756e-008,-0.004013071
-1.9356e-008,-0.006836526
-1.8956e-008,-0.004483647
-1.8556e-008,-0.002130767
-1.8156e-008,-0.006836526
-1.7756e-008,-0.003071919
-1.7356e-008,-0.002601343
-1.6956e-008,-0.003542495
-1.6556e-008,-0.003542495
-1.6156e-008,-0.004013071
-1.5756e-008,-0.004483647
-1.5356e-008,-0.001660192
-1.4956e-008,-0.003542495
-1.4556e-008,-0.003071919
-1.4156e-008,-0.003542495
-1.3756e-008,-0.004013071
-1.3356e-008,-0.003542495
-1.2956e-008,-0.005424798
-1.2556e-008,-0.00636595
-1.2156e-008,-0.004954222
-1.1756e-008,-0.004013071
-1.1356e-008,-0.004013071
-1.0956e-008,-0.002130767
-1.0556e-008,-0.003542495
-1.0156e-008,-0.002601343
-9.756e-009,-0.004954222
-9.356e-009,-0.004483647
-8.956e-009,-0.002130767
-8.556e-009,-0.004483647
-8.156e-009,-0.002601343
-7.756e-009,-0.000248464
-7.356e-009,-0.003542495
-6.956e-009,-0.001660192
-6.556e-009,-0.004954222
-6.156e-009,-0.004483647
-5.756e-009,-0.003071919
-5.356e-009,-0.003071919
-4.956e-009,-0.005424798
-4.556e-009,-0.003542495
-4.156e-009,-0.003542495
-3.756e-009,-0.003071919
-3.356e-009,-0.003071919
-2.956e-009,-0.006836526
-2.556e-009,-0.004483647
-2.156e-009,-0.002130767
-1.756e-009,-0.000248464
-1.356e-009,-0.002601343
-9.56e-010,-0.004954222
-5.56e-010,-0.002130767
-1.56e-010,-0.001189616
2.44e-010,-0.001660192
6.44e-010,-0.002601343
1.044e-009,-0.004013071
1.444e-009,-0.002130767
1.844e-009,-0.003542495
2.244e-009,-0.004483647
2.644e-009,-0.003071919
3.044e-009,-0.002601343
3.444e-009,-0.005424798
3.844e-009,-0.004013071
4.244e-009,-0.004483647
4.644e-009,-0.003071919
5.044e-009,-0.002130767
5.444e-009,-0.00636595
5.844e-009,-0.001660192
6.244e-009,-0.006836526
6.644e-009,-0.002130767
7.044e-009,-0.004483647
7.444e-009,-0.003071919
7.844e-009,-0.001660192
8.244e-009,-0.004954222
8.644e-009,-0.001660192
9.044e-009,-0.004483647
9.444e-009,-0.004483647
9.844e-009,-0.003071919
1.0244e-008,-0.005424798
1.0644e-008,-0.004013071
1.1044e-008,-0.004013071
1.1444e-008,-0.00636595
1.1844e-008,-0.001660192
1.2244e-008,-0.002130767
1.2644e-008,-0.003071919
1.3044e-008,-0.002601343
1.3444e-008,-0.003071919
1.3844e-008,-0.004954222
1.4244e-008,-0.002601343
1.4644e-008,-0.004013071
1.5044e-008,-0.004013071
1.5444e-008,-0.002130767
1.5844e-008,-0.004483647
1.6244e-008,-0.002130767
1.6644e-008,-0.003071919
1.7044e-008,-0.002601343
1.7444e-008,-0.004954222
1.7844e-008,-0.000248464
1.8244e-008,-0.006836526
1.8644e-008,-0.001189616
1.9044e-008,-0.004954222
1.9444e-008,-0.002601343
1.9844e-008,-0.002130767
2.0244e-008,-0.005895374
2.0644e-008,-0.004483647
2.1044e-008,-0.002130767
2.1444e-008,-0.001189616
2.1844e-008,-0.004954222
2.2244e-008,-0.004013071
2.2644e-008,-0.002130767
2.3044e-008,-0.003542495
2.3444e-008,-0.003071919
2.3844e-008,-0.005424798
2.4244e-008,-0.003542495
2.4644e-008,-0.004954222
2.5044e-008,-0.005895374
2.5444e-008,-0.003542495
2.5844e-008,-0.003071919
2.6244e-008,-0.003071919
2.6644e-008,-0.003071919
2.7044e-008,-0.005424798
2.7444e-008,-0.002130767
2.7844e-008,-0.000248464
2.8244e-008,0.002574991
2.8644e-008,-0.002601343
2.9044e-008,-0.003071919
2.9444e-008,-0.001189616
2.9844e-008,-0.005895374
3.0244e-008,-0.003542495
3.0644e-008,-0.001189616
3.1044e-008,-0.007307102
3.1444e-008,-0.001660192
3.1844e-008,-0.004483647
3.2244e-008,-0.002130767
3.2644e-008,-0.004013071
3.3044e-008,-0.004483647
3.3444e-008,-0.004954222
3.3844e-008,-0.0007190399
3.4244e-008,-0.003542495
3.4644e-008,-0.002601343
3.5044e-008,-0.004483647
3.5444e-008,-0.004954222
3.5844e-008,-0.005424798
3.6244e-008,-0.003071919
3.6644e-008,-0.005424798
3.7044e-008,-0.003542495
3.7444e-008,-0.004013071
3.7844e-008,-0.002130767
3.8244e-008,-0.003542495
3.8644e-008,-0.005895374
3.9044e-008,-0.005424798
3.9444e-008,-0.004013071
3.9844e-008,-0.004013071
4.0244e-008,-0.004483647
4.0644e-008,-0.001189616
4.1044e-008,-0.002601343
4.1444e-008,-0.003542495
4.1844e-008,-0.003542495
4.2244e-008,-0.005424798
4.2644e-008,-0.007777677
4.3044e-008,-0.002601343
4.3444e-008,0.001163263
4.3844e-008,-0.002601343
4.4244e-008,-0.004954222
4.4644e-008,-0.0007190399
4.5044e-008,-0.006836526
4.5444e-008,-0.003071919
4.5844e-008,-0.004483647
4.6244e-008,-0.002601343
4.6644e-008,-0.005424798
4.7044e-008,-0.002601343
4.7444e-008,-0.000248464
4.7844e-008,-0.002130767
4.8244e-008,-0.002130767
4.8644e-008,-0.005895374
4.9044e-008,-0.002130767
4.9444e-008,-0.005424798
4.9844e-008,-0.001660192
5.0244e-008,-0.002601343
5.0644e-008,-0.005895374
5.1044e-008,-0.004483647
5.1444e-008,-0.004483647
5.1844e-008,-0.003542495
5.2244e-008,-0.001660192
5.2644e-008,-0.003071919
5.3044e-008,-0.004483647
5.3444e-008,-0.003542495
5.3844e-008,-0.001189616
5.4244e-008,-0.004483647
5.4644e-008,-0.004013071
5.5044e-008,-0.003542495
5.5444e-008,-0.003071919
5.5844e-008,-0.002130767
5.6244e-008,-0.005424798
5.6644e-008,-0.004954222
5.7044e-008,-0.003071919
5.7444e-008,-0.004483647
5.7844e-008,-0.00636595
5.8244e-008,-0.003071919
5.8644e-008,-0.005424798
5.9044e-008,-0.009189405
5.9444e-008,-0.004013071
5.9844e-008,-0.003542495
6.0244e-008,-0.006836526
6.0644e-008,-0.004483647
6.1044e-008,-0.005424798
6.1444e-008,-0.0007190399
6.1844e-008,-0.007307102
6.2244e-008,-0.001660192
6.2644e-008,-0.004483647
6.3044e-008,-0.003542495
6.3444e-008,-0.002130767
6.3844e-008,-0.001660192
6.4244e-008,-0.004483647
6.4644e-008,-0.003542495
6.5044e-008,-0.004013071
6.5444e-008,-0.004013071
6.5844e-008,-0.004954222
6.6244e-008,-0.003542495
6.6644e-008,-0.002601343
6.7044e-008,-0.003542495
6.7444e-008,-0.002130767
6.7844e-008,-0.002130767
6.8244e-008,-0.004483647
6.8644e-008,-0.002601343
6.9044e-008,-0.002601343
6.9444e-008,-0.007307102
6.9844e-008,-0.005895374
7.0244e-008,-0.003071919
7.0644e-008,-0.004483647
7.1044e-008,-0.004013071
7.1444e-008,-0.003071919
7.1844e-008,-0.002130767
7.2244e-008,-0.003542495
7.2644e-008,-0.002130767
7.3044e-008,-0.004483647
7.3444e-008,-0.002130767
7.3844e-008,-0.007777677
7.4244e-008,-0.004483647
7.4644e-008,-0.00636595
7.5044e-008,-0.003071919
7.5444e-008,-0.005895374
7.5844e-008,-0.004483647
7.6244e-008,-0.004483647
7.6644e-008,-0.002601343
7.7044e-008,-0.003542495
7.7444e-008,-0.005895374
7.7844e-008,-0.004013071
7.8244e-008,-0.004483647
7.8644e-008,-0.005895374
7.9044e-008,-0.004483647
7.9444e-008,0.0002221118
7.9844e-008,-0.002601343
8.0244e-008,-0.002130767
8.0644e-008,-0.002601343
8.1044e-008,0.0002221118
8.1444e-008,-0.003071919
8.1844e-008,0.0006926876
8.2244e-008,-0.005895374
8.2644e-008,-0.002130767
8.3044e-008,-0.004013071
8.3444e-008,-0.004954222
8.3844e-008,-0.004483647
8.4244e-008,-0.005424798
8.4644e-008,-0.002601343
8.5044e-008,-0.003542495
8.5444e-008,-0.005424798
8.5844e-008,-0.003542495
8.6244e-008,-0.003071919
8.6644e-008,-0.003071919
8.7044e-008,-0.001660192
8.7444e-008,-0.004483647
8.7844e-008,-0.003071919
8.8244e-008,-0.00636595
8.8644e-008,-0.004013071
8.9044e-008,-0.001189616
8.9444e-008,-0.001189616
8.9844e-008,-0.004954222
9.0244e-008,-0.001660192
9.0644e-008,-0.004013071
9.1044e-008,-0.004954222
9.1444e-008,-0.005895374
9.1844e-008,-0.004013071
9.2244e-008,-0.002601343
9.2644e-008,-0.005895374
9.3044e-008,-0.005895374
9.3444e-008,-0.005424798
9.3844e-008,-0.004013071
9.4244e-008,-0.0007190399
9.4644e-008,-0.001660192
9.5044e-008,-0.005895374
9.5444e-008,-0.0007190399
9.5844e-008,-0.006836526
9.6244e-008,-0.001189616
9.6644e-008,-0.002601343
9.7044e-008,-0.003071919
9.7444e-008,-0.002601343
9.7844e-008,-0.004483647
9.8244e-008,-0.003542495
9.8644e-008,-0.003071919
9.9044e-008,-0.000248464
9.9444e-008,-0.006836526
9.9844e-008,-0.005895374
1.00244e-007,-0.004013071
1.00644e-007,-0.005424798
1.01044e-007,-0.003542495
1.01444e-007,-0.004013071
1.01844e-007,-0.002130767
1.02244e-007,-0.003071919
1.02644e-007,-0.003071919
1.03044e-007,-0.004483647
1.03444e-007,-0.00636595
1.03844e-007,-0.004483647
1.04244e-007,-0.003542495
1.04644e-007,-0.002130767
1.05044e-007,-0.001189616
1.05444e-007,-0.002601343
1.05844e-007,-0.002130767
1.06244e-007,-0.004013071
1.06644e-007,0.001163263
1.07044e-007,-0.003071919
1.07444e-007,-0.003542495
1.07844e-007,-0.004954222
1.08244e-007,-0.001189616
1.08644e-007,-0.00636595
1.09044e-007,-0.004483647
1.09444e-007,-0.005424798
1.09844e-007,-0.004483647
1.10244e-007,-0.002130767
1.10644e-007,-0.001189616
1.11044e-007,-0.004013071
1.11444e-007,-0.006836526
1.11844e-007,-0.004483647
1.12244e-007,-0.004954222
1.12644e-007,-0.004483647
1.13044e-007,-0.005895374
1.13444e-007,-0.003071919
1.13844e-007,-0.004483647
1.14244e-007,-0.003542495
1.14644e-007,-0.000248464
1.15044e-007,-0.003071919
1.15444e-007,-0.004483647
1.15844e-007,-0.00636595
1.16244e-007,-0.004013071
1.16644e-007,-0.006836526
1.17044e-007,-0.000248464
1.17444e-007,-0.003542495
1.17844e-007,-0.002601343
1.18244e-007,-0.008718829
1.18644e-007,-0.0007190399
1.19044e-007,-0.003071919
1.19444e-007,-0.004483647
1.19844e-007,-0.002601343
1.20244e-007,-0.002130767
1.20644e-007,-0.005895374
1.21044e-007,-0.004483647
1.21444e-007,-0.002601343
1.21844e-007,-0.002601343
1.22244e-007,-0.002130767
1.22644e-007,-0.002601343
1.23044e-007,-0.005895374
1.23444e-007,-0.002130767
1.23844e-007,-0.002130767
1.24244e-007,-0.001660192
1.24644e-007,-0.004954222
1.25044e-007,-0.002130767
1.25444e-007,-0.005424798
1.25844e-007,-0.002130767
1.26244e-007,-0.006836526
1.26644e-007,-0.003542495
1.27044e-007,-0.004954222
1.27444e-007,-0.003542495
1.27844e-007,-0.007307102
1.28244e-007,-0.002130767
1.28644e-007,-0.004483647
1.29044e-007,-0.002130767
1.29444e-007,-0.002130767
1.29844e-007,-0.003542495
1.30244e-007,-0.004483647
1.30644e-007,0.0002221118
1.31044e-007,-0.003071919
1.31444e-007,-0.005424798
1.31844e-007,-0.004013071
1.32244e-007,-0.004483647
1.32644e-007,-0.003542495
1.33044e-007,-0.003071919
1.33444e-007,-0.002601343
1.33844e-007,-0.002130767
1.34244e-007,-0.004013071
1.34644e-007,-0.005895374
1.35044e-007,-0.002130767
1.35444e-007,-0.004483647
1.35844e-007,-0.003071919
1.36244e-007,-0.001189616
1.36644e-007,-0.003542495
1.37044e-007,-0.001660192
1.37444e-007,-0.004013071
1.37844e-007,-0.004483647
1.38244e-007,-0.001660192
1.38644e-007,-0.003071919
1.39044e-007,-0.005895374
1.39444e-007,-0.004483647
1.39844e-007,-0.002601343
1.40244e-007,-0.004013071
1.40644e-007,-0.003071919
1.41044e-007,-0.007777677
1.41444e-007,-0.005424798
1.41844e-007,-0.004013071
1.42244e-007,-0.005424798
1.42644e-007,-0.001189616
1.43044e-007,-0.003542495
1.43444e-007,-0.003542495
1.43844e-007,-0.004954222
1.44244e-007,-0.001189616
1.44644e-007,-0.003071919
1.45044e-007,-0.004483647
1.45444e-007,0.001633839
1.45844e-007,-0.001660192
1.46244e-007,-0.004483647
1.46644e-007,-0.003542495
1.47044e-007,-0.003071919
1.47444e-007,-0.004483647
1.47844e-007,-0.007777677
1.48244e-007,-0.005895374
1.48644e-007,-0.004013071
1.49044e-007,-0.004483647
1.49444e-007,-0.006836526
1.49844e-007,-0.001660192
1.50244e-007,-0.005895374
1.50644e-007,-0.006836526
1.51044e-007,-0.005895374
1.51444e-007,-0.00636595
1.51844e-007,-0.005424798
1.52244e-007,-0.001660192
1.52644e-007,-0.004954222
1.53044e-007,-0.002601343
1.53444e-007,-0.004013071
1.53844e-007,-0.005895374
1.54244e-007,-0.004483647
1.54644e-007,-0.004013071
1.55044e-007,-0.002130767
1.55444e-007,-0.001189616
1.55844e-007,-0.005424798
1.56244e-007,-0.003542495
1.56644e-007,-0.0007190399
1.57044e-007,-0.004013071
1.57444e-007,-0.004483647
1.57844e-007,-0.001660192
1.58244e-007,-0.000248464
1.58644e-007,-0.004483647
1.59044e-007,-0.004954222
1.59444e-007,-0.005895374
1.59844e-007,-0.002130767
1.60244e-007,-0.004954222
1.60644e-007,-0.005424798
1.61044e-007,-0.003071919
1.61444e-007,-0.003071919
1.61844e-007,-0.002601343
1.62244e-007,-0.003542495
1.62644e-007,-0.004954222
1.63044e-007,-0.004013071
1.63444e-007,-0.004013071
1.63844e-007,-0.001189616
1.64244e-007,-0.004013071
1.64644e-007,-0.001660192
1.65044e-007,-0.002130767
1.65444e-007,-0.001189616
1.65844e-007,-0.001189616
1.66244e-007,-0.004013071
1.66644e-007,-0.002601343
1.67044e-007,-0.003071919
1.67444e-007,-0.004013071
1.67844e-007,-0.004954222
1.68244e-007,-0.003071919
1.68644e-007,-0.001189616
1.69044e-007,-0.002601343
1.69444e-007,-0.003071919
1.69844e-007,-0.004483647
1.70244e-007,-0.002130767
1.70644e-007,-0.004483647
1.71044e-007,-0.001660192
1.71444e-007,-0.000248464
1.71844e-007,-0.001660192
1.72244e-007,-0.0007190399
1.72644e-007,-0.004483647
1.73044e-007,-0.003071919
1.73444e-007,-0.004483647
1.73844e-007,-0.000248464
1.74244e-007,-0.002601343
1.74644e-007,-0.003542495
1.75044e-007,-0.002130767
1.75444e-007,-0.001660192
1.75844e-007,-0.004954222
1.76244e-007,-0.005895374
1.76644e-007,-0.005895374
1.77044e-007,-0.002130767
1.77444e-007,-0.004013071
1.77844e-007,-0.004013071
1.78244e-007,-0.003071919
1.78644e-007,-0.001189616
1.79044e-007,0.0002221118
1.79444e-007,-0.000248464
1.79844e-007,-0.001660192
1.80244e-007,-0.002601343
1.80644e-007,-0.001189616
1.81044e-007,-0.001189616
1.81444e-007,-0.004483647
1.81844e-007,-0.002601343
1.82244e-007,-0.003542495
1.82644e-007,-0.004013071
1.83044e-007,-0.004013071
1.83444e-007,-0.003071919
1.83844e-007,-0.007307102
1.84244e-007,-0.0007190399
1.84644e-007,-0.005895374
1.85044e-007,-0.005424798
1.85444e-007,-0.003542495
1.85844e-007,-0.004483647
1.86244e-007,-0.00636595
1.86644e-007,-0.003542495
1.87044e-007,-0.003071919
1.87444e-007,-0.00636595
1.87844e-007,-0.006836526
1.88244e-007,-0.002601343
1.88644e-007,-0.004013071
1.89044e-007,-0.005424798
1.89444e-007,-0.000248464
1.89844e-007,-0.00636595
1.90244e-007,-0.003542495
1.90644e-007,-0.005424798
1.91044e-007,-0.004013071
1.91444e-007,-0.002130767
1.91844e-007,-0.003071919
1.92244e-007,-0.004483647
1.92644e-007,-0.002601343
1.93044e-007,-0.004954222
1.93444e-007,-0.003542495
1.93844e-007,-0.007307102
1.94244e-007,-0.003071919
1.94644e-007,-0.004013071
1.95044e-007,-0.00636595
1.95444e-007,-0.003542495
1.95844e-007,-0.003071919
1.96244e-007,-0.004483647
1.96644e-007,-0.004013071
1.97044e-007,-0.001660192
1.97444e-007,-0.003542495
1.97844e-007,-0.004013071
1.98244e-007,-0.003542495
1.98644e-007,-0.003071919
1.99044e-007,-0.002130767
1.99444e-007,-0.005895374
1.99844e-007,-0.0007190399
2.00244e-007,-0.005424798
2.00644e-007,-0.004483647
2.01044e-007,-0.002130767
2.01444e-007,-0.004954222
2.01844e-007,-0.005895374
2.02244e-007,-0.007777677
2.02644e-007,-0.005895374
2.03044e-007,-0.007777677
2.03444e-007,-0.003071919
2.03844e-007,-0.008718829
2.04244e-007,-0.002601343
2.04644e-007,-0.002601343
2.05044e-007,-0.001660192
2.05444e-007,-0.002130767
2.05844e-007,-0.003071919
2.06244e-007,-0.002130767
2.06644e-007,-0.003542495
2.07044e-007,-0.003071919
2.07444e-007,-0.002601343
2.07844e-007,-0.003542495
2.08244e-007,-0.003542495
2.08644e-007,-0.000248464
2.09044e-007,-0.002601343
2.09444e-007,-0.004954222
2.09844e-007,-0.002130767
2.10244e-007,-0.004954222
2.10644e-007,-0.004013071
2.11044e-007,-0.003542495
2.11444e-007,-0.004954222
2.11844e-007,-0.003071919
2.12244e-007,-0.004483647
2.12644e-007,-0.002601343
2.13044e-007,-0.005424798
2.13444e-007,-0.004483647
2.13844e-007,-0.002601343
2.14244e-007,-0.004954222
2.14644e-007,-0.002130767
2.15044e-007,-0.004483647
2.15444e-007,-0.004483647
2.15844e-007,-0.003071919
2.16244e-007,-0.002601343
2.16644e-007,-0.004013071
2.17044e-007,-0.004013071
2.17444e-007,-0.001189616
2.17844e-007,-0.003542495
2.18244e-007,-0.004013071
2.18644e-007,-0.002130767
2.19044e-007,-0.002601343
2.19444e-007,-0.004483647
2.19844e-007,-0.003542495
2.20244e-007,-0.004013071
2.20644e-007,-0.003542495
2.21044e-007,-0.003542495
2.21444e-007,-0.004013071
2.21844e-007,-0.004013071
2.22244e-007,-0.00636595
2.22644e-007,-0.001660192
2.23044e-007,-0.003542495
2.23444e-007,-0.000248464
2.23844e-007,-0.002601343
2.24244e-007,-0.003071919
2.24644e-007,-0.002130767
2.25044e-007,-0.004483647
2.25444e-007,-0.004013071
2.25844e-007,-0.002601343
2.26244e-007,-0.004954222
2.26644e-007,-0.004013071
2.27044e-007,-0.002130767
2.27444e-007,-0.0007190399
2.27844e-007,-0.005424798
2.28244e-007,-0.003071919
2.28644e-007,-0.003071919
2.29044e-007,-0.003542495
2.29444e-007,-0.005424798
2.29844e-007,-0.002601343
2.30244e-007,-0.004954222
2.30644e-007,-0.002601343
2.31044e-007,-0.004954222
2.31444e-007,-0.006836526
2.31844e-007,-0.005424798
2.32244e-007,-0.003542495
2.32644e-007,-0.002601343
2.33044e-007,-0.003542495
2.33444e-007,-0.002601343
2.33844e-007,-0.005424798
2.34244e-007,-0.000248464
2.34644e-007,-0.004954222
2.35044e-007,-0.000248464
2.35444e-007,-0.004483647
2.35844e-007,-0.002601343
2.36244e-007,-0.004013071
2.36644e-007,-0.000248464
2.37044e-007,-0.004954222
2.37444e-007,-0.003071919
2.37844e-007,-0.003071919
2.38244e-007,-0.0007190399
2.38644e-007,-0.003542495
2.39044e-007,-0.003071919
2.39444e-007,-0.004483647
2.39844e-007,-0.004013071
2.40244e-007,-0.004483647
2.40644e-007,-0.003542495
2.41044e-007,-0.004013071
2.41444e-007,-0.004013071
2.41844e-007,-0.003542495
2.42244e-007,-0.005424798
2.42644e-007,-0.004483647
2.43044e-007,-0.003542495
2.43444e-007,-0.003542495
2.43844e-007,-0.003071919
2.44244e-007,-0.005424798
2.44644e-007,-0.005424798
2.45044e-007,-0.005424798
2.45444e-007,-0.004483647
2.45844e-007,-0.005424798
2.46244e-007,-0.005895374
2.46644e-007,-0.004483647
2.47044e-007,-0.005424798
2.47444e-007,-0.002601343
2.47844e-007,-0.0007190399
2.48244e-007,-0.002130767
2.48644e-007,-0.002601343
2.49044e-007,-0.004483647
2.49444e-007,-0.004013071
2.49844e-007,-0.003542495
2.50244e-007,-0.003071919
2.50644e-007,-0.004483647
2.51044e-007,-0.003542495
2.51444e-007,-0.004013071
2.51844e-007,-0.003542495
2.52244e-007,-0.001660192
2.52644e-007,-0.004954222
2.53044e-007,-0.002130767
2.53444e-007,-0.003071919
2.53844e-007,-0.002130767
2.54244e-007,-0.004954222
2.54644e-007,-0.002601343
2.55044e-007,-0.004483647
2.55444e-007,-0.000248464
2.55844e-007,-0.002601343
2.56244e-007,-0.004483647
2.56644e-007,-0.003542495
2.57044e-007,-0.003071919
2.57444e-007,-0.005424798
2.57844e-007,-0.004483647
2.58244e-007,-0.001189616
2.58644e-007,-0.00636595
2.59044e-007,-0.003071919
2.59444e-007,-0.004013071
2.59844e-007,-0.002601343
2.60244e-007,-0.001660192
2.60644e-007,-0.001660192
2.61044e-007,-0.004483647
2.61444e-007,-0.002601343
2.61844e-007,-0.001660192
2.62244e-007,-0.005424798
2.62644e-007,-0.004013071
2.63044e-007,-0.004483647
2.63444e-007,-0.004483647
2.63844e-007,-0.004013071
2.64244e-007,-0.003542495
2.64644e-007,-0.002601343
2.65044e-007,-0.004483647
2.65444e-007,-0.002601343
2.65844e-007,-0.005895374
2.66244e-007,-0.002601343
2.66644e-007,-0.004954222
2.67044e-007,-0.003542495
2.67444e-007,-0.005424798
2.67844e-007,-0.003542495
2.68244e-007,-0.004013071
2.68644e-007,-0.003542495
2.69044e-007,-0.005895374
2.69444e-007,-0.00636595
2.69844e-007,-0.005895374
2.70244e-007,-0.004013071
2.70644e-007,-0.004013071
2.71044e-007,-0.004954222
2.71444e-007,-0.005424798
2.71844e-007,-0.001660192
2.72244e-007,-0.004954222
2.72644e-007,-0.002130767
2.73044e-007,-0.003071919
2.73444e-007,-0.002601343
2.73844e-007,-0.002601343
2.74244e-007,-0.001189616
2.74644e-007,-0.004483647
2.75044e-007,-0.005895374
2.75444e-007,-0.004483647
2.75844e-007,-0.004483647
2.76244e-007,-0.005895374
2.76644e-007,-0.001660192
2.77044e-007,-0.005424798
2.77444e-007,-0.005895374
2.77844e-007,-0.003071919
2.78244e-007,-0.005424798
2.78644e-007,-0.003542495
2.79044e-007,-0.004483647
2.79444e-007,-0.002130767
2.79844e-007,-0.006836526
2.80244e-007,-0.005424798
2.80644e-007,-0.003542495
2.81044e-007,-0.001189616
2.81444e-007,-0.007777677
2.81844e-007,-0.001189616
2.82244e-007,-0.002130767
2.82644e-007,-0.004013071
2.83044e-007,-0.003071919
2.83444e-007,-0.001189616
2.83844e-007,-0.003542495
2.84244e-007,-0.002601343
2.84644e-007,-0.002130767
2.85044e-007,-0.005424798
2.85444e-007,-0.005424798
2.85844e-007,-0.001660192
2.86244e-007,-0.003071919
2.86644e-007,-0.001189616
2.87044e-007,-0.002601343
2.87444e-007,-0.004483647
2.87844e-007,-0.003542495
2.88244e-007,-0.004483647
2.88644e-007,-0.005424798
2.89044e-007,-0.006836526
2.89444e-007,-0.004013071
2.89844e-007,-0.001189616
2.90244e-007,-0.004954222
2.90644e-007,-0.003542495
2.91044e-007,-0.003071919
2.91444e-007,-0.004013071
2.91844e-007,-0.003542495
2.92244e-007,-0.004483647
2.92644e-007,-0.003542495
2.93044e-007,-0.0007190399
2.93444e-007,-0.003071919
2.93844e-007,-0.003542495
2.94244e-007,-0.001189616
2.94644e-007,-0.004013071
2.95044e-007,-0.003542495
2.95444e-007,-0.002601343
2.95844e-007,-0.004954222
2.96244e-007,-0.004013071
2.96644e-007,-0.003071919
2.97044e-007,-0.002130767
2.97444e-007,-0.005895374
2.97844e-007,-0.003542495
2.98244e-007,-0.002601343
2.98644e-007,-0.004013071
2.99044e-007,-0.004954222
2.99444e-007,-0.002601343
2.99844e-007,-0.005895374
3.00244e-007,-0.004013071
3.00644e-007,-0.005424798
3.01044e-007,-0.001189616
3.01444e-007,-0.005424798
3.01844e-007,-0.003071919
3.02244e-007,-0.001660192
3.02644e-007,-0.001189616
3.03044e-007,-0.002601343
3.03444e-007,0.0006926876
3.03844e-007,-0.006836526
3.04244e-007,-0.002601343
3.04644e-007,-0.007307102
3.05044e-007,-0.003071919
3.05444e-007,-0.005424798
3.05844e-007,-0.000248464
3.06244e-007,-0.004483647
3.06644e-007,-0.001189616
3.07044e-007,-0.001189616
3.07444e-007,-0.004954222
3.07844e-007,-0.001660192
3.08244e-007,-0.004013071
3.08644e-007,-0.0007190399
3.09044e-007,-0.002130767
3.09444e-007,-0.004483647
3.09844e-007,-0.003071919
3.10244e-007,-0.004954222
3.10644e-007,-0.004013071
3.11044e-007,-0.004013071
3.11444e-007,-0.004483647
3.11844e-007,0.0002221118
3.12244e-007,-0.004483647
3.12644e-007,-0.003071919
3.13044e-007,-0.002130767
3.13444e-007,-0.004013071
3.13844e-007,-0.004483647
3.14244e-007,-0.00636595
3.14644e-007,-0.005424798
3.15044e-007,-0.001660192
3.15444e-007,-0.003071919
3.15844e-007,-0.004013071
3.16244e-007,-0.003542495
3.16644e-007,-0.004954222
3.17044e-007,-0.004483647
3.17444e-007,-0.0007190399
3.17844e-007,-0.002130767
3.18244e-007,-0.003071919
3.18644e-007,-0.003542495
3.19044e-007,-0.004013071
3.19444e-007,-0.004013071
3.19844e-007,-0.002130767
3.20244e-007,-0.006836526
3.20644e-007,-0.005424798
3.21044e-007,-0.004954222
3.21444e-007,-0.004013071
3.21844e-007,-0.004954222
3.22244e-007,-0.005424798
3.22644e-007,-0.002130767
3.23044e-007,-0.003542495
3.23444e-007,-0.004483647
3.23844e-007,-0.002601343
3.24244e-007,-0.004013071
3.24644e-007,-0.002130767
3.25044e-007,-0.002130767
3.25444e-007,-0.003542495
3.25844e-007,-0.003542495
3.26244e-007,-0.00636595
3.26644e-007,-0.004483647
3.27044e-007,-0.0007190399
3.27444e-007,-0.003071919
3.27844e-007,-0.005424798
3.28244e-007,-0.003542495
3.28644e-007,-0.002130767
3.29044e-007,-0.0007190399
3.29444e-007,-0.004954222
3.29844e-007,-0.007777677
3.30244e-007,-0.003542495
3.30644e-007,-0.003071919
3.31044e-007,-0.004954222
3.31444e-007,-0.004954222
3.31844e-007,-0.005424798
3.32244e-007,-0.0007190399
3.32644e-007,-0.004013071
3.33044e-007,-0.001660192
3.33444e-007,-0.003542495
3.33844e-007,-0.003071919
3.34244e-007,-0.003071919
3.34644e-007,-0.005895374
3.35044e-007,-0.001660192
3.35444e-007,-0.007307102
3.35844e-007,-0.000248464
3.36244e-007,-0.007777677
3.36644e-007,-0.000248464
3.37044e-007,-0.003071919
3.37444e-007,-0.003542495
3.37844e-007,-0.004483647
3.38244e-007,-0.004954222
3.38644e-007,-0.004013071
3.39044e-007,-0.006836526
3.39444e-007,-0.00636595
3.39844e-007,-0.001189616
3.40244e-007,-0.005424798
3.40644e-007,-0.000248464
3.41044e-007,-0.004954222
3.41444e-007,-0.003071919
3.41844e-007,-0.002601343
3.42244e-007,-0.0007190399
3.42644e-007,-0.006836526
3.43044e-007,-0.001189616
3.43444e-007,-0.00636595
3.43844e-007,-0.003071919
3.44244e-007,-0.004483647
3.44644e-007,-0.001189616
3.45044e-007,-0.003542495
3.45444e-007,0.0002221118
3.45844e-007,-0.004954222
3.46244e-007,-0.005424798
3.46644e-007,-0.004013071
3.47044e-007,-0.006836526
3.47444e-007,-0.00636595
3.47844e-007,-0.003071919
3.48244e-007,0.0006926876
3.48644e-007,-0.00636595
3.49044e-007,-0.004483647
3.49444e-007,-0.005424798
3.49844e-007,-0.004013071
3.50244e-007,-0.003542495
3.50644e-007,-0.002130767
3.51044e-007,-0.004954222
3.51444e-007,-0.005424798
3.51844e-007,-0.002601343
3.52244e-007,-0.004483647
3.52644e-007,-0.004483647
3.53044e-007,-0.003071919
3.53444e-007,-0.002130767
3.53844e-007,-0.005424798
3.54244e-007,-0.003542495
3.54644e-007,-0.003071919
3.55044e-007,-0.001189616
3.55444e-007,-0.006836526
3.55844e-007,-0.002130767
3.56244e-007,-0.005895374
3.56644e-007,-0.003071919
3.57044e-007,-0.003542495
3.57444e-007,-0.002130767
3.57844e-007,-0.004954222
3.58244e-007,-0.001660192
3.58644e-007,-0.004483647
3.59044e-007,-0.003542495
3.59444e-007,-0.004013071
3.59844e-007,-0.003071919
3.60244e-007,-0.002601343
3.60644e-007,-0.001189616
3.61044e-007,-0.006836526
3.61444e-007,-0.004013071
3.61844e-007,-0.003542495
3.62244e-007,-0.002130767
3.62644e-007,-0.005895374
3.63044e-007,-0.003542495
3.63444e-007,-0.004013071
3.63844e-007,-0.00636595
3.64244e-007,-0.004954222
3.64644e-007,-0.004483647
3.65044e-007,-0.004013071
3.65444e-007,-0.00636595
3.65844e-007,-0.006836526
3.66244e-007,-0.004013071
3.66644e-007,-0.004013071
3.67044e-007,-0.005424798
3.67444e-007,-0.003542495
3.67844e-007,-0.004954222
3.68244e-007,-0.004954222
3.68644e-007,-0.002601343
3.69044e-007,-0.006836526
3.69444e-007,-0.005895374
3.69844e-007,-0.004483647
3.70244e-007,-0.004483647
3.70644e-007,-0.002130767
3.71044e-007,-0.004013071
3.71444e-007,-0.004954222
3.71844e-007,-0.003071919
3.72244e-007,-0.002601343
3.72644e-007,-0.004013071
3.73044e-007,-0.004954222
3.73444e-007,-0.004954222
3.73844e-007,-0.004013071
3.74244e-007,-0.00636595
3.74644e-007,-0.004954222
3.75044e-007,-0.004013071
3.75444e-007,-0.002601343
3.75844e-007,-0.003071919
3.76244e-007,-0.002130767
3.76644e-007,-0.001660192
3.77044e-007,-0.009659981
3.77444e-007,-0.003542495
3.77844e-007,-0.006836526
3.78244e-007,-0.004483647
3.78644e-007,-0.005895374
3.79044e-007,-0.002601343
3.79444e-007,-0.004954222
3.79844e-007,-0.005895374
3.80244e-007,-0.004013071
3.80644e-007,-0.004954222
3.81044e-007,-0.002130767
3.81444e-007,-0.004483647
3.81844e-007,-0.003071919
3.82244e-007,-0.003071919
3.82644e-007,-0.003071919
3.83044e-007,-0.004954222
3.83444e-007,-0.001189616
3.83844e-007,-0.004013071
3.84244e-007,-0.003071919
3.84644e-007,-0.004483647
3.85044e-007,-0.004013071
3.85444e-007,-0.003071919
3.85844e-007,-0.002130767
3.86244e-007,-0.004483647
3.86644e-007,-0.001660192
3.87044e-007,-0.003071919
3.87444e-007,-0.001189616
3.87844e-007,-0.002130767
3.88244e-007,-0.005895374
3.88644e-007,-0.003071919
3.89044e-007,-0.004954222
3.89444e-007,-0.002601343
3.89844e-007,-0.004013071
3.90244e-007,-0.002601343
3.90644e-007,-0.001660192
3.91044e-007,-0.003071919
3.91444e-007,-0.006836526
3.91844e-007,-0.003071919
3.92244e-007,-0.003542495
3.92644e-007,-0.004954222
3.93044e-007,-0.001660192
3.93444e-007,-0.004013071
3.93844e-007,-0.003071919
3.94244e-007,-0.005895374
3.94644e-007,-0.004483647
3.95044e-007,-0.001660192
3.95444e-007,-0.003542495
3.95844e-007,-0.005895374
3.96244e-007,-0.002130767
3.96644e-007,-0.003542495
3.97044e-007,-0.004483647
3.97444e-007,-0.004013071
3.97844e-007,-0.002601343
3.98244e-007,-0.004954222
3.98644e-007,-0.004013071
3.99044e-007,-0.003071919
3.99444e-007,-0.005424798
3.99844e-007,-0.004483647
4.00244e-007,-0.003071919
4.00644e-007,-0.002601343
4.01044e-007,-0.003542495
4.01444e-007,-0.002130767
4.01844e-007,-0.002601343
4.02244e-007,-0.001189616
4.02644e-007,-0.004954222
4.03044e-007,-0.003071919
4.03444e-007,-0.005424798
4.03844e-007,-0.004013071
4.04244e-007,-0.003542495
4.04644e-007,-0.002601343
4.05044e-007,-0.003542495
4.05444e-007,-0.002130767
4.05844e-007,-0.004013071
4.06244e-007,-0.005895374
4.06644e-007,-0.005895374
4.07044e-007,-0.004013071
4.07444e-007,-0.003071919
4.07844e-007,-0.004013071
4.08244e-007,-0.003071919
4.08644e-007,-0.001189616
4.09044e-007,-0.003542495
4.09444e-007,-0.004954222
4.09844e-007,-0.004013071
4.10244e-007,-0.004954222
4.10644e-007,-0.004013071
4.11044e-007,-0.003071919
4.11444e-007,-0.003542495
4.11844e-007,-0.003071919
4.12244e-007,-0.002130767
4.12644e-007,-0.007307102
4.13044e-007,-0.005424798
4.13444e-007,-0.001189616
4.13844e-007,-0.004954222
4.14244e-007,-0.003071919
4.14644e-007,-0.003071919
4.15044e-007,-0.002601343
4.15444e-007,-0.001660192
4.15844e-007,-0.002130767
4.16244e-007,-0.004483647
4.16644e-007,-0.004013071
4.17044e-007,-0.007777677
4.17444e-007,-0.003071919
4.17844e-007,-0.004954222
4.18244e-007,-0.002130767
4.18644e-007,-0.004954222
4.19044e-007,-0.004013071
4.19444e-007,-0.005895374
4.19844e-007,-0.0007190399
4.20244e-007,-0.00636595
4.20644e-007,-0.002130767
4.21044e-007,-0.00636595
4.21444e-007,-0.003542495
4.21844e-007,-0.003542495
4.22244e-007,-0.003542495
4.22644e-007,-0.004013071
4.23044e-007,-0.006836526
4.23444e-007,-0.004013071
4.23844e-007,-0.002601343
4.24244e-007,-0.005424798
4.24644e-007,-0.003071919
4.25044e-007,-0.002601343
4.25444e-007,-0.003542495
4.25844e-007,-0.004954222
4.26244e-007,-0.002601343
4.26644e-007,-0.0007190399
4.27044e-007,-0.002601343
4.27444e-007,-0.002601343
4.27844e-007,-0.003542495
4.28244e-007,-0.001660192
4.28644e-007,-0.004483647
4.29044e-007,-0.003071919
4.29444e-007,-0.004013071
4.29844e-007,-0.004483647
4.30244e-007,-0.002601343
4.30644e-007,-0.004954222
4.31044e-007,-0.004483647
4.31444e-007,-0.003542495
4.31844e-007,-0.004013071
4.32244e-007,-0.003542495
4.32644e-007,-0.004483647
4.33044e-007,-0.005424798
4.33444e-007,-0.003071919
4.33844e-007,-0.004954222
4.34244e-007,-0.003071919
4.34644e-007,-0.002130767
4.35044e-007,-0.002601343
4.35444e-007,-0.004483647
4.35844e-007,-0.002601343
4.36244e-007,-0.003071919
4.36644e-007,-0.003071919
4.37044e-007,-0.003542495
4.37444e-007,-0.0007190399
4.37844e-007,-0.003542495
4.38244e-007,-0.002601343
4.38644e-007,-0.004013071
4.39044e-007,-0.002601343
4.39444e-007,-0.001660192
4.39844e-007,0.0006926876
4.40244e-007,-0.004483647
4.40644e-007,-0.004483647
4.41044e-007,-0.004013071
4.41444e-007,-0.005424798
4.41844e-007,-0.003542495
4.42244e-007,-0.004483647
4.42644e-007,-0.003071919
4.43044e-007,-0.002601343
4.43444e-007,-0.002601343
4.43844e-007,-0.002130767
4.44244e-007,-0.004954222
4.44644e-007,-0.002601343
4.45044e-007,-0.004954222
4.45444e-007,-0.004483647
4.45844e-007,-0.005895374
4.46244e-007,-0.003071919
4.46644e-007,-0.004483647
4.47044e-007,-0.003542495
4.47444e-007,-0.005424798
4.47844e-007,-0.0007190399
4.48244e-007,-0.004483647
4.48644e-007,-0.004013071
4.49044e-007,-0.007777677
4.49444e-007,-0.002601343
4.49844e-007,-0.004483647
4.50244e-007,-0.004954222
4.50644e-007,-0.002130767
4.51044e-007,-0.003542495
4.51444e-007,-0.004483647
4.51844e-007,-0.003071919
4.52244e-007,-0.004013071
4.52644e-007,-0.004483647
4.53044e-007,-0.001660192
4.53444e-007,-0.003071919
4.53844e-007,-0.002601343
4.54244e-007,-0.006836526
4.54644e-007,-0.001660192
4.55044e-007,-0.0007190399
4.55444e-007,-0.003071919
4.55844e-007,-0.001660192
4.56244e-007,-0.003071919
4.56644e-007,-0.004954222
4.57044e-007,-0.001660192
4.57444e-007,-0.004954222
4.57844e-007,-0.005895374
4.58244e-007,-0.005424798
4.58644e-007,-0.003071919
4.59044e-007,-0.005424798
4.59444e-007,-0.003542495
4.59844e-007,-0.001189616
4.60244e-007,-0.004483647
4.60644e-007,-0.002130767
4.61044e-007,-0.004013071
4.61444e-007,-0.003542495
4.61844e-007,-0.007307102
4.62244e-007,0.0002221118
4.62644e-007,-0.001189616
4.63044e-007,-0.004483647
4.63444e-007,-0.002601343
4.63844e-007,-0.004483647
4.64244e-007,-0.002130767
4.64644e-007,-0.002601343
4.65044e-007,-0.003542495
4.65444e-007,-0.002130767
4.65844e-007,-0.003071919
4.66244e-007,-0.00636595
4.66644e-007,-0.004013071
4.67044e-007,-0.004013071
4.67444e-007,-0.006836526
4.67844e-007,-0.005424798
4.68244e-007,-0.003071919
4.68644e-007,-0.004013071
4.69044e-007,-0.002601343
4.69444e-007,-0.001660192
4.69844e-007,-0.004954222
4.70244e-007,-0.004954222
4.70644e-007,-0.005424798
4.71044e-007,-0.003542495
4.71444e-007,-0.005895374
4.71844e-007,-0.003071919
4.72244e-007,-0.004954222
4.72644e-007,-0.005424798
4.73044e-007,-0.002130767
4.73444e-007,-0.004954222
4.73844e-007,-0.004013071
4.74244e-007,-0.002601343
4.74644e-007,-0.004013071
4.75044e-007,-0.004954222
4.75444e-007,-0.005424798
4.75844e-007,-0.003071919
4.76244e-007,-0.005424798
4.76644e-007,-0.002130767
4.77044e-007,-0.004483647
4.77444e-007,-0.004013071
4.77844e-007,-0.00636595
4.78244e-007,-0.00636595
4.78644e-007,0.0002221118
4.79044e-007,-0.000248464
4.79444e-007,-0.0007190399
4.79844e-007,-0.003071919
4.80244e-007,-0.004954222
4.80644e-007,-0.004483647
4.81044e-007,-0.004483647
4.81444e-007,-0.004013071
4.81844e-007,-0.003542495
4.82244e-007,-0.003071919
4.82644e-007,-0.0007190399
4.83044e-007,-0.004954222
4.83444e-007,-0.006836526
4.83844e-007,-0.003071919
4.84244e-007,-0.004483647
4.84644e-007,-0.004954222
4.85044e-007,-0.003542495
4.85444e-007,-0.004483647
4.85844e-007,-0.002601343
4.86244e-007,-0.002601343
4.86644e-007,-0.004483647
4.87044e-007,-0.003542495
4.87444e-007,-0.003071919
4.87844e-007,-0.005895374
4.88244e-007,-0.002130767
4.88644e-007,-0.001189616
4.89044e-007,-0.001660192
4.89444e-007,-0.004013071
4.89844e-007,-0.004954222
4.90244e-007,-0.001189616
4.90644e-007,-0.001660192
4.91044e-007,-0.004954222
4.91444e-007,-0.002130767
4.91844e-007,-0.002601343
4.92244e-007,-0.004483647
4.92644e-007,-0.004013071
4.93044e-007,-0.005895374
4.93444e-007,-0.004483647
4.93844e-007,-0.005424798
4.94244e-007,-0.004013071
4.94644e-007,-0.003542495
4.95044e-007,-0.005424798
4.95444e-007,-0.000248464
4.95844e-007,-0.002601343
4.96244e-007,-0.005895374
4.96644e-007,-0.003071919
4.97044e-007,-0.005895374
4.97444e-007,-0.003542495
4.97844e-007,-0.005424798
4.98244e-007,-0.002601343
4.98644e-007,-0.005895374
4.99044e-007,-0.005895374
4.99444e-007,-0.004483647
4.99844e-007,-0.005424798
5.00244e-007,-0.004013071
5.00644e-007,-0.002601343
5.01044e-007,-0.001189616
5.01444e-007,-0.002601343
5.01844e-007,-0.005424798
5.02244e-007,-0.003542495
5.02644e-007,-0.004483647
5.03044e-007,-0.002601343
5.03444e-007,-0.002601343
5.03844e-007,-0.002601343
5.04244e-007,0.0002221118
5.04644e-007,-0.003542495
5.05044e-007,-0.002130767
5.05444e-007,-0.005424798
5.05844e-007,-0.004013071
5.06244e-007,-0.0007190399
5.06644e-007,-0.003071919
5.07044e-007,-0.0007190399
5.07444e-007,-0.004483647
5.07844e-007,-0.000248464
5.08244e-007,-0.004013071
5.08644e-007,-0.002130767
5.09044e-007,-0.004483647
5.09444e-007,-0.006836526
5.09844e-007,-0.005895374
5.10244e-007,-0.004954222
5.10644e-007,-0.005424798
5.11044e-007,-0.002130767
5.11444e-007,-0.004483647
5.11844e-007,-0.0007190399
5.12244e-007,-0.002130767
5.12644e-007,-0.001660192
5.13044e-007,-0.004013071
5.13444e-007,-0.006836526
5.13844e-007,-0.004954222
5.14244e-007,-0.002130767
5.14644e-007,-0.002601343
5.15044e-007,-0.002601343
5.15444e-007,-0.002130767
5.15844e-007,-0.002130767
5.16244e-007,-0.001660192
5.16644e-007,0.0006926876
5.17044e-007,-0.001189616
5.17444e-007,-0.004013071
5.17844e-007,-0.001660192
5.18244e-007,-0.003542495
5.18644e-007,-0.004483647
5.19044e-007,-0.004013071
5.19444e-007,-0.002130767
5.19844e-007,-0.005895374
5.20244e-007,-0.004013071
5.20644e-007,-0.003542495
5.21044e-007,-0.002601343
5.21444e-007,-0.002601343
5.21844e-007,-0.004483647
5.22244e-007,-0.004483647
5.22644e-007,-0.004483647
5.23044e-007,-0.000248464
5.23444e-007,-0.003542495
5.23844e-007,-0.002130767
5.24244e-007,-0.005424798
5.24644e-007,0.001163263
5.25044e-007,-0.005895374
5.25444e-007,-0.004954222
5.25844e-007,-0.004954222
5.26244e-007,-0.001660192
5.26644e-007,-0.004013071
5.27044e-007,-0.000248464
5.27444e-007,-0.002601343
5.27844e-007,-0.002130767
5.28244e-007,-0.001189616
5.28644e-007,-0.004013071
5.29044e-007,-0.004013071
5.29444e-007,-0.001660192
5.29844e-007,-0.001660192
5.30244e-007,-0.001660192
5.30644e-007,-0.005895374
5.31044e-007,-0.003071919
5.31444e-007,-0.004954222
5.31844e-007,-0.002130767
5.32244e-007,-0.003542495
5.32644e-007,-0.004013071
5.33044e-007,-0.007777677
5.33444e-007,-0.003542495
5.33844e-007,-0.004483647
5.34244e-007,-0.001189616
5.34644e-007,-0.005895374
5.35044e-007,-0.003071919
5.35444e-007,-0.003071919
5.35844e-007,-0.004954222
5.36244e-007,-0.003542495
5.36644e-007,-0.004483647
5.37044e-007,0.0002221118
5.37444e-007,-0.005895374
5.37844e-007,-0.001660192
5.38244e-007,-0.002601343
5.38644e-007,-0.005424798
5.39044e-007,-0.005424798
5.39444e-007,-0.004483647
5.39844e-007,-0.003542495
5.40244e-007,-0.003542495
5.40644e-007,-0.004954222
5.41044e-007,-0.004013071
5.41444e-007,-0.004013071
5.41844e-007,-0.003542495
5.42244e-007,-0.002130767
5.42644e-007,-0.003542495
5.43044e-007,-0.004954222
5.43444e-007,-0.004013071
5.43844e-007,-0.004013071
5.44244e-007,-0.004954222
5.44644e-007,-0.005424798
5.45044e-007,-0.004483647
5.45444e-007,-0.00636595
5.45844e-007,-0.002601343
5.46244e-007,-0.004013071
5.46644e-007,-0.004483647
5.47044e-007,-0.004013071
5.47444e-007,-0.003071919
5.47844e-007,-0.003071919
5.48244e-007,-0.003071919
5.48644e-007,-0.007307102
5.49044e-007,-0.003071919
5.49444e-007,-0.005895374
5.49844e-007,-0.001189616
5.50244e-007,-0.004013071
5.50644e-007,-0.004954222
5.51044e-007,-0.003071919
5.51444e-007,-0.004954222
5.51844e-007,-0.004954222
5.52244e-007,-0.007307102
5.52644e-007,-0.003071919
5.53044e-007,-0.000248464
5.53444e-007,-0.001660192
5.53844e-007,-0.003071919
5.54244e-007,-0.004954222
5.54644e-007,-0.000248464
5.55044e-007,-0.004483647
5.55444e-007,-0.001660192
5.55844e-007,-0.003542495
5.56244e-007,-0.001189616
5.56644e-007,-0.003071919
5.57044e-007,-0.003542495
5.57444e-007,0.001163263
5.57844e-007,-0.003071919
5.58244e-007,-0.004483647
5.58644e-007,-0.001189616
5.59044e-007,-0.003071919
5.59444e-007,-0.004013071
5.59844e-007,-0.002130767
5.60244e-007,-0.006836526
5.60644e-007,-0.005895374
5.61044e-007,-0.002130767
5.61444e-007,-0.005895374
5.61844e-007,-0.003542495
5.62244e-007,-0.004483647
5.62644e-007,-0.004483647
5.63044e-007,-0.005424798
5.63444e-007,-0.004013071
5.63844e-007,-0.005895374
5.64244e-007,-0.004013071
5.64644e-007,-0.001189616
5.65044e-007,-0.004483647
5.65444e-007,-0.004483647
5.65844e-007,-0.003071919
5.66244e-007,0.0006926876
5.66644e-007,-0.007307102
5.67044e-007,-0.002601343
5.67444e-007,-0.001660192
5.67844e-007,-0.003071919
5.68244e-007,-0.004013071
5.68644e-007,-0.004954222
5.69044e-007,-0.004013071
5.69444e-007,-0.005424798
5.69844e-007,-0.006836526
5.70244e-007,-0.003542495
5.70644e-007,-0.005424798
5.71044e-007,-0.0007190399
5.71444e-007,-0.005895374
5.71844e-007,-0.001189616
5.72244e-007,-0.004954222
5.72644e-007,-0.004013071
5.73044e-007,-0.004013071
5.73444e-007,-0.004483647
5.73844e-007,-0.003071919
5.74244e-007,-0.003542495
5.74644e-007,-0.004483647
5.75044e-007,-0.002601343
5.75444e-007,-0.004013071
5.75844e-007,-0.003071919
5.76244e-007,-0.002601343
5.76644e-007,-0.003071919
5.77044e-007,-0.002601343
5.77444e-007,-0.005424798
5.77844e-007,-0.007307102
5.78244e-007,-0.003542495
5.78644e-007,-0.002601343
5.79044e-007,-0.004954222
5.79444e-007,-0.004483647
5.79844e-007,-0.004013071
5.80244e-007,-0.005895374
5.80644e-007,-0.001660192
5.81044e-007,-0.002601343
5.81444e-007,-0.004483647
5.81844e-007,-0.002130767
5.82244e-007,-0.003071919
5.82644e-007,-0.003542495
5.83044e-007,-0.002601343
5.83444e-007,-0.004954222
5.83844e-007,-0.004483647
5.84244e-007,-0.005424798
5.84644e-007,-0.003542495
5.85044e-007,-0.004954222
5.85444e-007,-0.005424798
5.85844e-007,-0.003542495
5.86244e-007,-0.001660192
5.86644e-007,-0.003071919
5.87044e-007,-0.004013071
5.87444e-007,-0.003542495
5.87844e-007,-0.003071919
5.88244e-007,-0.002601343
5.88644e-007,-0.002601343
5.89044e-007,-0.005895374
5.89444e-007,-0.003542495
5.89844e-007,-0.002130767
5.90244e-007,-0.002130767
5.90644e-007,-0.003542495
5.91044e-007,-0.001189616
5.91444e-007,-0.001660192
5.91844e-007,-0.001660192
5.92244e-007,-0.001189616
5.92644e-007,-0.003542495
5.93044e-007,-0.001660192
5.93444e-007,-0.00636595
5.93844e-007,-0.0007190399
5.94244e-007,-0.004954222
5.94644e-007,-0.003071919
5.95044e-007,-0.003542495
5.95444e-007,-0.005895374
5.95844e-007,-0.003071919
5.96244e-007,-0.005424798
5.96644e-007,-0.003071919
5.97044e-007,-0.002601343
5.97444e-007,-0.002130767
5.97844e-007,-0.006836526
5.98244e-007,-0.004013071
5.98644e-007,-0.004013071
5.99044e-007,-0.004013071
5.99444e-007,-0.00636595
5.99844e-007,-0.005424798
6.00244e-007,-0.003542495
6.00644e-007,-0.005895374
6.01044e-007,-0.003071919
6.01444e-007,-0.003071919
6.01844e-007,-0.002601343
6.02244e-007,-0.003071919
6.02644e-007,-0.002130767
6.03044e-007,-0.003542495
6.03444e-007,-0.005424798
6.03844e-007,-0.003542495
6.04244e-007,-0.002601343
6.04644e-007,-0.003542495
6.05044e-007,-0.003071919
6.05444e-007,-0.004013071
6.05844e-007,-0.004483647
6.06244e-007,-0.004954222
6.06644e-007,-0.002601343
6.07044e-007,-0.002601343
6.07444e-007,-0.004483647
6.07844e-007,-0.003071919
6.08244e-007,-0.004483647
6.08644e-007,-0.003071919
6.09044e-007,-0.005895374
6.09444e-007,-0.001660192
6.09844e-007,-0.004013071
6.10244e-007,-0.005895374
6.10644e-007,-0.0007190399
6.11044e-007,-0.002130767
6.11444e-007,-0.004483647
6.11844e-007,-0.003542495
6.12244e-007,0.001633839
6.12644e-007,-0.005895374
6.13044e-007,-0.003542495
6.13444e-007,-0.004483647
6.13844e-007,-0.0007190399
6.14244e-007,-0.006836526
6.14644e-007,-0.003542495
6.15044e-007,-0.001660192
6.15444e-007,-0.004013071
6.15844e-007,-0.003071919
6.16244e-007,-0.003542495
6.16644e-007,-0.004954222
6.17044e-007,0.0002221118
6.17444e-007,-0.001660192
6.17844e-007,-0.00636595
6.18244e-007,-0.003071919
6.18644e-007,-0.001660192
6.19044e-007,-0.001189616
6.19444e-007,-0.004483647
6.19844e-007,-0.004954222
6.20244e-007,-0.004954222
6.20644e-007,-0.004483647
6.21044e-007,-0.002601343
6.21444e-007,-0.005424798
6.21844e-007,-0.001189616
6.22244e-007,-0.003071919
6.22644e-007,-0.003071919
6.23044e-007,-0.001189616
6.23444e-007,-0.003542495
6.23844e-007,-0.004954222
6.24244e-007,-0.004013071
6.24644e-007,-0.003071919
6.25044e-007,-0.002130767
6.25444e-007,-0.004483647
6.25844e-007,-0.004954222
6.26244e-007,-0.001189616
6.26644e-007,-0.004013071
6.27044e-007,-0.001189616
6.27444e-007,-0.008718829
6.27844e-007,-0.004013071
6.28244e-007,-0.004013071
6.28644e-007,-0.004954222
6.29044e-007,-0.003071919
6.29444e-007,-0.005424798
6.29844e-007,-0.002601343
6.30244e-007,-0.004954222
6.30644e-007,-0.003542495
6.31044e-007,-0.002130767
6.31444e-007,-0.005895374
6.31844e-007,-0.001660192
6.32244e-007,0.0006926876
6.32644e-007,-0.004483647
6.33044e-007,-0.004483647
6.33444e-007,-0.003542495
6.33844e-007,-0.004483647
6.34244e-007,-0.004483647
6.34644e-007,-0.000248464
6.35044e-007,-0.003542495
6.35444e-007,-0.004954222
6.35844e-007,-0.002130767
6.36244e-007,-0.000248464
6.36644e-007,-0.004013071
6.37044e-007,-0.004483647
6.37444e-007,-0.006836526
6.37844e-007,-0.003071919
6.38244e-007,-0.004013071
6.38644e-007,-0.002601343
6.39044e-007,-0.00636595
6.39444e-007,-0.00636595
6.39844e-007,-0.0007190399
6.40244e-007,-0.002130767
6.40644e-007,-0.003542495
6.41044e-007,-0.004013071
6.41444e-007,-0.004483647
6.41844e-007,-0.004954222
6.42244e-007,-0.002601343
6.42644e-007,-0.003071919
6.43044e-007,-0.003542495
6.43444e-007,-0.004013071
6.43844e-007,-0.001189616
6.44244e-007,-0.005424798
6.44644e-007,-0.002130767
6.45044e-007,-0.002130767
6.45444e-007,-0.007307102
6.45844e-007,0.0002221118
6.46244e-007,-0.005424798
6.46644e-007,-0.004954222
6.47044e-007,-0.00636595
6.47444e-007,-0.005424798
6.47844e-007,-0.003542495
6.48244e-007,-0.002601343
6.48644e-007,-0.004954222
6.49044e-007,-0.002601343
6.49444e-007,-0.004954222
6.49844e-007,-0.004013071
6.50244e-007,-0.003071919
6.50644e-007,-0.004013071
6.51044e-007,-0.002601343
6.51444e-007,-0.003542495
6.51844e-007,-0.003542495
6.52244e-007,-0.004483647
6.52644e-007,-0.003542495
6.53044e-007,-0.003542495
6.53444e-007,-0.003071919
6.53844e-007,-0.004013071
6.54244e-007,-0.002601343
6.54644e-007,-0.004954222
6.55044e-007,-0.003542495
6.55444e-007,-0.002130767
6.55844e-007,-0.005424798
6.56244e-007,-0.001189616
6.56644e-007,-0.00636595
6.57044e-007,-0.00636595
6.57444e-007,-0.0007190399
6.57844e-007,-0.000248464
6.58244e-007,-0.003071919
6.58644e-007,-0.004483647
6.59044e-007,-0.001189616
6.59444e-007,-0.004483647
6.59844e-007,-0.004483647
6.60244e-007,-0.0007190399
6.60644e-007,-0.002130767
6.61044e-007,-0.004483647
6.61444e-007,-0.002130767
6.61844e-007,-0.001660192
6.62244e-007,-0.001189616
6.62644e-007,-0.004483647
6.63044e-007,-0.003071919
6.63444e-007,-0.003071919
6.63844e-007,-0.003071919
6.64244e-007,-0.003071919
6.64644e-007,-0.005424798
6.65044e-007,-0.004483647
6.65444e-007,-0.004954222
6.65844e-007,-0.000248464
6.66244e-007,-0.001660192
6.66644e-007,-0.002130767
6.67044e-007,-0.003071919
6.67444e-007,-0.003542495
6.67844e-007,-0.004483647
6.68244e-007,0.0002221118
6.68644e-007,-0.005895374
6.69044e-007,-0.004013071
6.69444e-007,-0.004013071
6.69844e-007,-0.001660192
6.70244e-007,-0.004954222
6.70644e-007,-0.004483647
6.71044e-007,-0.004013071
6.71444e-007,-0.001189616
6.71844e-007,-0.002601343
6.72244e-007,-0.006836526
6.72644e-007,-0.004483647
6.73044e-007,-0.004013071
6.73444e-007,-0.002601343
6.73844e-007,-0.001189616
6.74244e-007,-0.004013071
6.74644e-007,-0.004483647
6.75044e-007,-0.002601343
6.75444e-007,-0.007307102
6.75844e-007,-0.002601343
6.76244e-007,-0.003071919
6.76644e-007,-0.000248464
6.77044e-007,-0.002130767
6.77444e-007,-0.002601343
6.77844e-007,-0.003542495
6.78244e-007,-0.001660192
6.78644e-007,-0.004483647
6.79044e-007,-0.003071919
6.79444e-007,-0.004013071
6.79844e-007,-0.004013071
6.80244e-007,-0.004483647
6.80644e-007,-0.003542495
6.81044e-007,-0.006836526
6.81444e-007,-0.002601343
6.81844e-007,-0.004954222
6.82244e-007,-0.004013071
6.82644e-007,-0.00636595
6.83044e-007,-0.002130767
6.83444e-007,-0.003542495
6.83844e-007,-0.004483647
6.84244e-007,-0.004954222
6.84644e-007,-0.004954222
6.85044e-007,-0.004483647
6.85444e-007,-0.004013071
6.85844e-007,-0.005895374
6.86244e-007,-0.001660192
6.86644e-007,-0.00636595
6.87044e-007,-0.004954222
6.87444e-007,-0.005424798
6.87844e-007,-0.002130767
6.88244e-007,-0.003542495
6.88644e-007,-0.002601343
6.89044e-007,-0.003071919
6.89444e-007,-0.009189405
6.89844e-007,-0.002601343
6.90244e-007,-0.002130767
6.90644e-007,-0.004483647
6.91044e-007,-0.001189616
6.91444e-007,-0.002130767
6.91844e-007,-0.004954222
6.92244e-007,-0.004013071
6.92644e-007,-0.004013071
6.93044e-007,-0.002601343
6.93444e-007,-0.003542495
6.93844e-007,-0.006836526
6.94244e-007,-0.003071919
6.94644e-007,-0.003071919
6.95044e-007,-0.001189616
6.95444e-007,-0.004483647
6.95844e-007,-0.003542495
6.96244e-007,-0.0007190399
6.96644e-007,-0.008248253
6.97044e-007,-0.0007190399
6.97444e-007,-0.005424798
6.97844e-007,-0.003071919
6.98244e-007,-0.00636595
6.98644e-007,-0.002130767
6.99044e-007,-0.004013071
6.99444e-007,-0.003071919
6.99844e-007,-0.001660192
7.00244e-007,-0.002601343
7.00644e-007,-0.007307102
7.01044e-007,-0.003071919
7.01444e-007,-0.004483647
7.01844e-007,-0.005895374
7.02244e-007,-0.001660192
7.02644e-007,-0.004954222
7.03044e-007,-0.004954222
7.03444e-007,-0.005424798
7.03844e-007,-0.005424798
7.04244e-007,-0.002601343
7.04644e-007,-0.005895374
7.05044e-007,-0.004954222
7.05444e-007,-0.003542495
7.05844e-007,-0.004954222
7.06244e-007,-0.003071919
7.06644e-007,-0.002130767
7.07044e-007,-0.004954222
7.07444e-007,-0.001189616
7.07844e-007,-0.004013071
7.08244e-007,-0.0007190399
7.08644e-007,-0.004954222
7.09044e-007,-0.002130767
7.09444e-007,-0.002601343
7.09844e-007,-0.001660192
7.10244e-007,-0.003542495
7.10644e-007,-0.003071919
7.11044e-007,-0.0007190399
7.11444e-007,-0.001660192
7.11844e-007,-0.004013071
7.12244e-007,-0.002130767
7.12644e-007,-0.001189616
7.13044e-007,-0.001660192
7.13444e-007,-0.004954222
7.13844e-007,-0.003542495
7.14244e-007,-0.006836526
7.14644e-007,-0.002130767
7.15044e-007,-0.004954222
7.15444e-007,-0.002601343
7.15844e-007,-0.002601343
7.16244e-007,-0.004483647
7.16644e-007,-0.001189616
7.17044e-007,-0.003542495
7.17444e-007,-0.003071919
7.17844e-007,-0.004013071
7.18244e-007,-0.003071919
7.18644e-007,-0.003542495
7.19044e-007,-0.005424798
7.19444e-007,-0.002601343
7.19844e-007,-0.004954222
7.20244e-007,-0.003542495
7.20644e-007,-0.000248464
7.21044e-007,-0.004483647
7.21444e-007,-0.003542495
7.21844e-007,-0.004483647
7.22244e-007,-0.004013071
7.22644e-007,-0.004954222
7.23044e-007,-0.004013071
7.23444e-007,-0.002130767
7.23844e-007,-0.00636595
7.24244e-007,-0.001189616
7.24644e-007,-0.004013071
7.25044e-007,-0.002601343
7.25444e-007,-0.001660192
7.25844e-007,-0.002601343
7.26244e-007,-0.002601343
7.26644e-007,-0.004013071
7.27044e-007,-0.003071919
7.27444e-007,-0.004013071
7.27844e-007,-0.004013071
7.28244e-007,-0.005424798
7.28644e-007,-0.004013071
7.29044e-007,-0.003542495
7.29444e-007,-0.003542495
7.29844e-007,-0.004954222
7.30244e-007,-0.005424798
7.30644e-007,-0.0007190399
7.31044e-007,-0.004954222
7.31444e-007,-0.001189616
7.31844e-007,-0.006836526
7.32244e-007,-0.001660192
7.32644e-007,-0.004954222
7.33044e-007,-0.002130767
7.33444e-007,-0.004013071
7.33844e-007,-0.004483647
7.34244e-007,-0.001189616
7.34644e-007,-0.001660192
7.35044e-007,-0.002601343
7.35444e-007,-0.001189616
7.35844e-007,-0.003542495
7.36244e-007,-0.000248464
7.36644e-007,-0.000248464
7.37044e-007,-0.005895374
7.37444e-007,-0.005424798
7.37844e-007,-0.003542495
7.38244e-007,-0.003542495
7.38644e-007,-0.001660192
7.39044e-007,-0.004954222
7.39444e-007,-0.003542495
7.39844e-007,-0.005895374
7.40244e-007,-0.003071919
7.40644e-007,-0.004954222
7.41044e-007,-0.005424798
7.41444e-007,-0.004954222
7.41844e-007,-0.003542495
7.42244e-007,-0.00636595
7.42644e-007,-0.003071919
7.43044e-007,-0.003542495
7.43444e-007,-0.005424798
7.43844e-007,-0.005895374
7.44244e-007,-0.005895374
7.44644e-007,-0.001189616
7.45044e-007,-0.001660192
7.45444e-007,-0.002601343
7.45844e-007,-0.004954222
7.46244e-007,-0.003071919
7.46644e-007,-0.003071919
7.47044e-007,-0.004954222
7.47444e-007,-0.000248464
7.47844e-007,-0.009189405
7.48244e-007,0.0002221118
7.48644e-007,-0.005424798
7.49044e-007,-0.004483647
7.49444e-007,-0.003071919
7.49844e-007,-0.004483647
7.50244e-007,-0.004954222
7.50644e-007,-0.002601343
7.51044e-007,-0.004483647
7.51444e-007,-0.001189616
7.51844e-007,-0.004954222
7.52244e-007,-0.00636595
7.52644e-007,-0.003071919
7.53044e-007,-0.005895374
7.53444e-007,-0.002601343
7.53844e-007,-0.003542495
7.54244e-007,-0.002601343
7.54644e-007,-0.003071919
7.55044e-007,-0.003071919
7.55444e-007,-0.004483647
7.55844e-007,-0.004483647
7.56244e-007,-0.004013071
7.56644e-007,-0.002601343
7.57044e-007,-0.004954222
7.57444e-007,-0.002601343
7.57844e-007,-0.005424798
7.58244e-007,-0.001660192
7.58644e-007,-0.003071919
7.59044e-007,-0.003071919
7.59444e-007,-0.004483647
7.59844e-007,-0.003542495
7.60244e-007,-0.000248464
7.60644e-007,-0.004954222
7.61044e-007,-0.004954222
7.61444e-007,-0.004013071
7.61844e-007,-0.005424798
7.62244e-007,-0.002601343
7.62644e-007,-0.002601343
7.63044e-007,-0.004483647
7.63444e-007,-0.003542495
7.63844e-007,-0.003542495
7.64244e-007,-0.001189616
7.64644e-007,-0.002601343
7.65044e-007,-0.002130767
7.65444e-007,-0.004013071
7.65844e-007,-0.002601343
7.66244e-007,-0.001660192
7.66644e-007,-0.002601343
7.67044e-007,-0.004954222
7.67444e-007,-0.003542495
7.67844e-007,-0.004483647
7.68244e-007,-0.003071919
7.68644e-007,-0.001660192
7.69044e-007,-0.005424798
7.69444e-007,-0.002130767
7.69844e-007,-0.004013071
7.70244e-007,-0.003542495
7.70644e-007,-0.004954222
7.71044e-007,-0.002130767
7.71444e-007,-0.002130767
7.71844e-007,-0.001189616
7.72244e-007,-0.003542495
7.72644e-007,-0.004013071
7.73044e-007,-0.004013071
7.73444e-007,-0.004483647
7.73844e-007,-0.002130767
7.74244e-007,-0.005424798
7.74644e-007,-0.001189616
7.75044e-007,-0.003071919
7.75444e-007,-0.005424798
7.75844e-007,-0.000248464
7.76244e-007,-0.002601343
7.76644e-007,-0.001189616
7.77044e-007,-0.001189616
7.77444e-007,-0.003071919
7.77844e-007,-0.004013071
7.78244e-007,-0.005424798
7.78644e-007,-0.002130767
7.79044e-007,-0.005895374
7.79444e-007,-0.002130767
7.79844e-007,-0.003542495
7.80244e-007,-0.005424798
7.80644e-007,-0.004013071
7.81044e-007,-0.007777677
7.81444e-007,-0.004013071
7.81844e-007,-0.004013071
7.82244e-007,-0.002601343
7.82644e-007,-0.004483647
7.83044e-007,-0.004954222
7.83444e-007,-0.002601343
7.83844e-007,-0.002601343
7.84244e-007,-0.002130767
7.84644e-007,-0.002130767
7.85044e-007,-0.00636595
7.85444e-007,-0.002601343
7.85844e-007,-0.002601343
7.86244e-007,-0.001660192
7.86644e-007,-0.004483647
7.87044e-007,-0.004483647
7.87444e-007,-0.005424798
7.87844e-007,-0.004954222
7.88244e-007,-0.002601343
7.88644e-007,-0.004013071
7.89044e-007,-0.001660192
7.89444e-007,-0.003542495
7.89844e-007,-0.001189616
7.90244e-007,-0.001189616
7.90644e-007,-0.005895374
7.91044e-007,-0.005424798
7.91444e-007,-0.002130767
7.91844e-007,-0.001660192
7.92244e-007,-0.004013071
7.92644e-007,-0.003071919
7.93044e-007,-0.002130767
7.93444e-007,-0.004483647
7.93844e-007,-0.003071919
7.94244e-007,-0.001660192
7.94644e-007,-0.004013071
7.95044e-007,-0.004013071
7.95444e-007,-0.002130767
7.95844e-007,-0.004483647
7.96244e-007,-0.001189616
7.96644e-007,-0.004013071
7.97044e-007,-0.004013071
7.97444e-007,-0.001189616
7.97844e-007,-0.001660192
7.98244e-007,-0.0007190399
7.98644e-007,-0.004483647
7.99044e-007,-0.004954222
7.99444e-007,-0.001660192
7.99844e-007,-0.004483647
8.00244e-007,-0.003542495
8.00644e-007,-0.004483647
8.01044e-007,-0.005424798
8.01444e-007,-0.003071919
8.01844e-007,-0.002601343
8.02244e-007,-0.002601343
8.02644e-007,-0.002601343
8.03044e-007,-0.004954222
8.03444e-007,-0.005424798
8.03844e-007,-0.004483647
8.04244e-007,-0.004013071
8.04644e-007,-0.003542495
8.05044e-007,-0.003071919
8.05444e-007,-0.003542495
8.05844e-007,-0.004483647
8.06244e-007,-0.005895374
8.06644e-007,-0.004483647
8.07044e-007,-0.003071919
8.07444e-007,-0.002601343
8.07844e-007,-0.0007190399
8.08244e-007,-0.003071919
8.08644e-007,-0.003542495
8.09044e-007,-0.004013071
8.09444e-007,-0.007777677
8.09844e-007,-0.004483647
8.10244e-007,-0.004013071
8.10644e-007,-0.000248464
8.11044e-007,-0.002601343
8.11444e-007,-0.001660192
8.11844e-007,-0.001189616
8.12244e-007,-0.003071919
8.12644e-007,-0.004954222
8.13044e-007,-0.004483647
8.13444e-007,-0.004483647
8.13844e-007,-0.001660192
8.14244e-007,-0.002130767
8.14644e-007,-0.004483647
8.15044e-007,-0.001660192
8.15444e-007,-0.001660192
8.15844e-007,-0.004013071
8.16244e-007,-0.003542495
8.16644e-007,-0.004013071
8.17044e-007,-0.004483647
8.17444e-007,-0.004954222
8.17844e-007,-0.005895374
8.18244e-007,-0.004483647
8.18644e-007,-0.002601343
8.19044e-007,-0.004954222
8.19444e-007,-0.001660192
8.19844e-007,-0.004483647
8.20244e-007,-0.003071919
8.20644e-007,-0.006836526
8.21044e-007,-0.001189616
8.21444e-007,-0.00636595
8.21844e-007,0.0002221118
8.22244e-007,-0.004954222
8.22644e-007,-0.001189616
8.23044e-007,-0.004013071
8.23444e-007,-0.001660192
8.23844e-007,-0.007307102
8.24244e-007,0.001163263
8.24644e-007,-0.004013071
8.25044e-007,-0.003071919
8.25444e-007,-0.005424798
8.25844e-007,-0.00636595
8.26244e-007,-0.004483647
8.26644e-007,-0.004483647
8.27044e-007,-0.001660192
8.27444e-007,-0.005424798
8.27844e-007,-0.004013071
8.28244e-007,-0.00636595
8.28644e-007,-0.0007190399
8.29044e-007,-0.004483647
8.29444e-007,-0.004483647
8.29844e-007,-0.004013071
8.30244e-007,-0.003542495
8.30644e-007,-0.002130767
8.31044e-007,-0.001189616
8.31444e-007,-0.003542495
8.31844e-007,-0.002601343
8.32244e-007,-0.004954222
8.32644e-007,-0.003071919
8.33044e-007,-0.004954222
8.33444e-007,-0.006836526
8.33844e-007,-0.003071919
8.34244e-007,-0.006836526
8.34644e-007,-0.004013071
8.35044e-007,-0.005895374
8.35444e-007,-0.003542495
8.35844e-007,-0.004954222
8.36244e-007,-0.004013071
8.36644e-007,-0.002601343
8.37044e-007,-0.004013071
8.37444e-007,-0.004013071
8.37844e-007,-0.005895374
8.38244e-007,-0.004483647
8.38644e-007,-0.004483647
8.39044e-007,-0.002130767
8.39444e-007,-0.005895374
8.39844e-007,-0.002601343
8.40244e-007,-0.004483647
8.40644e-007,-0.003542495
8.41044e-007,-0.004013071
8.41444e-007,-0.004954222
8.41844e-007,-0.001660192
8.42244e-007,-0.004483647
8.42644e-007,-0.0007190399
8.43044e-007,-0.007307102
8.43444e-007,-0.001660192
8.43844e-007,-0.004483647
8.44244e-007,-0.002601343
8.44644e-007,-0.002601343
8.45044e-007,-0.00636595
8.45444e-007,0.001163263
8.45844e-007,-0.004013071
8.46244e-007,-0.002130767
8.46644e-007,-0.002601343
8.47044e-007,-0.002601343
8.47444e-007,-0.003542495
8.47844e-007,-0.004013071
8.48244e-007,-0.005424798
8.48644e-007,-0.003542495
8.49044e-007,-0.001660192
8.49444e-007,0.0002221118
8.49844e-007,-0.000248464
8.50244e-007,-0.004013071
8.50644e-007,-0.004013071
8.51044e-007,-0.003071919
8.51444e-007,-0.004483647
8.51844e-007,-0.007777677
8.52244e-007,-0.005895374
8.52644e-007,-0.001660192
8.53044e-007,-0.002130767
8.53444e-007,-0.005424798
8.53844e-007,-0.004013071
8.54244e-007,-0.002601343
8.54644e-007,-0.007307102
8.55044e-007,-0.000248464
8.55444e-007,-0.004483647
8.55844e-007,-0.003542495
8.56244e-007,-0.00636595
8.56644e-007,-0.004954222
8.57044e-007,-0.004483647
8.57444e-007,-0.004013071
8.57844e-007,-0.004954222
8.58244e-007,-0.005424798
8.58644e-007,-0.002601343
8.59044e-007,-0.005424798
8.59444e-007,-0.004483647
8.59844e-007,-0.003542495
8.60244e-007,-0.002130767
8.60644e-007,-0.004483647
8.61044e-007,-0.001189616
8.61444e-007,-0.004954222
8.61844e-007,-0.004483647
8.62244e-007,-0.002601343
8.62644e-007,-0.001660192
8.63044e-007,-0.003071919
8.63444e-007,0.0002221118
8.63844e-007,-0.003071919
8.64244e-007,-0.003542495
8.64644e-007,-0.002130767
8.65044e-007,-0.004954222
8.65444e-007,-0.002601343
8.65844e-007,-0.004954222
8.66244e-007,-0.004954222
8.66644e-007,-0.005424798
8.67044e-007,-0.004013071
8.67444e-007,-0.002601343
8.67844e-007,-0.004483647
8.68244e-007,-0.002130767
8.68644e-007,-0.003071919
8.69044e-007,-0.005424798
8.69444e-007,-0.00636595
8.69844e-007,-0.002130767
8.70244e-007,-0.002601343
8.70644e-007,-0.004483647
8.71044e-007,-0.005895374
8.71444e-007,-0.005424798
8.71844e-007,-0.004013071
8.72244e-007,-0.002601343
8.72644e-007,-0.005424798
8.73044e-007,-0.003071919
8.73444e-007,-0.002601343
8.73844e-007,-0.005424798
8.74244e-007,0.001163263
8.74644e-007,-0.005895374
8.75044e-007,-0.000248464
8.75444e-007,-0.000248464
8.75844e-007,-0.004483647
8.76244e-007,-0.002601343
8.76644e-007,-0.003071919
8.77044e-007,-0.004954222
8.77444e-007,-0.005895374
8.77844e-007,-0.004483647
8.78244e-007,-0.004954222
8.78644e-007,-0.003071919
8.79044e-007,-0.002601343
8.79444e-007,-0.003071919
8.79844e-007,-0.003071919
8.80244e-007,-0.004954222
8.80644e-007,-0.004483647
8.81044e-007,-0.008718829
8.81444e-007,-0.002601343
8.81844e-007,-0.00636595
8.82244e-007,-0.002601343
8.82644e-007,-0.003542495
8.83044e-007,-0.003542495
8.83444e-007,-0.004013071
8.83844e-007,-0.005424798
8.84244e-007,-0.005895374
8.84644e-007,-0.004013071
8.85044e-007,-0.005424798
8.85444e-007,-0.003542495
8.85844e-007,-0.004013071
8.86244e-007,-0.006836526
8.86644e-007,-0.003542495
8.87044e-007,-0.002601343
8.87444e-007,-0.002601343
8.87844e-007,-0.004954222
8.88244e-007,-0.002130767
8.88644e-007,-0.003542495
8.89044e-007,-0.003542495
8.89444e-007,-0.003542495
8.89844e-007,-0.003071919
8.90244e-007,-0.002130767
8.90644e-007,-0.004954222
8.91044e-007,-0.002130767
8.91444e-007,-0.003542495
8.91844e-007,-0.002130767
8.92244e-007,-0.004013071
8.92644e-007,-0.004013071
8.93044e-007,-0.006836526
8.93444e-007,-0.007307102
8.93844e-007,-0.004013071
8.94244e-007,-0.005895374
8.94644e-007,-0.003542495
8.95044e-007,-0.005424798
8.95444e-007,-0.002130767
8.95844e-007,-0.003542495
8.96244e-007,-0.004954222
8.96644e-007,-0.003071919
8.97044e-007,-0.004013071
8.97444e-007,-0.004483647
8.97844e-007,-0.003542495
8.98244e-007,-0.00636595
8.98644e-007,-0.003542495
8.99044e-007,-0.001660192
8.99444e-007,-0.003542495
8.99844e-007,-0.003071919
9.00244e-007,-0.002601343
9.00644e-007,-0.003542495
9.01044e-007,-0.004013071
9.01444e-007,-0.004483647
9.01844e-007,-0.00636595
9.02244e-007,-0.007777677
9.02644e-007,-0.004013071
9.03044e-007,-0.005424798
9.03444e-007,-0.002130767
9.03844e-007,-0.005424798
9.04244e-007,-0.004954222
9.04644e-007,-0.004954222
9.05044e-007,-0.0007190399
9.05444e-007,-0.004954222
9.05844e-007,-0.004013071
9.06244e-007,-0.003071919
9.06644e-007,-0.00636595
9.07044e-007,-0.003542495
9.07444e-007,-0.004483647
9.07844e-007,-0.002601343
9.08244e-007,-0.00636595
9.08644e-007,-0.000248464
9.09044e-007,-0.004483647
9.09444e-007,-0.003542495
9.09844e-007,-0.004013071
9.10244e-007,-0.004954222
9.10644e-007,-0.003071919
9.11044e-007,-0.003071919
9.11444e-007,-0.002130767
9.11844e-007,-0.003542495
9.12244e-007,-0.003542495
9.12644e-007,-0.002130767
9.13044e-007,-0.004483647
9.13444e-007,-0.002601343
9.13844e-007,0.0006926876
9.14244e-007,-0.00636595
9.14644e-007,-0.001189616
9.15044e-007,-0.004954222
9.15444e-007,-0.003542495
9.15844e-007,-0.0007190399
9.16244e-007,-0.001660192
9.16644e-007,-0.002601343
9.17044e-007,-0.00636595
9.17444e-007,0.0006926876
9.17844e-007,-0.001189616
9.18244e-007,-0.004954222
9.18644e-007,-0.005895374
9.19044e-007,-0.005895374
9.19444e-007,-0.00636595
9.19844e-007,-0.004013071
9.20244e-007,-0.003542495
9.20644e-007,0.0002221118
9.21044e-007,-0.004483647
9.21444e-007,-0.002130767
9.21844e-007,-0.001660192
9.22244e-007,-0.005895374
9.22644e-007,-0.005424798
9.23044e-007,-0.004483647
9.23444e-007,-0.003542495
9.23844e-007,-0.004483647
9.24244e-007,-0.002601343
9.24644e-007,-0.002601343
9.25044e-007,-0.00636595
9.25444e-007,-0.004013071
9.25844e-007,-0.001660192
9.26244e-007,-0.003542495
9.26644e-007,-0.004013071
9.27044e-007,-0.004954222
9.27444e-007,-0.002601343
9.27844e-007,-0.000248464
9.28244e-007,-0.00636595
9.28644e-007,-0.003071919
9.29044e-007,-0.005424798
9.29444e-007,-0.002601343
9.29844e-007,-0.00636595
9.30244e-007,-0.004954222
9.30644e-007,-0.004483647
9.31044e-007,-0.006836526
9.31444e-007,-0.004954222
9.31844e-007,-0.004483647
9.32244e-007,-0.00636595
9.32644e-007,-0.002601343
9.33044e-007,-0.002130767
9.33444e-007,-0.002601343
9.33844e-007,-0.005424798
9.34244e-007,-0.00636595
9.34644e-007,-0.005895374
9.35044e-007,-0.004954222
9.35444e-007,-0.004013071
9.35844e-007,-0.003542495
9.36244e-007,-0.004954222
9.36644e-007,-0.004013071
9.37044e-007,-0.002601343
9.37444e-007,-0.004954222
9.37844e-007,-0.002601343
9.38244e-007,0.0006926876
9.38644e-007,-0.004483647
9.39044e-007,-0.002601343
9.39444e-007,-0.002130767
9.39844e-007,-0.002601343
9.40244e-007,-0.000248464
9.40644e-007,-0.004483647
9.41044e-007,-0.003071919
9.41444e-007,-0.002130767
9.41844e-007,-0.004483647
9.42244e-007,-0.002601343
9.42644e-007,-0.002130767
9.43044e-007,-0.004954222
9.43444e-007,-0.005424798
9.43844e-007,-0.004483647
9.44244e-007,-0.002601343
9.44644e-007,-0.004483647
9.45044e-007,-0.005424798
9.45444e-007,-0.002601343
9.45844e-007,-0.003071919
9.46244e-007,-0.004954222
9.46644e-007,-0.002130767
9.47044e-007,-0.003071919
9.47444e-007,-0.001660192
9.47844e-007,-0.004483647
9.48244e-007,-0.005424798
