LECROYWS4104HD,18971,Waveform
Segments,1,SegmentSize,1252
Segment,TrigTime,TimeSinceSegment1
#1,24-Feb-2025 16:41:51,0                 
Time,Ampl
-2.6156e-008,-0.001660192
-2.5756e-008,-0.003071919
-2.5356e-008,-0.002601343
-2.4956e-008,-0.003542495
-2.4556e-008,-0.001189616
-2.4156e-008,-0.004013071
-2.3756e-008,-0.0007190399
-2.3356e-008,-0.004954222
-2.2956e-008,0.0002221118
-2.2556e-008,-0.002130767
-2.2156e-008,0.001633839
-2.1756e-008,-0.002130767
-2.1356e-008,-0.003071919
-2.0956e-008,-0.004013071
-2.0556e-008,-0.004954222
-2.0156e-008,-0.000248464
-1.9756e-008,-0.005424798
-1.9356e-008,0.0002221118
-1.8956e-008,-0.002601343
-1.8556e-008,0.0006926876
-1.8156e-008,-0.001660192
-1.7756e-008,-0.001189616
-1.7356e-008,-0.001189616
-1.6956e-008,-0.001189616
-1.6556e-008,-0.002601343
-1.6156e-008,0.0002221118
-1.5756e-008,-0.001660192
-1.5356e-008,-0.002601343
-1.4956e-008,-0.000248464
-1.4556e-008,-0.001660192
-1.4156e-008,-0.002601343
-1.3756e-008,-0.003542495
-1.3356e-008,-0.001189616
-1.2956e-008,-0.001660192
-1.2556e-008,-0.006836526
-1.2156e-008,-0.001660192
-1.1756e-008,-0.002601343
-1.1356e-008,-0.000248464
-1.0956e-008,0.001163263
-1.0556e-008,-0.001660192
-1.0156e-008,-0.001660192
-9.756e-009,0.0006926876
-9.356e-009,-0.002130767
-8.956e-009,-0.001189616
-8.556e-009,-0.003542495
-8.156e-009,-0.003542495
-7.756e-009,0.001633839
-7.356e-009,-0.005424798
-6.956e-009,0.0002221118
-6.556e-009,-0.0007190399
-6.156e-009,0.0006926876
-5.756e-009,-0.002130767
-5.356e-009,-0.004954222
-4.956e-009,-0.001660192
-4.556e-009,-0.005424798
-4.156e-009,-0.004483647
-3.756e-009,-0.004013071
-3.356e-009,-0.002130767
-2.956e-009,-0.002601343
-2.556e-009,-0.001189616
-2.156e-009,-0.002130767
-1.756e-009,-0.001189616
-1.356e-009,-0.004013071
-9.56e-010,-0.001189616
-5.56e-010,-0.002601343
-1.56e-010,-0.003071919
2.44e-010,0.0002221118
6.44e-010,-0.004483647
1.044e-009,-0.003071919
1.444e-009,0.0002221118
1.844e-009,0.0002221118
2.244e-009,-0.003071919
2.644e-009,-0.003071919
3.044e-009,-0.001660192
3.444e-009,-0.000248464
3.844e-009,-0.004954222
4.244e-009,0.001163263
4.644e-009,-0.002601343
5.044e-009,-0.000248464
5.444e-009,-0.003542495
5.844e-009,-0.002130767
6.244e-009,-0.003071919
6.644e-009,0.001163263
7.044e-009,-0.000248464
7.444e-009,-0.004954222
7.844e-009,-0.004013071
8.244e-009,-0.005424798
8.644e-009,-0.001189616
9.044e-009,-0.002130767
9.444e-009,-0.001660192
9.844e-009,-0.0007190399
1.0244e-008,0.0002221118
1.0644e-008,-0.004954222
1.1044e-008,-0.001660192
1.1444e-008,-0.004954222
1.1844e-008,-0.001189616
1.2244e-008,-0.004483647
1.2644e-008,-0.002130767
1.3044e-008,-0.004013071
1.3444e-008,-0.004013071
1.3844e-008,-0.002601343
1.4244e-008,-0.0007190399
1.4644e-008,-0.002601343
1.5044e-008,-0.0007190399
1.5444e-008,-0.002601343
1.5844e-008,-0.000248464
1.6244e-008,-0.003071919
1.6644e-008,0.0002221118
1.7044e-008,-0.002130767
1.7444e-008,0.0002221118
1.7844e-008,-0.004483647
1.8244e-008,0.0002221118
1.8644e-008,-0.004013071
1.9044e-008,0.001163263
1.9444e-008,-0.003542495
1.9844e-008,-0.000248464
2.0244e-008,-0.004013071
2.0644e-008,-0.001660192
2.1044e-008,-0.005424798
2.1444e-008,-0.001660192
2.1844e-008,-0.003071919
2.2244e-008,-0.003071919
2.2644e-008,-0.003071919
2.3044e-008,0.0006926876
2.3444e-008,-0.004013071
2.3844e-008,0.0006926876
2.4244e-008,-0.002130767
2.4644e-008,-0.00636595
2.5044e-008,-0.0007190399
2.5444e-008,-0.004013071
2.5844e-008,-0.002601343
2.6244e-008,-0.001189616
2.6644e-008,-0.001189616
2.7044e-008,-0.002130767
2.7444e-008,-0.002130767
2.7844e-008,-0.002601343
2.8244e-008,0.0002221118
2.8644e-008,-0.003071919
2.9044e-008,-0.001660192
2.9444e-008,-0.003071919
2.9844e-008,-0.001189616
3.0244e-008,-0.002601343
3.0644e-008,-0.003542495
3.1044e-008,-0.003542495
3.1444e-008,-0.002130767
3.1844e-008,-0.0007190399
3.2244e-008,0.001633839
3.2644e-008,-0.004013071
3.3044e-008,-0.000248464
3.3444e-008,-0.005424798
3.3844e-008,-0.0007190399
3.4244e-008,-0.003071919
3.4644e-008,-0.003071919
3.5044e-008,-0.000248464
3.5444e-008,-0.004013071
3.5844e-008,-0.003542495
3.6244e-008,-0.001189616
3.6644e-008,-0.001189616
3.7044e-008,-0.002130767
3.7444e-008,-0.002130767
3.7844e-008,-0.002601343
3.8244e-008,-0.003071919
3.8644e-008,-0.005424798
3.9044e-008,-0.002601343
3.9444e-008,-0.000248464
3.9844e-008,-0.001189616
4.0244e-008,-0.001189616
4.0644e-008,-0.002601343
4.1044e-008,-0.002601343
4.1444e-008,0.001633839
4.1844e-008,-0.002130767
4.2244e-008,-0.001189616
4.2644e-008,-0.003542495
4.3044e-008,-0.002601343
4.3444e-008,-0.003542495
4.3844e-008,0.0002221118
4.4244e-008,-0.003071919
4.4644e-008,-0.0007190399
4.5044e-008,0.0006926876
4.5444e-008,0.0002221118
4.5844e-008,-0.002601343
4.6244e-008,0.0002221118
4.6644e-008,-0.003542495
4.7044e-008,-0.003542495
4.7444e-008,-0.004483647
4.7844e-008,-0.005424798
4.8244e-008,-0.001660192
4.8644e-008,-0.001189616
4.9044e-008,-0.003071919
4.9444e-008,-0.001189616
4.9844e-008,-0.004013071
5.0244e-008,-0.002130767
5.0644e-008,-0.0007190399
5.1044e-008,-0.003071919
5.1444e-008,-0.002601343
5.1844e-008,0.001633839
5.2244e-008,-0.000248464
5.2644e-008,-0.002130767
5.3044e-008,-0.003071919
5.3444e-008,-0.003542495
5.3844e-008,-0.001189616
5.4244e-008,-0.0007190399
5.4644e-008,0.0002221118
5.5044e-008,-0.002130767
5.5444e-008,-0.000248464
5.5844e-008,-0.004013071
5.6244e-008,-0.002601343
5.6644e-008,-0.002130767
5.7044e-008,-0.003071919
5.7444e-008,-0.0007190399
5.7844e-008,-0.002601343
5.8244e-008,-0.002601343
5.8644e-008,-0.003071919
5.9044e-008,-0.001189616
5.9444e-008,-0.003071919
5.9844e-008,-0.003542495
6.0244e-008,-0.002130767
6.0644e-008,-0.000248464
6.1044e-008,-0.004013071
6.1444e-008,-0.004483647
6.1844e-008,-0.002130767
6.2244e-008,-0.004013071
6.2644e-008,-0.001189616
6.3044e-008,-0.003542495
6.3444e-008,-0.001660192
6.3844e-008,-0.0007190399
6.4244e-008,-0.005424798
6.4644e-008,-0.001660192
6.5044e-008,-0.004954222
6.5444e-008,0.0002221118
6.5844e-008,-0.001660192
6.6244e-008,-0.001660192
6.6644e-008,-0.001660192
6.7044e-008,-0.002130767
6.7444e-008,-0.003071919
6.7844e-008,0.001163263
6.8244e-008,-0.005424798
6.8644e-008,0.0006926876
6.9044e-008,-0.004483647
6.9444e-008,0.001163263
6.9844e-008,-0.002601343
7.0244e-008,0.001163263
7.0644e-008,0.0002221118
7.1044e-008,0.0002221118
7.1444e-008,-0.002601343
7.1844e-008,-0.003542495
7.2244e-008,-0.003071919
7.2644e-008,-0.002130767
7.3044e-008,-0.001189616
7.3444e-008,-0.003542495
7.3844e-008,-0.002601343
7.4244e-008,0.0002221118
7.4644e-008,0.0006926876
7.5044e-008,-0.004483647
7.5444e-008,-0.002601343
7.5844e-008,-0.004013071
7.6244e-008,-0.0007190399
7.6644e-008,-0.004013071
7.7044e-008,-0.002601343
7.7444e-008,-0.001189616
7.7844e-008,-0.001189616
7.8244e-008,-0.002130767
7.8644e-008,-0.001660192
7.9044e-008,-0.000248464
7.9444e-008,-0.003071919
7.9844e-008,-0.004954222
8.0244e-008,-0.002601343
8.0644e-008,-0.000248464
8.1044e-008,-0.003542495
8.1444e-008,-0.002130767
8.1844e-008,-0.002601343
8.2244e-008,-0.002130767
8.2644e-008,-0.004013071
8.3044e-008,-0.0007190399
8.3444e-008,0.0006926876
8.3844e-008,-0.000248464
8.4244e-008,-0.001189616
8.4644e-008,0.001163263
8.5044e-008,-0.002601343
8.5444e-008,-0.004013071
8.5844e-008,-0.002130767
8.6244e-008,-0.003071919
8.6644e-008,-0.002601343
8.7044e-008,-0.001189616
8.7444e-008,-0.002130767
8.7844e-008,-0.002130767
8.8244e-008,-0.002601343
8.8644e-008,-0.003542495
8.9044e-008,-0.003542495
8.9444e-008,-0.0007190399
8.9844e-008,-0.003542495
9.0244e-008,-0.000248464
9.0644e-008,-0.004013071
9.1044e-008,-0.002601343
9.1444e-008,-0.003542495
9.1844e-008,-0.002130767
9.2244e-008,-0.001660192
9.2644e-008,-0.001189616
9.3044e-008,-0.001660192
9.3444e-008,-0.004483647
9.3844e-008,-0.002601343
9.4244e-008,-0.001189616
9.4644e-008,-0.001660192
9.5044e-008,-0.003542495
9.5444e-008,-0.000248464
9.5844e-008,-0.004483647
9.6244e-008,0.0006926876
9.6644e-008,-0.0007190399
9.7044e-008,-0.004483647
9.7444e-008,0.0002221118
9.7844e-008,-0.002601343
9.8244e-008,-0.004483647
9.8644e-008,-0.004013071
9.9044e-008,-0.004483647
9.9444e-008,-0.0007190399
9.9844e-008,-0.004013071
1.00244e-007,-0.002130767
1.00644e-007,-0.003542495
1.01044e-007,-0.001189616
1.01444e-007,-0.004013071
1.01844e-007,-0.000248464
1.02244e-007,-0.004483647
1.02644e-007,-0.002601343
1.03044e-007,-0.002130767
1.03444e-007,-0.002601343
1.03844e-007,-0.003071919
1.04244e-007,0.0002221118
1.04644e-007,-0.004954222
1.05044e-007,-0.002601343
1.05444e-007,0.0002221118
1.05844e-007,-0.005424798
1.06244e-007,0.0002221118
1.06644e-007,-0.001189616
1.07044e-007,-0.0007190399
1.07444e-007,-0.001660192
1.07844e-007,-0.002130767
1.08244e-007,-0.002130767
1.08644e-007,-0.002601343
1.09044e-007,0.0006926876
1.09444e-007,-0.001660192
1.09844e-007,0.0006926876
1.10244e-007,-0.001189616
1.10644e-007,-0.003071919
1.11044e-007,-0.003542495
1.11444e-007,-0.0007190399
1.11844e-007,-0.002601343
1.12244e-007,-0.001189616
1.12644e-007,-0.003542495
1.13044e-007,-0.001189616
1.13444e-007,-0.005424798
1.13844e-007,-0.001189616
1.14244e-007,-0.001660192
1.14644e-007,-0.004013071
1.15044e-007,-0.0007190399
1.15444e-007,-0.006836526
1.15844e-007,-0.001660192
1.16244e-007,-0.002130767
1.16644e-007,-0.003542495
1.17044e-007,-0.0007190399
1.17444e-007,-0.002601343
1.17844e-007,-0.002130767
1.18244e-007,-0.004013071
1.18644e-007,-0.002130767
1.19044e-007,-0.003542495
1.19444e-007,-0.000248464
1.19844e-007,-0.003542495
1.20244e-007,-0.001660192
1.20644e-007,-0.002130767
1.21044e-007,-0.005424798
1.21444e-007,0.0002221118
1.21844e-007,0.0002221118
1.22244e-007,0.0002221118
1.22644e-007,-0.002601343
1.23044e-007,-0.001660192
1.23444e-007,-0.005424798
1.23844e-007,-0.004013071
1.24244e-007,-0.003071919
1.24644e-007,-0.003542495
1.25044e-007,-0.002130767
1.25444e-007,-0.002601343
1.25844e-007,-0.001189616
1.26244e-007,-0.001189616
1.26644e-007,-0.001189616
1.27044e-007,-0.003071919
1.27444e-007,-0.001660192
1.27844e-007,-0.004483647
1.28244e-007,0.0006926876
1.28644e-007,-0.002601343
1.29044e-007,-0.002601343
1.29444e-007,-0.004013071
1.29844e-007,0.0006926876
1.30244e-007,-0.003542495
1.30644e-007,-0.001189616
1.31044e-007,-0.004013071
1.31444e-007,-0.001660192
1.31844e-007,-0.004013071
1.32244e-007,0.0006926876
1.32644e-007,-0.000248464
1.33044e-007,0.0006926876
1.33444e-007,-0.000248464
1.33844e-007,-0.002130767
1.34244e-007,-0.0007190399
1.34644e-007,-0.0007190399
1.35044e-007,-0.000248464
1.35444e-007,-0.002601343
1.35844e-007,-0.001660192
1.36244e-007,-0.001189616
1.36644e-007,-0.000248464
1.37044e-007,-0.000248464
1.37444e-007,-0.000248464
1.37844e-007,-0.003542495
1.38244e-007,-0.000248464
1.38644e-007,-0.002130767
1.39044e-007,-0.000248464
1.39444e-007,-0.002130767
1.39844e-007,-0.003542495
1.40244e-007,-0.00636595
1.40644e-007,-0.002130767
1.41044e-007,-0.004954222
1.41444e-007,-0.000248464
1.41844e-007,-0.002130767
1.42244e-007,-0.002130767
1.42644e-007,-0.001189616
1.43044e-007,-0.0007190399
1.43444e-007,-0.001660192
1.43844e-007,-0.002130767
1.44244e-007,-0.0007190399
1.44644e-007,-0.003542495
1.45044e-007,-0.003542495
1.45444e-007,-0.001189616
1.45844e-007,-0.003542495
1.46244e-007,0.001163263
1.46644e-007,-0.002601343
1.47044e-007,0.001163263
1.47444e-007,-0.002130767
1.47844e-007,-0.002601343
1.48244e-007,-0.002130767
1.48644e-007,-0.004013071
1.49044e-007,-0.002130767
1.49444e-007,-0.002601343
1.49844e-007,-0.003071919
1.50244e-007,-0.005424798
1.50644e-007,-0.003071919
1.51044e-007,-0.004013071
1.51444e-007,-0.003542495
1.51844e-007,-0.002601343
1.52244e-007,0.0002221118
1.52644e-007,0.001163263
1.53044e-007,-0.004483647
1.53444e-007,-0.001660192
1.53844e-007,-0.004954222
1.54244e-007,-0.0007190399
1.54644e-007,-0.003542495
1.55044e-007,-0.002130767
1.55444e-007,-0.001189616
1.55844e-007,-0.004013071
1.56244e-007,-0.003071919
1.56644e-007,-0.004013071
1.57044e-007,-0.002601343
1.57444e-007,-0.001189616
1.57844e-007,-0.002601343
1.58244e-007,-0.001189616
1.58644e-007,-0.003542495
1.59044e-007,-0.001189616
1.59444e-007,-0.002130767
1.59844e-007,-0.0007190399
1.60244e-007,-0.002601343
1.60644e-007,-0.000248464
1.61044e-007,-0.004013071
1.61444e-007,-0.001660192
1.61844e-007,-0.002601343
1.62244e-007,-0.003542495
1.62644e-007,-0.004013071
1.63044e-007,-0.001660192
1.63444e-007,-0.001660192
1.63844e-007,-0.005424798
1.64244e-007,-0.001189616
1.64644e-007,-0.003071919
1.65044e-007,-0.004013071
1.65444e-007,-0.004483647
1.65844e-007,-0.002130767
1.66244e-007,-0.002130767
1.66644e-007,-0.001660192
1.67044e-007,-0.0007190399
1.67444e-007,-0.002130767
1.67844e-007,-0.001189616
1.68244e-007,0.0002221118
1.68644e-007,-0.004013071
1.69044e-007,-0.002601343
1.69444e-007,-0.004013071
1.69844e-007,-0.002130767
1.70244e-007,-0.001189616
1.70644e-007,-0.003071919
1.71044e-007,0.0002221118
1.71444e-007,-0.002601343
1.71844e-007,-0.004013071
1.72244e-007,0.001163263
1.72644e-007,-0.001660192
1.73044e-007,-0.0007190399
1.73444e-007,-0.003071919
1.73844e-007,-0.004013071
1.74244e-007,-0.004013071
1.74644e-007,-0.001189616
1.75044e-007,-0.002601343
1.75444e-007,-0.001189616
1.75844e-007,-0.001189616
1.76244e-007,-0.003071919
1.76644e-007,0.0002221118
1.77044e-007,-0.003071919
1.77444e-007,-0.002601343
1.77844e-007,0.0002221118
1.78244e-007,-0.004013071
1.78644e-007,-0.0007190399
1.79044e-007,-0.003071919
1.79444e-007,-0.003071919
1.79844e-007,-0.003071919
1.80244e-007,-0.002601343
1.80644e-007,-0.001189616
1.81044e-007,0.001633839
1.81444e-007,-0.003542495
1.81844e-007,-0.003071919
1.82244e-007,-0.003071919
1.82644e-007,-0.001189616
1.83044e-007,-0.001189616
1.83444e-007,-0.003542495
1.83844e-007,-0.001189616
1.84244e-007,-0.003542495
1.84644e-007,0.0006926876
1.85044e-007,-0.004013071
1.85444e-007,-0.000248464
1.85844e-007,-0.000248464
1.86244e-007,0.0002221118
1.86644e-007,-0.004954222
1.87044e-007,-0.004954222
1.87444e-007,-0.001189616
1.87844e-007,-0.004483647
1.88244e-007,-0.000248464
1.88644e-007,-0.000248464
1.89044e-007,-0.002601343
1.89444e-007,-0.002130767
1.89844e-007,-0.001189616
1.90244e-007,-0.001660192
1.90644e-007,-0.004954222
1.91044e-007,-0.001189616
1.91444e-007,-0.005424798
1.91844e-007,-0.001660192
1.92244e-007,-0.004954222
1.92644e-007,0.0002221118
1.93044e-007,-0.002130767
1.93444e-007,-0.001189616
1.93844e-007,-0.001660192
1.94244e-007,-0.0007190399
1.94644e-007,-0.003542495
1.95044e-007,-0.004013071
1.95444e-007,-0.0007190399
1.95844e-007,-0.002130767
1.96244e-007,-0.001189616
1.96644e-007,-0.0007190399
1.97044e-007,0.0006926876
1.97444e-007,-0.003071919
1.97844e-007,-0.001189616
1.98244e-007,-0.004013071
1.98644e-007,-0.001660192
1.99044e-007,0.0002221118
1.99444e-007,-0.0007190399
1.99844e-007,-0.002601343
2.00244e-007,-0.004483647
2.00644e-007,-0.004483647
2.01044e-007,-0.005424798
2.01444e-007,-0.0007190399
2.01844e-007,-0.002601343
2.02244e-007,-0.002601343
2.02644e-007,-0.001189616
2.03044e-007,0.0006926876
2.03444e-007,-0.002130767
2.03844e-007,-0.003071919
2.04244e-007,-0.003542495
2.04644e-007,-0.004483647
2.05044e-007,-0.000248464
2.05444e-007,-0.003542495
2.05844e-007,-0.003542495
2.06244e-007,-0.000248464
2.06644e-007,-0.001660192
2.07044e-007,-0.003071919
2.07444e-007,-0.001189616
2.07844e-007,-0.004954222
2.08244e-007,-0.000248464
2.08644e-007,-0.004483647
2.09044e-007,0.0002221118
2.09444e-007,-0.001189616
2.09844e-007,-0.002130767
2.10244e-007,-0.004483647
2.10644e-007,-0.001660192
2.11044e-007,-0.004483647
2.11444e-007,-0.001660192
2.11844e-007,-0.000248464
2.12244e-007,-0.002601343
2.12644e-007,0.0002221118
2.13044e-007,-0.003542495
2.13444e-007,-0.003542495
2.13844e-007,-0.004483647
2.14244e-007,-0.000248464
2.14644e-007,-0.001189616
2.15044e-007,-0.002601343
2.15444e-007,-0.002130767
2.15844e-007,0.0006926876
2.16244e-007,-0.004013071
2.16644e-007,-0.003542495
2.17044e-007,-0.005424798
2.17444e-007,-0.003071919
2.17844e-007,-0.007307102
2.18244e-007,-0.001189616
2.18644e-007,-0.003071919
2.19044e-007,-0.002130767
2.19444e-007,-0.002130767
2.19844e-007,-0.0007190399
2.20244e-007,-0.003542495
2.20644e-007,-0.003071919
2.21044e-007,-0.003071919
2.21444e-007,-0.003542495
2.21844e-007,-0.004483647
2.22244e-007,0.002574991
2.22644e-007,-0.003071919
2.23044e-007,-0.001189616
2.23444e-007,-0.004013071
2.23844e-007,0.002104415
2.24244e-007,-0.001660192
2.24644e-007,-0.003071919
2.25044e-007,-0.002601343
2.25444e-007,0.0002221118
2.25844e-007,-0.005424798
2.26244e-007,-0.004013071
2.26644e-007,-0.003071919
2.27044e-007,-0.002130767
2.27444e-007,-0.003071919
2.27844e-007,0.0002221118
2.28244e-007,-0.004013071
2.28644e-007,-0.000248464
2.29044e-007,-0.001189616
2.29444e-007,-0.003071919
2.29844e-007,0.0006926876
2.30244e-007,-0.004483647
2.30644e-007,-0.003071919
2.31044e-007,0.0002221118
2.31444e-007,-0.001660192
2.31844e-007,-0.005424798
2.32244e-007,-0.001189616
2.32644e-007,-0.004483647
2.33044e-007,-0.002601343
2.33444e-007,-0.0007190399
2.33844e-007,-0.004954222
2.34244e-007,0.001633839
2.34644e-007,-0.005424798
2.35044e-007,-0.002130767
2.35444e-007,-0.004954222
2.35844e-007,-0.002601343
2.36244e-007,-0.002601343
2.36644e-007,-0.002601343
2.37044e-007,-0.002130767
2.37444e-007,-0.000248464
2.37844e-007,-0.001660192
2.38244e-007,-0.005895374
2.38644e-007,-0.001189616
2.39044e-007,-0.004013071
2.39444e-007,-0.002130767
2.39844e-007,-0.003071919
2.40244e-007,-0.003071919
2.40644e-007,-0.007777677
2.41044e-007,-0.002130767
2.41444e-007,-0.005424798
2.41844e-007,-0.002601343
2.42244e-007,-0.001660192
2.42644e-007,-0.004483647
2.43044e-007,-0.003071919
2.43444e-007,-0.003071919
2.43844e-007,-0.003542495
2.44244e-007,0.001633839
2.44644e-007,-0.002601343
2.45044e-007,-0.002601343
2.45444e-007,-0.004013071
2.45844e-007,-0.003542495
2.46244e-007,-0.003071919
2.46644e-007,-0.003071919
2.47044e-007,0.0002221118
2.47444e-007,-0.005424798
2.47844e-007,0.002574991
2.48244e-007,-0.002130767
2.48644e-007,-0.002130767
2.49044e-007,-0.003542495
2.49444e-007,-0.0007190399
2.49844e-007,-0.003071919
2.50244e-007,0.0006926876
2.50644e-007,-0.003071919
2.51044e-007,-0.0007190399
2.51444e-007,-0.002130767
2.51844e-007,-0.001660192
2.52244e-007,-0.003071919
2.52644e-007,-0.002130767
2.53044e-007,-0.003542495
2.53444e-007,-0.0007190399
2.53844e-007,-0.003071919
2.54244e-007,-0.001660192
2.54644e-007,-0.002130767
2.55044e-007,-0.004013071
2.55444e-007,-0.0007190399
2.55844e-007,-0.002130767
2.56244e-007,-0.001660192
2.56644e-007,0.0002221118
2.57044e-007,-0.001189616
2.57444e-007,-0.002130767
2.57844e-007,-0.002601343
2.58244e-007,-0.002601343
2.58644e-007,-0.001189616
2.59044e-007,0.0002221118
2.59444e-007,-0.005424798
2.59844e-007,-0.002130767
2.60244e-007,-0.001189616
2.60644e-007,-0.002130767
2.61044e-007,-0.003542495
2.61444e-007,-0.002130767
2.61844e-007,-0.002601343
2.62244e-007,-0.002601343
2.62644e-007,-0.000248464
2.63044e-007,-0.002601343
2.63444e-007,-0.002601343
2.63844e-007,-0.001660192
2.64244e-007,-0.002130767
2.64644e-007,-0.003071919
2.65044e-007,-0.0007190399
2.65444e-007,-0.001660192
2.65844e-007,-0.001660192
2.66244e-007,0.0006926876
2.66644e-007,-0.000248464
2.67044e-007,-0.001660192
2.67444e-007,0.001633839
2.67844e-007,-0.005895374
2.68244e-007,-0.004483647
2.68644e-007,-0.003071919
2.69044e-007,0.0006926876
2.69444e-007,-0.002601343
2.69844e-007,-0.001189616
2.70244e-007,-0.002130767
2.70644e-007,0.001163263
2.71044e-007,-0.002130767
2.71444e-007,-0.003071919
2.71844e-007,-0.004013071
2.72244e-007,-0.001189616
2.72644e-007,-0.004954222
2.73044e-007,-0.000248464
2.73444e-007,-0.002601343
2.73844e-007,-0.001189616
2.74244e-007,-0.002130767
2.74644e-007,-0.000248464
2.75044e-007,-0.004013071
2.75444e-007,-0.001660192
2.75844e-007,-0.0007190399
2.76244e-007,-0.004013071
2.76644e-007,-0.003071919
2.77044e-007,-0.004483647
2.77444e-007,-0.000248464
2.77844e-007,-0.003071919
2.78244e-007,0.001163263
2.78644e-007,-0.002601343
2.79044e-007,-0.0007190399
2.79444e-007,-0.001660192
2.79844e-007,-0.0007190399
2.80244e-007,-0.002601343
2.80644e-007,-0.000248464
2.81044e-007,-0.002601343
2.81444e-007,-0.003071919
2.81844e-007,-0.005424798
2.82244e-007,-0.002601343
2.82644e-007,-0.003542495
2.83044e-007,-0.002130767
2.83444e-007,-0.001189616
2.83844e-007,-0.002601343
2.84244e-007,-0.001660192
2.84644e-007,-0.002601343
2.85044e-007,-0.000248464
2.85444e-007,-0.004013071
2.85844e-007,-0.000248464
2.86244e-007,-0.002601343
2.86644e-007,-0.000248464
2.87044e-007,-0.002130767
2.87444e-007,-0.003071919
2.87844e-007,-0.0007190399
2.88244e-007,0.002574991
2.88644e-007,-0.001660192
2.89044e-007,-0.002130767
2.89444e-007,-0.004013071
2.89844e-007,-0.002601343
2.90244e-007,0.001633839
2.90644e-007,-0.004483647
2.91044e-007,-0.000248464
2.91444e-007,-0.004013071
2.91844e-007,-0.002601343
2.92244e-007,-0.001660192
2.92644e-007,-0.001660192
2.93044e-007,-0.001660192
2.93444e-007,-0.003542495
2.93844e-007,-0.003071919
2.94244e-007,-0.001660192
2.94644e-007,-0.007307102
2.95044e-007,-0.000248464
2.95444e-007,-0.001660192
2.95844e-007,-0.002130767
2.96244e-007,-0.001189616
2.96644e-007,-0.003071919
2.97044e-007,-0.003542495
2.97444e-007,-0.000248464
2.97844e-007,-0.004483647
2.98244e-007,0.0002221118
2.98644e-007,-0.003542495
2.99044e-007,0.0002221118
2.99444e-007,-0.002601343
2.99844e-007,-0.001189616
3.00244e-007,-0.002130767
3.00644e-007,0.001163263
3.01044e-007,-0.003071919
3.01444e-007,0.0002221118
3.01844e-007,-0.004954222
3.02244e-007,-0.001660192
3.02644e-007,-0.002601343
3.03044e-007,-0.002601343
3.03444e-007,-0.004013071
3.03844e-007,-0.003542495
3.04244e-007,-0.002601343
3.04644e-007,-0.001189616
3.05044e-007,-0.001660192
3.05444e-007,-0.001189616
3.05844e-007,0.0002221118
3.06244e-007,-0.003071919
3.06644e-007,0.0006926876
3.07044e-007,-0.004483647
3.07444e-007,-0.002130767
3.07844e-007,-0.002130767
3.08244e-007,-0.002601343
3.08644e-007,-0.003071919
3.09044e-007,-0.003542495
3.09444e-007,-0.002601343
3.09844e-007,-0.001660192
3.10244e-007,-0.004013071
3.10644e-007,-0.002601343
3.11044e-007,-0.0007190399
3.11444e-007,-0.003071919
3.11844e-007,-0.002130767
3.12244e-007,0.0002221118
3.12644e-007,-0.003542495
3.13044e-007,-0.002130767
3.13444e-007,-0.001189616
3.13844e-007,-0.002130767
3.14244e-007,-0.000248464
3.14644e-007,-0.003071919
3.15044e-007,-0.003542495
3.15444e-007,-0.002601343
3.15844e-007,-0.004483647
3.16244e-007,0.001163263
3.16644e-007,-0.005895374
3.17044e-007,-0.001189616
3.17444e-007,-0.004483647
3.17844e-007,-0.003542495
3.18244e-007,-0.001660192
3.18644e-007,-0.004013071
3.19044e-007,-0.0007190399
3.19444e-007,-0.004013071
3.19844e-007,0.001633839
3.20244e-007,-0.003071919
3.20644e-007,-0.001189616
3.21044e-007,-0.003071919
3.21444e-007,0.001163263
3.21844e-007,-0.002601343
3.22244e-007,-0.004013071
3.22644e-007,-0.001660192
3.23044e-007,-0.002130767
3.23444e-007,-0.001189616
3.23844e-007,-0.001189616
3.24244e-007,-0.005895374
3.24644e-007,0.0002221118
3.25044e-007,-0.002601343
3.25444e-007,-0.001189616
3.25844e-007,-0.001189616
3.26244e-007,-0.001660192
3.26644e-007,-0.001660192
3.27044e-007,0.0002221118
3.27444e-007,-0.002130767
3.27844e-007,-0.0007190399
3.28244e-007,-0.001189616
3.28644e-007,-0.0007190399
3.29044e-007,-0.003071919
3.29444e-007,-0.002130767
3.29844e-007,-0.003071919
3.30244e-007,-0.002601343
3.30644e-007,-0.003071919
3.31044e-007,-0.004954222
3.31444e-007,-0.0007190399
3.31844e-007,-0.004013071
3.32244e-007,-0.001660192
3.32644e-007,-0.001189616
3.33044e-007,-0.001189616
3.33444e-007,-0.0007190399
3.33844e-007,-0.004013071
3.34244e-007,-0.003542495
3.34644e-007,-0.001189616
3.35044e-007,-0.002601343
3.35444e-007,-0.003071919
3.35844e-007,-0.002130767
3.36244e-007,-0.007777677
3.36644e-007,0.0002221118
3.37044e-007,-0.000248464
3.37444e-007,-0.002130767
3.37844e-007,-0.004954222
3.38244e-007,-0.003542495
3.38644e-007,-0.002601343
3.39044e-007,-0.004483647
3.39444e-007,-0.0007190399
3.39844e-007,-0.004013071
3.40244e-007,-0.001189616
3.40644e-007,-0.004013071
3.41044e-007,-0.001660192
3.41444e-007,-0.000248464
3.41844e-007,-0.004483647
3.42244e-007,-0.003071919
3.42644e-007,-0.004013071
3.43044e-007,-0.002601343
3.43444e-007,0.001633839
3.43844e-007,-0.001660192
3.44244e-007,-0.004013071
3.44644e-007,-0.001189616
3.45044e-007,-0.001660192
3.45444e-007,-0.003071919
3.45844e-007,-0.003071919
3.46244e-007,-0.001660192
3.46644e-007,-0.002130767
3.47044e-007,-0.003542495
3.47444e-007,-0.001189616
3.47844e-007,-0.0007190399
3.48244e-007,-0.001660192
3.48644e-007,0.0006926876
3.49044e-007,-0.003071919
3.49444e-007,0.001163263
3.49844e-007,-0.003542495
3.50244e-007,-0.002601343
3.50644e-007,-0.004013071
3.51044e-007,-0.002130767
3.51444e-007,-0.001189616
3.51844e-007,-0.005895374
3.52244e-007,0.0006926876
3.52644e-007,-0.0007190399
3.53044e-007,-0.004013071
3.53444e-007,-0.001660192
3.53844e-007,-0.004013071
3.54244e-007,-0.004013071
3.54644e-007,-0.003071919
3.55044e-007,-0.005424798
3.55444e-007,-0.002601343
3.55844e-007,-0.002130767
3.56244e-007,-0.005424798
3.56644e-007,-0.003542495
3.57044e-007,-0.004013071
3.57444e-007,-0.001189616
3.57844e-007,-0.001189616
3.58244e-007,-0.004013071
3.58644e-007,-0.002601343
3.59044e-007,0.0002221118
3.59444e-007,-0.002601343
3.59844e-007,-0.004013071
3.60244e-007,-0.001660192
3.60644e-007,-0.002601343
3.61044e-007,-0.003071919
3.61444e-007,-0.0007190399
3.61844e-007,-0.001189616
3.62244e-007,-0.0007190399
3.62644e-007,-0.000248464
3.63044e-007,-0.002130767
3.63444e-007,-0.005895374
3.63844e-007,-0.002601343
3.64244e-007,-0.002130767
3.64644e-007,-0.003071919
3.65044e-007,-0.001660192
3.65444e-007,-0.000248464
3.65844e-007,-0.003071919
3.66244e-007,-0.0007190399
3.66644e-007,-0.0007190399
3.67044e-007,-0.004954222
3.67444e-007,-0.002130767
3.67844e-007,-0.003071919
3.68244e-007,0.001163263
3.68644e-007,-0.003071919
3.69044e-007,-0.001189616
3.69444e-007,-0.001189616
3.69844e-007,-0.004013071
3.70244e-007,-0.000248464
3.70644e-007,-0.002130767
3.71044e-007,-0.002130767
3.71444e-007,-0.005424798
3.71844e-007,-0.002601343
3.72244e-007,-0.003071919
3.72644e-007,-0.004483647
3.73044e-007,-0.001660192
3.73444e-007,-0.001660192
3.73844e-007,-0.002601343
3.74244e-007,-0.003071919
3.74644e-007,-0.001189616
3.75044e-007,-0.002601343
3.75444e-007,-0.004483647
3.75844e-007,-0.001660192
3.76244e-007,-0.002601343
3.76644e-007,-0.003071919
3.77044e-007,0.0006926876
3.77444e-007,-0.004483647
3.77844e-007,0.0006926876
3.78244e-007,0.0002221118
3.78644e-007,-0.0007190399
3.79044e-007,0.001163263
3.79444e-007,-0.002130767
3.79844e-007,0.0002221118
3.80244e-007,-0.003071919
3.80644e-007,-0.001189616
3.81044e-007,-0.003071919
3.81444e-007,0.001633839
3.81844e-007,0.0006926876
3.82244e-007,-0.002601343
3.82644e-007,-0.001189616
3.83044e-007,-0.004013071
3.83444e-007,-0.0007190399
3.83844e-007,-0.004483647
3.84244e-007,-0.000248464
3.84644e-007,-0.0007190399
3.85044e-007,-0.004013071
3.85444e-007,-0.003071919
3.85844e-007,-0.001660192
3.86244e-007,-0.000248464
3.86644e-007,-0.003071919
3.87044e-007,-0.000248464
3.87444e-007,-0.005424798
3.87844e-007,-0.000248464
3.88244e-007,-0.001660192
3.88644e-007,0.0006926876
3.89044e-007,-0.002601343
3.89444e-007,-0.001189616
3.89844e-007,-0.004013071
3.90244e-007,-0.0007190399
3.90644e-007,-0.001660192
3.91044e-007,0.0006926876
3.91444e-007,-0.001660192
3.91844e-007,0.0002221118
3.92244e-007,-0.002601343
3.92644e-007,-0.000248464
3.93044e-007,-0.0007190399
3.93444e-007,-0.000248464
3.93844e-007,-0.001660192
3.94244e-007,-0.004483647
3.94644e-007,-0.000248464
3.95044e-007,0.001163263
3.95444e-007,-0.003542495
3.95844e-007,-0.001660192
3.96244e-007,-0.0007190399
3.96644e-007,-0.004483647
3.97044e-007,-0.001660192
3.97444e-007,-0.001660192
3.97844e-007,-0.002601343
3.98244e-007,-0.002601343
3.98644e-007,-0.002601343
3.99044e-007,-0.0007190399
3.99444e-007,-0.002130767
3.99844e-007,-0.001189616
4.00244e-007,-0.002130767
4.00644e-007,-0.004954222
4.01044e-007,-0.003542495
4.01444e-007,-0.003542495
4.01844e-007,-0.002601343
4.02244e-007,-0.003542495
4.02644e-007,-0.000248464
4.03044e-007,-0.002601343
4.03444e-007,-0.0007190399
4.03844e-007,0.0002221118
4.04244e-007,-0.005895374
4.04644e-007,-0.002130767
4.05044e-007,0.0002221118
4.05444e-007,-0.004954222
4.05844e-007,-0.00636595
4.06244e-007,-0.002130767
4.06644e-007,-0.002601343
4.07044e-007,-0.002601343
4.07444e-007,-0.004013071
4.07844e-007,-0.0007190399
4.08244e-007,-0.003071919
4.08644e-007,-0.004954222
4.09044e-007,-0.001660192
4.09444e-007,-0.001189616
4.09844e-007,-0.004954222
4.10244e-007,0.0002221118
4.10644e-007,-0.003542495
4.11044e-007,-0.003542495
4.11444e-007,-0.000248464
4.11844e-007,-0.002130767
4.12244e-007,-0.001189616
4.12644e-007,-0.002130767
4.13044e-007,-0.002601343
4.13444e-007,-0.002130767
4.13844e-007,-0.003542495
4.14244e-007,-0.002130767
4.14644e-007,0.0006926876
4.15044e-007,-0.002130767
4.15444e-007,-0.002130767
4.15844e-007,0.0002221118
4.16244e-007,-0.002130767
4.16644e-007,0.003516143
4.17044e-007,-0.003071919
4.17444e-007,0.002104415
4.17844e-007,-0.002601343
4.18244e-007,0.001633839
4.18644e-007,-0.002130767
4.19044e-007,-0.003071919
4.19444e-007,0.001163263
4.19844e-007,-0.002601343
4.20244e-007,0.0006926876
4.20644e-007,-0.001189616
4.21044e-007,-0.001660192
4.21444e-007,-0.001660192
4.21844e-007,0.001163263
4.22244e-007,0.001633839
4.22644e-007,-0.004954222
4.23044e-007,-0.000248464
4.23444e-007,-0.003071919
4.23844e-007,-0.002130767
4.24244e-007,-0.003542495
4.24644e-007,-0.001660192
4.25044e-007,-0.003542495
4.25444e-007,-0.001189616
4.25844e-007,-0.002130767
4.26244e-007,-0.004483647
4.26644e-007,-0.003542495
4.27044e-007,-0.001189616
4.27444e-007,0.0006926876
4.27844e-007,-0.001189616
4.28244e-007,-0.005424798
4.28644e-007,-0.003542495
4.29044e-007,-0.000248464
4.29444e-007,-0.003542495
4.29844e-007,-0.002601343
4.30244e-007,-0.002601343
4.30644e-007,-0.001660192
4.31044e-007,-0.001189616
4.31444e-007,-0.004013071
4.31844e-007,-0.001189616
4.32244e-007,-0.003071919
4.32644e-007,0.0002221118
4.33044e-007,-0.003071919
4.33444e-007,-0.0007190399
4.33844e-007,-0.003071919
4.34244e-007,-0.001189616
4.34644e-007,-0.004483647
4.35044e-007,-0.001189616
4.35444e-007,-0.001660192
4.35844e-007,-0.002130767
4.36244e-007,-0.002601343
4.36644e-007,-0.003542495
4.37044e-007,0.0006926876
4.37444e-007,-0.001189616
4.37844e-007,-0.001660192
4.38244e-007,-0.003071919
4.38644e-007,-0.004013071
4.39044e-007,-0.0007190399
4.39444e-007,-0.001189616
4.39844e-007,-0.002601343
4.40244e-007,-0.003542495
4.40644e-007,-0.0007190399
4.41044e-007,-0.004013071
4.41444e-007,-0.000248464
4.41844e-007,-0.001189616
4.42244e-007,-0.000248464
4.42644e-007,-0.003542495
4.43044e-007,-0.000248464
4.43444e-007,-0.002601343
4.43844e-007,-0.001660192
4.44244e-007,-0.002130767
4.44644e-007,-0.004483647
4.45044e-007,-0.002601343
4.45444e-007,-0.001189616
4.45844e-007,-0.000248464
4.46244e-007,-0.0007190399
4.46644e-007,-0.001660192
4.47044e-007,-0.003542495
4.47444e-007,-0.002130767
4.47844e-007,-0.0007190399
4.48244e-007,-0.002601343
4.48644e-007,-0.000248464
4.49044e-007,-0.001189616
4.49444e-007,-0.001189616
4.49844e-007,-0.000248464
4.50244e-007,-0.0007190399
4.50644e-007,-0.003542495
4.51044e-007,-0.000248464
4.51444e-007,0.0002221118
4.51844e-007,0.0002221118
4.52244e-007,-0.000248464
4.52644e-007,0.001163263
4.53044e-007,-0.002601343
4.53444e-007,-0.005424798
4.53844e-007,-0.000248464
4.54244e-007,-0.001660192
4.54644e-007,-0.000248464
4.55044e-007,0.001163263
4.55444e-007,-0.002601343
4.55844e-007,-0.002601343
4.56244e-007,-0.006836526
4.56644e-007,-0.0007190399
4.57044e-007,-0.007777677
4.57444e-007,-0.001189616
4.57844e-007,-0.003071919
4.58244e-007,-0.001660192
4.58644e-007,0.0006926876
4.59044e-007,0.001633839
4.59444e-007,0.001163263
4.59844e-007,-0.004013071
4.60244e-007,-0.0007190399
4.60644e-007,-0.002130767
4.61044e-007,-0.003542495
4.61444e-007,-0.000248464
4.61844e-007,-0.002601343
4.62244e-007,-0.000248464
4.62644e-007,-0.001189616
4.63044e-007,-0.002601343
4.63444e-007,-0.004013071
4.63844e-007,-0.004013071
4.64244e-007,-0.004013071
4.64644e-007,-0.005424798
4.65044e-007,-0.000248464
4.65444e-007,-0.002601343
4.65844e-007,-0.005424798
4.66244e-007,-0.001189616
4.66644e-007,-0.0007190399
4.67044e-007,-0.0007190399
4.67444e-007,-0.001660192
4.67844e-007,-0.002601343
4.68244e-007,-0.002601343
4.68644e-007,-0.002601343
4.69044e-007,-0.003071919
4.69444e-007,-0.003542495
4.69844e-007,-0.002601343
4.70244e-007,-0.002601343
4.70644e-007,-0.001660192
4.71044e-007,-0.004954222
4.71444e-007,-0.001189616
4.71844e-007,-0.004013071
4.72244e-007,-0.007777677
4.72644e-007,-0.003542495
4.73044e-007,-0.003071919
4.73444e-007,-0.000248464
4.73844e-007,-0.002601343
4.74244e-007,0.001163263
