LECROYWS4104HD,18971,Waveform
Segments,1,SegmentSize,502
Segment,TrigTime,TimeSinceSegment1
#1,25-Jun-2024 17:13:05,0                 
Time,Ampl
-1.47154e-008,-6.34908445e-005
-1.43154e-008,-0.000122312824
-1.39154e-008,-6.11379653e-005
-1.35154e-008,-9.8784032e-005
-1.31154e-008,4.00358391e-005
-1.27154e-008,0.000214148898
-1.23154e-008,-0.00010584267
-1.19154e-008,8.23876641e-005
-1.15154e-008,-0.000108195549
-1.11154e-008,6.35646308e-005
-1.07154e-008,7.09553066e-006
-1.03154e-008,-0.000374070895
-9.9154e-009,0.000214148898
-9.5154e-009,-0.000202310716
-9.1154e-009,0.000197678744
-8.7154e-009,0.000202384502
-8.3154e-009,-0.000127018582
-7.9154e-009,2.12128057e-005
-7.5154e-009,-0.000287014366
-7.1154e-009,0.000160032677
-6.7154e-009,-7.0549482e-005
-6.3154e-009,-9.64311529e-005
-5.9154e-009,-0.00015995889
-5.5154e-009,3.29772015e-005
-5.1154e-009,-1.87861402e-005
-4.7154e-009,0.000108269335
-4.3154e-009,-1.40803819e-005
-3.9154e-009,0.000148268281
-3.5154e-009,-0.000164664649
-3.1154e-009,0.000143562523
-2.7154e-009,-0.000171723286
-2.3154e-009,0.000315322702
-1.9154e-009,-0.000296425882
-1.5154e-009,-6.58437236e-005
-1.1154e-009,-6.58437236e-005
-7.154e-010,-7.02174437e-006
-3.154e-010,-0.000148194495
8.46e-011,-6.34908445e-005
4.846e-010,0.000268265119
8.846e-010,0.000127092368
1.2846e-009,-0.00015995889
1.6846e-009,-7.99609987e-005
2.0846e-009,-0.000138782978
2.4846e-009,-5.87850861e-005
2.8846e-009,-0.000117607065
3.2846e-009,0.000169444193
3.6846e-009,0.000141209643
4.0846e-009,-0.000122312824
4.4846e-009,-9.64311529e-005
4.8846e-009,-9.17253945e-005
5.2846e-009,-0.00010584267
5.6846e-009,-0.000164664649
6.0846e-009,5.88588724e-005
6.4846e-009,4.74265149e-006
6.8846e-009,-0.000232898145
7.2846e-009,5.41531141e-005
7.6846e-009,-8.70196362e-005
8.0846e-009,-2.31598603e-006
8.4846e-009,-5.17264486e-005
8.8846e-009,1.65070473e-005
9.2846e-009,3.53300807e-005
9.6846e-009,-0.000249368299
1.00846e-008,-7.0549482e-005
1.04846e-008,-0.000171723286
1.08846e-008,4.74265149e-006
1.12846e-008,-7.0549482e-005
1.16846e-008,2.35656849e-005
1.20846e-008,4.23887182e-005
1.24846e-008,-0.000143488736
1.28846e-008,-9.17253945e-005
1.32846e-008,-0.000235251024
1.36846e-008,-7.76081195e-005
1.40846e-008,0.000120033731
1.44846e-008,-2.34918986e-005
1.48846e-008,-0.000185840561
1.52846e-008,-8.23138778e-005
1.56846e-008,-0.000150547374
1.60846e-008,-0.000209369353
1.64846e-008,3.06243224e-005
1.68846e-008,4.00358391e-005
1.72846e-008,-7.0549482e-005
1.76846e-008,3.68931454e-008
1.80846e-008,-2.34918986e-005
1.84846e-008,-5.17264486e-005
1.88846e-008,0.000162385556
1.92846e-008,-6.58437236e-005
1.96846e-008,6.35646308e-005
2.00846e-008,-4.6688652e-006
2.04846e-008,2.38977232e-006
2.08846e-008,-0.000110548428
2.12846e-008,0.000101210698
2.16846e-008,2.12128057e-005
2.20846e-008,-0.000138782978
2.24846e-008,9.88578183e-005
2.28846e-008,3.76829599e-005
2.32846e-008,-0.000124665703
2.36846e-008,-0.000291720124
2.40846e-008,7.53290266e-005
2.44846e-008,-0.000157606011
2.48846e-008,1.41541682e-005
2.52846e-008,5.18002349e-005
2.56846e-008,-3.52562944e-005
2.60846e-008,-0.000221133749
2.64846e-008,-1.87861402e-005
2.68846e-008,8.0034785e-005
2.72846e-008,-0.000437598633
2.76846e-008,-0.000289367245
2.80846e-008,-0.00078582475
2.84846e-008,0.00194116221
2.88846e-008,-0.00112699223
2.92846e-008,0.000209443139
2.96846e-008,0.00188469311
3.00846e-008,-0.000145841615
3.04846e-008,0.000767075503
3.08846e-008,0.00218821452
3.12846e-008,0.00113883041
3.16846e-008,0.000898836737
3.20846e-008,0.00231527
3.24846e-008,0.00113177177
3.28846e-008,0.00218350876
3.32846e-008,0.00264937884
3.36846e-008,0.00164469943
3.40846e-008,0.00266114324
3.44846e-008,0.00316936514
3.48846e-008,0.00211056951
3.52846e-008,0.00324936303
3.56846e-008,0.0032752447
3.60846e-008,0.00239291501
3.64846e-008,0.00326583318
3.68846e-008,0.00307760285
3.72846e-008,0.00265643748
3.76846e-008,0.00325642167
3.80846e-008,0.00348229807
3.84846e-008,0.00251526473
3.88846e-008,0.00371052735
3.92846e-008,0.00358347187
3.96846e-008,0.00278349295
4.00846e-008,0.00351053262
4.04846e-008,0.00340230017
4.08846e-008,0.00285407933
4.12846e-008,0.00362347082
4.16846e-008,0.00343053472
4.20846e-008,0.00284702069
4.24846e-008,0.00365641113
4.28846e-008,0.00327289182
4.32846e-008,0.00293172434
4.36846e-008,0.00340700593
4.40846e-008,0.00336465411
4.44846e-008,0.00302819239
4.48846e-008,0.00356464884
4.52846e-008,0.00314113059
4.56846e-008,0.00314348347
4.60846e-008,0.00307289709
4.64846e-008,0.00300466359
4.68846e-008,0.003094073
4.72846e-008,0.00282819766
4.76846e-008,0.0032070112
4.80846e-008,0.00267055475
4.84846e-008,0.0032634803
4.88846e-008,0.00300231072
4.92846e-008,0.00284702069
4.96846e-008,0.00306348557
5.00846e-008,0.00283525629
5.04846e-008,0.00290348979
5.08846e-008,0.00279996311
5.12846e-008,0.00256467519
5.16846e-008,0.00271761234
5.20846e-008,0.00248938306
5.24846e-008,0.00233879879
5.28846e-008,0.00248938306
5.32846e-008,0.00291290131
5.36846e-008,0.00254349928
5.40846e-008,0.00244938411
5.44846e-008,0.00249644169
5.48846e-008,0.00203763026
5.52846e-008,0.00222586059
5.56846e-008,0.00225644802
5.60846e-008,0.00219762604
5.64846e-008,0.00212703966
5.68846e-008,0.00213645118
5.72846e-008,0.00240703229
5.76846e-008,0.00212233391
5.80846e-008,0.00216233285
5.84846e-008,0.00199057267
5.88846e-008,0.00202821874
5.92846e-008,0.00191057478
5.96846e-008,0.00209409936
6.00846e-008,0.00180469522
6.04846e-008,0.00177881355
6.08846e-008,0.00181881249
6.12846e-008,0.0017270502
6.16846e-008,0.00163528792
6.20846e-008,0.00185645856
6.24846e-008,0.00169646278
6.28846e-008,0.00161646488
6.32846e-008,0.0017952837
6.36846e-008,0.00151999684
6.40846e-008,0.00184234128
6.44846e-008,0.00140470576
6.48846e-008,0.00153176123
6.52846e-008,0.00148470365
6.56846e-008,0.00167999262
6.60846e-008,0.00107765555
6.64846e-008,0.00161646488
6.68846e-008,0.00103059797
6.72846e-008,0.00169881565
6.76846e-008,0.00116471208
6.80846e-008,0.00144705758
6.84846e-008,0.00109647859
6.88846e-008,0.00147058638
6.92846e-008,0.000957658716
6.96846e-008,0.00122118118
7.00846e-008,0.000964717353
7.04846e-008,0.00104706812
7.08846e-008,0.00128000316
7.12846e-008,0.00113177177
7.16846e-008,0.00103059797
7.20846e-008,0.000875307945
7.24846e-008,0.00108000843
7.28846e-008,0.000814133086
7.32846e-008,0.00131294347
7.36846e-008,0.000785898536
7.40846e-008,0.0011294189
7.44846e-008,0.000960011595
7.48846e-008,0.00101883357
7.52846e-008,0.00083295612
7.56846e-008,0.000950600078
7.60846e-008,0.00077413414
7.64846e-008,0.000708253524
7.68846e-008,0.00074589959
7.72846e-008,0.000950600078
7.76846e-008,0.000508258794
7.80846e-008,0.000950600078
7.84846e-008,0.000477671365
7.88846e-008,0.000595315323
7.92846e-008,0.000825897482
7.96846e-008,0.000557669257
8.00846e-008,0.000569433653
8.04846e-008,0.000701194886
8.08846e-008,0.000609432598
8.12846e-008,0.000404732111
8.16846e-008,0.000647078665
8.20846e-008,0.00032238134
8.24846e-008,0.000755311107
8.28846e-008,0.000621196994
8.32846e-008,0.000529434707
8.36846e-008,0.000501200157
8.40846e-008,0.000545904861
8.44846e-008,0.000597668203
8.48846e-008,0.000538846223
8.52846e-008,0.000400026352
8.56846e-008,0.00049178864
8.60846e-008,0.000400026352
8.64846e-008,0.000595315323
8.68846e-008,0.000418849386
8.72846e-008,0.000642372907
8.76846e-008,0.000369438923
8.80846e-008,0.00029414679
8.84846e-008,0.000442378177
8.88846e-008,0.000268265119
8.92846e-008,0.00023532481
8.96846e-008,0.000494141519
9.00846e-008,0.000209443139
9.04846e-008,0.000385909077
9.08846e-008,0.000101210698
9.12846e-008,0.000336498615
9.16846e-008,0.000360027406
9.20846e-008,0.000202384502
9.24846e-008,0.000421202265
9.28846e-008,0.000195325864
9.32846e-008,0.000494141519
9.36846e-008,9.415206e-005
9.40846e-008,0.000270617998
9.44846e-008,0.000272970877
9.48846e-008,0.000174149952
9.52846e-008,2.82714432e-005
9.56846e-008,3.53300807e-005
9.60846e-008,0.000282382394
9.64846e-008,0.00035061589
9.68846e-008,5.18002349e-005
9.72846e-008,0.000240030569
9.76846e-008,0.000136503885
9.80846e-008,0.000202384502
9.84846e-008,0.000143562523
9.88846e-008,-0.000101136911
9.92846e-008,-8.93725154e-005
9.96846e-008,-8.93725154e-005
1.00085e-007,7.29761475e-005
1.00485e-007,0.000204737381
1.00885e-007,-6.11379653e-005
1.01285e-007,7.29761475e-005
1.01685e-007,7.29761475e-005
1.02085e-007,0.000416496506
1.02485e-007,0.00012238661
1.02885e-007,4.47415974e-005
1.03285e-007,5.18002349e-005
1.03685e-007,0.000190620106
1.04085e-007,-6.81966028e-005
1.04485e-007,0.000272970877
1.04885e-007,0.000171797073
1.05285e-007,-6.58437236e-005
1.05685e-007,0.000315322702
1.06085e-007,-7.52552403e-005
1.06485e-007,0.000197678744
1.06885e-007,0.000164738435
1.07285e-007,-4.6688652e-006
1.07685e-007,-5.40793278e-005
1.08085e-007,-1.87861402e-005
1.08485e-007,-0.000157606011
1.08885e-007,-5.40793278e-005
1.09285e-007,-0.000270544212
1.09685e-007,-4.70206903e-005
1.10085e-007,3.68931454e-008
1.10485e-007,9.65049392e-005
1.10885e-007,0.00023532481
1.11285e-007,-0.000324660432
1.11685e-007,-0.000117607065
1.12085e-007,-2.58447777e-005
1.12485e-007,-0.00016231177
1.12885e-007,0.000129445248
1.13285e-007,-3.05505361e-005
1.13685e-007,-2.81976569e-005
1.14085e-007,-0.000183487682
1.14485e-007,-2.11390194e-005
1.14885e-007,2.82714432e-005
1.15285e-007,4.74265149e-006
1.15685e-007,-0.000117607065
1.16085e-007,0.000284735273
1.16485e-007,-0.000183487682
1.16885e-007,0.000117680852
1.17285e-007,-0.000157606011
1.17685e-007,0.000216501777
1.18085e-007,-0.000244662541
1.18485e-007,0.000164738435
1.18885e-007,-0.000167017528
1.19285e-007,9.44840983e-006
1.19685e-007,-5.17264486e-005
1.20085e-007,-5.40793278e-005
1.20485e-007,0.000124739489
1.20885e-007,3.06243224e-005
1.21285e-007,5.88588724e-005
1.21685e-007,-0.000327013312
1.22085e-007,-7.02174437e-006
1.22485e-007,-5.6432207e-005
1.22885e-007,-4.46678111e-005
1.23285e-007,-0.000150547374
1.23685e-007,0.000103563577
1.24085e-007,-8.70196362e-005
1.24485e-007,0.000221207535
1.24885e-007,-0.000178781924
1.25285e-007,-0.000357600741
1.25685e-007,0.000164738435
1.26085e-007,-0.000221133749
1.26485e-007,0.000101210698
1.26885e-007,-0.000374070895
1.27285e-007,1.41541682e-005
1.27685e-007,-0.000178781924
1.28085e-007,-0.000127018582
1.28485e-007,-0.000308190278
1.28885e-007,-7.99609987e-005
1.29285e-007,3.29772015e-005
1.29685e-007,-0.000204663595
1.30085e-007,-1.64332611e-005
1.30485e-007,-0.00013407722
1.30885e-007,0.000101210698
1.31285e-007,-0.000115254186
1.31685e-007,4.74265149e-006
1.32085e-007,-1.40803819e-005
1.32485e-007,-0.000127018582
1.32885e-007,-0.00016231177
1.33285e-007,-8.23138778e-005
1.33685e-007,-0.000232898145
1.34085e-007,2.12128057e-005
1.34485e-007,1.65070473e-005
1.34885e-007,-4.93735694e-005
1.35285e-007,-8.4666757e-005
1.35685e-007,-0.000263485574
1.36085e-007,-2.11390194e-005
1.36485e-007,-0.00013407722
1.36885e-007,4.70944766e-005
1.37285e-007,-5.6432207e-005
1.37685e-007,-8.4666757e-005
1.38085e-007,-0.000138782978
1.38485e-007,-5.6432207e-005
1.38885e-007,-0.000301131641
1.39285e-007,3.68931454e-008
1.39685e-007,-1.64332611e-005
1.40085e-007,3.76829599e-005
1.40485e-007,1.65070473e-005
1.40885e-007,-0.000138782978
1.41285e-007,1.88599265e-005
1.41685e-007,-0.000207016474
1.42085e-007,9.44840983e-006
1.42485e-007,-0.000119959945
1.42885e-007,8.47405433e-005
1.43285e-007,-0.000127018582
1.43685e-007,-0.000108195549
1.44085e-007,-0.000310543157
1.44485e-007,-4.6688652e-006
1.44885e-007,-0.000178781924
1.45285e-007,0.000228266173
1.45685e-007,-0.00013172434
1.46085e-007,7.06232683e-005
1.46485e-007,-0.000209369353
1.46885e-007,-0.000117607065
1.47285e-007,-0.000223486628
1.47685e-007,-2.81976569e-005
1.48085e-007,0.000112975093
1.48485e-007,-3.05505361e-005
1.48885e-007,-7.0549482e-005
1.49285e-007,-7.0549482e-005
1.49685e-007,-4.23149319e-005
1.50085e-007,-0.000225839507
1.50485e-007,-8.4666757e-005
1.50885e-007,-5.40793278e-005
1.51285e-007,3.29772015e-005
1.51685e-007,-9.17253945e-005
1.52085e-007,-0.000305837399
1.52485e-007,-0.000167017528
1.52885e-007,-0.000204663595
1.53285e-007,-0.000392893928
1.53685e-007,4.94473557e-005
1.54085e-007,4.47415974e-005
1.54485e-007,7.53290266e-005
1.54885e-007,-7.52552403e-005
1.55285e-007,2.5918564e-005
1.55685e-007,-1.87861402e-005
1.56085e-007,5.41531141e-005
1.56485e-007,-3.52562944e-005
1.56885e-007,-0.000223486628
1.57285e-007,-5.40793278e-005
1.57685e-007,1.41541682e-005
1.58085e-007,-0.000334071949
1.58485e-007,-0.00010348979
1.58885e-007,-0.000148194495
1.59285e-007,-1.87861402e-005
1.59685e-007,-0.000143488736
1.60085e-007,-0.000169370407
1.60485e-007,0.000197678744
1.60885e-007,-3.76091736e-005
1.61285e-007,0.000160032677
1.61685e-007,-0.000204663595
1.62085e-007,-0.000157606011
1.62485e-007,-0.00013407722
1.62885e-007,-3.52562944e-005
1.63285e-007,-0.000181134803
1.63685e-007,-0.000385835291
1.64085e-007,7.53290266e-005
1.64485e-007,-0.000148194495
1.64885e-007,3.68931454e-008
1.65285e-007,-0.00021878087
1.65685e-007,5.41531141e-005
1.66085e-007,-0.00038818817
1.66485e-007,-2.81976569e-005
1.66885e-007,-0.000155253132
1.67285e-007,-2.11390194e-005
1.67685e-007,8.94463017e-005
1.68085e-007,-6.58437236e-005
1.68485e-007,-0.000268191332
1.68885e-007,0.000202384502
1.69285e-007,6.59175099e-005
1.69685e-007,-0.00010584267
1.70085e-007,-6.34908445e-005
1.70485e-007,3.76829599e-005
1.70885e-007,2.12128057e-005
1.71285e-007,2.38977232e-006
1.71685e-007,-0.000310543157
1.72085e-007,0.000101210698
1.72485e-007,-1.64332611e-005
1.72885e-007,-0.000101136911
1.73285e-007,6.12117516e-005
1.73685e-007,-7.0549482e-005
1.74085e-007,0.00012238661
1.74485e-007,-9.8784032e-005
1.74885e-007,-5.6432207e-005
1.75285e-007,0.000225913294
1.75685e-007,-1.87861402e-005
1.76085e-007,-0.000155253132
1.76485e-007,2.12128057e-005
1.76885e-007,-0.000127018582
1.77285e-007,-7.02174437e-006
1.77685e-007,-0.000265838453
1.78085e-007,9.88578183e-005
1.78485e-007,-0.000338777708
1.78885e-007,-5.6432207e-005
1.79285e-007,-2.34918986e-005
1.79685e-007,9.44840983e-006
1.80085e-007,-0.000235251024
1.80485e-007,-0.000157606011
1.80885e-007,-1.64332611e-005
1.81285e-007,1.65070473e-005
1.81685e-007,-0.000209369353
1.82085e-007,-3.05505361e-005
1.82485e-007,-0.000225839507
1.82885e-007,-1.17275027e-005
1.83285e-007,-0.000284661487
1.83685e-007,-0.000122312824
1.84085e-007,-0.000148194495
1.84485e-007,5.41531141e-005
1.84885e-007,-0.000169370407
1.85285e-007,-3.29034153e-005
1.85685e-007,-0.000221133749
