LECROYWS4104HD,18971,Waveform
Segments,1,SegmentSize,502
Segment,TrigTime,TimeSinceSegment1
#1,25-Jun-2024 17:12:05,0                 
Time,Ampl
-1.45554e-008,-0.000176429045
-1.41554e-008,9.88578183e-005
-1.37554e-008,6.82703891e-005
-1.33554e-008,-0.000152900253
-1.29554e-008,8.0034785e-005
-1.25554e-008,-3.29034153e-005
-1.21554e-008,0.000296499669
-1.17554e-008,-8.70196362e-005
-1.13554e-008,3.76829599e-005
-1.09554e-008,1.65070473e-005
-1.05554e-008,1.88599265e-005
-1.01554e-008,-0.000202310716
-9.7554e-009,0.000400026352
-9.3554e-009,-4.6688652e-006
-8.9554e-009,0.000327087098
-8.5554e-009,-0.000298778762
-8.1554e-009,0.00043531954
-7.7554e-009,-0.000214075111
-7.3554e-009,0.000225913294
-6.9554e-009,3.29772015e-005
-6.5554e-009,8.23876641e-005
-6.1554e-009,-2.31598603e-006
-5.7554e-009,9.65049392e-005
-5.3554e-009,-1.17275027e-005
-4.9554e-009,0.000230619052
-4.5554e-009,0.000115327973
-4.1554e-009,-0.00010584267
-3.7554e-009,-7.29023612e-005
-3.3554e-009,-3.52562944e-005
-2.9554e-009,-9.37462354e-006
-2.5554e-009,-2.58447777e-005
-2.1554e-009,0.000141209643
-1.7554e-009,0.000214148898
-1.3554e-009,7.53290266e-005
-9.554e-010,0.000183561468
-5.554e-010,-0.000145841615
-1.554e-010,-5.17264486e-005
2.446e-010,-1.87861402e-005
6.446e-010,-1.64332611e-005
1.0446e-009,0.000138856764
1.4446e-009,-8.4666757e-005
1.8446e-009,0.000256500723
2.2446e-009,-0.000110548428
2.6446e-009,3.53300807e-005
3.0446e-009,2.35656849e-005
3.4446e-009,-0.000138782978
3.8446e-009,-7.02174437e-006
4.2446e-009,-3.05505361e-005
4.6446e-009,-1.87861402e-005
5.0446e-009,1.41541682e-005
5.4446e-009,6.12117516e-005
5.8446e-009,0.000232971931
6.2446e-009,2.5918564e-005
6.6446e-009,0.000143562523
7.0446e-009,7.53290266e-005
7.4446e-009,-0.000174076166
7.8446e-009,-9.37462354e-006
8.2446e-009,-0.000167017528
8.6446e-009,0.000192972985
9.0446e-009,-0.000214075111
9.4446e-009,0.000204737381
9.8446e-009,0.000160032677
1.02446e-008,-7.0549482e-005
1.06446e-008,-3.52562944e-005
1.10446e-008,0.000127092368
1.14446e-008,-9.17253945e-005
1.18446e-008,0.000331792856
1.22446e-008,0.000152974039
1.26446e-008,-9.64311529e-005
1.30446e-008,0.000254147844
1.34446e-008,-0.000138782978
1.38446e-008,4.70944766e-005
1.42446e-008,0.000124739489
1.46446e-008,-7.52552403e-005
1.50446e-008,-3.52562944e-005
1.54446e-008,3.29772015e-005
1.58446e-008,5.18002349e-005
1.62446e-008,7.53290266e-005
1.66446e-008,0.000411790748
1.70446e-008,7.76819058e-005
1.74446e-008,0.000160032677
1.78446e-008,3.29772015e-005
1.82446e-008,6.35646308e-005
1.86446e-008,0.000174149952
1.90446e-008,4.94473557e-005
1.94446e-008,-1.87861402e-005
1.98446e-008,4.70944766e-005
2.02446e-008,0.000136503885
2.06446e-008,-5.40793278e-005
2.10446e-008,-4.70206903e-005
2.14446e-008,4.47415974e-005
2.18446e-008,0.000162385556
2.22446e-008,-2.34918986e-005
2.26446e-008,9.17991808e-005
2.30446e-008,0.000115327973
2.34446e-008,5.65059933e-005
2.38446e-008,6.82703891e-005
2.42446e-008,0.000169444193
2.46446e-008,0.000141209643
2.50446e-008,0.000230619052
2.54446e-008,-0.000174076166
2.58446e-008,-1.40803819e-005
2.62446e-008,-1.17275027e-005
2.66446e-008,5.41531141e-005
2.70446e-008,-9.17253945e-005
2.74446e-008,0.000244736327
2.78446e-008,-0.000171723286
2.82446e-008,0.000127092368
2.86446e-008,-0.000110548428
2.90446e-008,-0.000176429045
2.94446e-008,-9.64311529e-005
2.98446e-008,3.29772015e-005
3.02446e-008,-5.40793278e-005
3.06446e-008,-1.40803819e-005
3.10446e-008,-0.00010584267
3.14446e-008,0.000209443139
3.18446e-008,-2.81976569e-005
3.22446e-008,0.000190620106
3.26446e-008,-7.0549482e-005
3.30446e-008,-3.29034153e-005
3.34446e-008,-4.70206903e-005
3.38446e-008,2.35656849e-005
3.42446e-008,0.000145915402
3.46446e-008,7.09553066e-006
3.50446e-008,0.000188267227
3.54446e-008,-0.000141135857
3.58446e-008,2.5918564e-005
3.62446e-008,3.68931454e-008
3.66446e-008,1.41541682e-005
3.70446e-008,0.000230619052
3.74446e-008,-0.000157606011
3.78446e-008,0.000282382394
3.82446e-008,-0.000101136911
3.86446e-008,0.000108269335
3.90446e-008,4.00358391e-005
3.94446e-008,-1.64332611e-005
3.98446e-008,0.00032238134
4.02446e-008,0.000249442085
4.06446e-008,-0.000108195549
4.10446e-008,-0.000567006987
4.14446e-008,-0.000145841615
4.18446e-008,0.000809427328
4.22446e-008,-0.000748178683
4.26446e-008,0.00263996732
4.30446e-008,-0.00164933141
4.34446e-008,0.00223291923
4.38446e-008,0.00112471314
4.42446e-008,0.00043531954
4.46446e-008,0.00178822506
4.50446e-008,0.00256702807
4.54446e-008,0.000174149952
4.58446e-008,0.00265643748
4.62446e-008,0.00258114534
4.66446e-008,0.00129176756
4.70446e-008,0.00284702069
4.74446e-008,0.00266114324
4.78446e-008,0.00242350244
4.82446e-008,0.00335524259
4.86446e-008,0.00332936092
4.90446e-008,0.00239291501
4.94446e-008,0.00361876506
4.98446e-008,0.00302583951
5.02446e-008,0.00274584689
5.06446e-008,0.00371993886
5.10446e-008,0.00333641956
5.14446e-008,0.00285878509
5.18446e-008,0.00358817763
5.22446e-008,0.00347288655
5.26446e-008,0.00330818501
5.30446e-008,0.00411286968
5.34446e-008,0.00342818185
5.38446e-008,0.00376464357
5.42446e-008,0.00390581632
5.46446e-008,0.00345406352
5.50446e-008,0.00372935038
5.54446e-008,0.00374817341
5.58446e-008,0.00349876822
5.62446e-008,0.00351759125
5.66446e-008,0.00401875452
5.70446e-008,0.00323759863
5.74446e-008,0.00361876506
5.78446e-008,0.00381875979
5.82446e-008,0.00307995573
5.86446e-008,0.00370582159
5.90446e-008,0.00345406352
5.94446e-008,0.00353406141
5.98446e-008,0.00358582475
6.02446e-008,0.00359523627
6.06446e-008,0.0032634803
6.10446e-008,0.00320465832
6.14446e-008,0.00333877244
6.18446e-008,0.00329406773
6.22446e-008,0.00303054527
6.26446e-008,0.00339759442
6.30446e-008,0.00307289709
6.34446e-008,0.00319995257
6.38446e-008,0.00325171591
6.42446e-008,0.00287525524
6.46446e-008,0.00316465938
6.50446e-008,0.00300231072
6.54446e-008,0.00289407827
6.58446e-008,0.00280702174
6.62446e-008,0.00288466676
6.66446e-008,0.00262349717
6.70446e-008,0.00287525524
6.74446e-008,0.00281878614
6.78446e-008,0.00240938516
6.82446e-008,0.00287525524
6.86446e-008,0.00255761655
6.90446e-008,0.00230115272
6.94446e-008,0.0021905674
6.98446e-008,0.00243761971
7.02446e-008,0.0023035056
7.06446e-008,0.00209174648
7.10446e-008,0.00235291606
7.14446e-008,0.00220468468
7.18446e-008,0.00234585743
7.22446e-008,0.00201174858
7.26446e-008,0.00230115272
7.30446e-008,0.00215527421
7.34446e-008,0.00221409619
7.38446e-008,0.00193410357
7.42446e-008,0.00188704599
7.46446e-008,0.00198586691
7.50446e-008,0.00172234445
7.54446e-008,0.00203998313
7.58446e-008,0.00199527843
7.62446e-008,0.00177881355
7.66446e-008,0.00147058638
7.70446e-008,0.0019764554
7.74446e-008,0.00175763763
7.78446e-008,0.00181881249
7.82446e-008,0.00162352352
7.86446e-008,0.00157881882
7.90446e-008,0.00167999262
7.94446e-008,0.00184469416
7.98446e-008,0.00140941152
8.02446e-008,0.00163999368
8.06446e-008,0.00146352774
8.10446e-008,0.00161646488
8.14446e-008,0.0012988262
8.18446e-008,0.00145411622
8.22446e-008,0.00149176229
8.26446e-008,0.00151999684
8.30446e-008,0.00119529951
8.34446e-008,0.00155529003
8.38446e-008,0.00109177283
8.42446e-008,0.00146117486
8.46446e-008,0.00111530162
8.50446e-008,0.0014564691
8.54446e-008,0.00104236237
8.58446e-008,0.0011741236
8.62446e-008,0.00108941995
8.66446e-008,0.00103295085
8.70446e-008,0.00115530057
8.74446e-008,0.000990599024
8.78446e-008,0.000950600078
8.82446e-008,0.00104236237
8.86446e-008,0.00104706812
8.90446e-008,0.000898836737
8.94446e-008,0.000872955066
8.98446e-008,0.000988246145
9.02446e-008,0.000802368691
9.06446e-008,0.00071766504
9.10446e-008,0.000882366582
9.14446e-008,0.00102118645
9.18446e-008,0.000872955066
9.22446e-008,0.000743546711
9.26446e-008,0.00071766504
9.30446e-008,0.000903542495
9.34446e-008,0.000809427328
9.38446e-008,0.000781192778
9.42446e-008,0.000856484911
9.46446e-008,0.000844720516
9.50446e-008,0.000755311107
9.54446e-008,0.000649431544
9.58446e-008,0.000475318486
9.62446e-008,0.000621196994
9.66446e-008,0.000722370799
9.70446e-008,0.000376497561
9.74446e-008,0.000644725786
9.78446e-008,0.00054825774
9.82446e-008,0.000767075503
9.86446e-008,0.000510611673
9.90446e-008,0.000585903807
9.94446e-008,0.000515317432
9.98446e-008,0.000668254578
1.00245e-007,0.000338851494
1.00645e-007,0.000625902753
1.01045e-007,0.00054825774
1.01445e-007,0.000503553036
1.01845e-007,0.000461201211
1.02245e-007,0.000536493344
1.02645e-007,0.000555316378
1.03045e-007,0.000112975093
1.03445e-007,0.00040708499
1.03845e-007,0.000202384502
1.04245e-007,0.000536493344
1.04645e-007,-9.37462354e-006
1.05045e-007,0.000296499669
1.05445e-007,0.000440025298
1.05845e-007,0.000327087098
1.06245e-007,0.000317675581
1.06645e-007,0.000496494398
1.07045e-007,0.000371791802
1.07445e-007,0.00040708499
1.07845e-007,0.000188267227
1.08245e-007,0.000341204373
1.08645e-007,0.000374144681
1.09045e-007,-1.17275027e-005
1.09445e-007,0.000432966661
1.09845e-007,0.000256500723
1.10245e-007,0.000432966661
1.10645e-007,5.41531141e-005
1.11045e-007,0.000225913294
1.11445e-007,7.53290266e-005
1.11845e-007,0.000392967715
1.12245e-007,8.94463017e-005
1.12645e-007,0.000275323756
1.13045e-007,0.000117680852
1.13445e-007,0.000232971931
1.13845e-007,0.000232971931
1.14245e-007,0.000232971931
1.14645e-007,0.000164738435
1.15045e-007,0.000232971931
1.15445e-007,0.000216501777
1.15845e-007,8.94463017e-005
1.16245e-007,0.000392967715
1.16645e-007,0.000148268281
1.17045e-007,0.000404732111
1.17445e-007,0.000131798127
1.17845e-007,0.000305911185
1.18245e-007,0.000336498615
1.18645e-007,7.29761475e-005
1.19045e-007,0.000138856764
1.19445e-007,3.06243224e-005
1.19845e-007,6.35646308e-005
1.20245e-007,0.000176502831
1.20645e-007,0.000185914348
1.21045e-007,0.000117680852
1.21445e-007,-2.11390194e-005
1.21845e-007,0.000277676635
1.22245e-007,0.000204737381
1.22645e-007,8.70934225e-005
1.23045e-007,0.000108269335
1.23445e-007,0.000127092368
1.23845e-007,0.000171797073
1.24245e-007,4.94473557e-005
1.24645e-007,3.76829599e-005
1.25045e-007,0.000404732111
1.25445e-007,-5.87850861e-005
1.25845e-007,0.000105916456
1.26245e-007,1.41541682e-005
1.26645e-007,7.09553066e-006
1.27045e-007,0.000105916456
1.27445e-007,-0.000141135857
1.27845e-007,0.000160032677
1.28245e-007,-0.000152900253
1.28645e-007,0.000202384502
1.29045e-007,-8.23138778e-005
1.29445e-007,7.53290266e-005
1.29845e-007,-0.00010584267
1.30245e-007,0.000214148898
1.30645e-007,-0.000127018582
1.31045e-007,0.00029179391
1.31445e-007,-0.000171723286
1.31845e-007,2.5918564e-005
1.32245e-007,-9.40782737e-005
1.32645e-007,-6.58437236e-005
1.33045e-007,-3.52562944e-005
1.33445e-007,-0.00013407722
1.33845e-007,0.000131798127
1.34245e-007,-8.23138778e-005
1.34645e-007,0.000127092368
1.35045e-007,-0.000112901307
1.35445e-007,1.88599265e-005
1.35845e-007,-5.40793278e-005
1.36245e-007,-0.000129371461
1.36645e-007,4.94473557e-005
1.37045e-007,-3.52562944e-005
1.37445e-007,-0.000108195549
1.37845e-007,7.06232683e-005
1.38245e-007,7.76819058e-005
1.38645e-007,0.000183561468
1.39045e-007,-0.000108195549
1.39445e-007,-8.93725154e-005
1.39845e-007,0.000141209643
1.40245e-007,0.000112975093
1.40645e-007,-7.76081195e-005
1.41045e-007,5.18002349e-005
1.41445e-007,-4.70206903e-005
1.41845e-007,-0.000181134803
1.42245e-007,1.1801289e-005
1.42645e-007,1.65070473e-005
1.43045e-007,-5.40793278e-005
1.43445e-007,0.000200031623
1.43845e-007,-0.00016231177
1.44245e-007,-0.000119959945
1.44645e-007,-1.64332611e-005
1.45045e-007,-7.02174437e-006
1.45445e-007,6.82703891e-005
1.45845e-007,8.70934225e-005
1.46245e-007,1.1801289e-005
1.46645e-007,-0.000270544212
1.47045e-007,0.000145915402
1.47445e-007,-0.00010584267
1.47845e-007,0.000131798127
1.48245e-007,-0.000207016474
1.48645e-007,2.12128057e-005
1.49045e-007,7.29761475e-005
1.49445e-007,-0.000150547374
1.49845e-007,0.000164738435
1.50245e-007,-0.000270544212
1.50645e-007,-2.81976569e-005
1.51045e-007,1.88599265e-005
1.51445e-007,0.000268265119
1.51845e-007,-0.000195252078
1.52245e-007,0.00012238661
1.52645e-007,5.41531141e-005
1.53045e-007,0.000112975093
1.53445e-007,-3.05505361e-005
1.53845e-007,5.41531141e-005
1.54245e-007,-0.000402305445
1.54645e-007,3.76829599e-005
1.55045e-007,-0.000225839507
1.55445e-007,-7.99609987e-005
1.55845e-007,-0.00010584267
1.56245e-007,-0.000119959945
1.56645e-007,-2.31598603e-006
1.57045e-007,7.29761475e-005
1.57445e-007,1.1801289e-005
1.57845e-007,-7.29023612e-005
1.58245e-007,0.000155326918
1.58645e-007,4.74265149e-006
1.59045e-007,-0.000174076166
1.59445e-007,0.000115327973
1.59845e-007,8.47405433e-005
1.60245e-007,0.000120033731
1.60645e-007,-7.76081195e-005
1.61045e-007,4.74265149e-006
1.61445e-007,-0.000178781924
1.61845e-007,-4.23149319e-005
1.62245e-007,9.65049392e-005
1.62645e-007,-7.29023612e-005
1.63045e-007,-2.58447777e-005
1.63445e-007,-0.000202310716
1.63845e-007,0.000157679798
1.64245e-007,-0.000329366191
1.64645e-007,0.00020709026
1.65045e-007,-3.76091736e-005
1.65445e-007,-0.000174076166
1.65845e-007,-7.29023612e-005
1.66245e-007,0.000162385556
1.66645e-007,-7.29023612e-005
1.67045e-007,5.41531141e-005
1.67445e-007,-0.000301131641
1.67845e-007,0.000272970877
1.68245e-007,-0.00021878087
1.68645e-007,0.000188267227
1.69045e-007,-0.000223486628
1.69445e-007,3.76829599e-005
1.69845e-007,-2.81976569e-005
1.70245e-007,0.000141209643
1.70645e-007,-7.0549482e-005
1.71045e-007,0.000164738435
1.71445e-007,-9.8784032e-005
1.71845e-007,-2.31598603e-006
1.72245e-007,-0.000261132695
1.72645e-007,4.47415974e-005
1.73045e-007,0.000127092368
1.73445e-007,-0.00010348979
1.73845e-007,0.000115327973
1.74245e-007,9.65049392e-005
1.74645e-007,-0.00010584267
1.75045e-007,0.000138856764
1.75445e-007,-0.000251721178
1.75845e-007,-0.000223486628
1.76245e-007,7.53290266e-005
1.76645e-007,2.5918564e-005
1.77045e-007,2.38977232e-006
1.77445e-007,-0.000235251024
1.77845e-007,-0.000197604957
1.78245e-007,-7.0549482e-005
1.78645e-007,-0.000157606011
1.79045e-007,3.53300807e-005
1.79445e-007,-0.000110548428
1.79845e-007,-0.000223486628
1.80245e-007,-3.52562944e-005
1.80645e-007,2.38977232e-006
1.81045e-007,-2.31598603e-006
1.81445e-007,0.000108269335
1.81845e-007,2.35656849e-005
1.82245e-007,-5.17264486e-005
1.82645e-007,-7.76081195e-005
1.83045e-007,-0.000199957836
1.83445e-007,-2.11390194e-005
1.83845e-007,2.38977232e-006
1.84245e-007,-2.11390194e-005
1.84645e-007,8.23876641e-005
1.85045e-007,-0.000188193441
1.85445e-007,0.000244736327
1.85845e-007,-0.000209369353
