LECROYWS4104HD,18971,Waveform
Segments,1,SegmentSize,2502
Segment,TrigTime,TimeSinceSegment1
#1,14-Jan-2025 18:30:45,0                 
Time,Ampl
-2.001308e-007,0.0118171
-1.997308e-007,0.00240558
-1.993308e-007,0.00475846
-1.989308e-007,5.27045e-005
-1.985308e-007,5.27045e-005
-1.981308e-007,5.27045e-005
-1.977308e-007,-0.00465305
-1.973308e-007,0.00711134
-1.969308e-007,-0.00230017
-1.965308e-007,0.00946422
-1.961308e-007,-0.00230017
-1.957308e-007,0.00240558
-1.953308e-007,5.27045e-005
-1.949308e-007,-0.00935881
-1.945308e-007,0.00240558
-1.941308e-007,-0.00465305
-1.937308e-007,5.27045e-005
-1.933308e-007,0.00946422
-1.929308e-007,0.00946422
-1.925308e-007,0.00475846
-1.921308e-007,0.00240558
-1.917308e-007,0.00475846
-1.913308e-007,0.00711134
-1.909308e-007,0.00946422
-1.905308e-007,0.00475846
-1.901308e-007,-0.00935881
-1.897308e-007,5.27045e-005
-1.893308e-007,0.00240558
-1.889308e-007,0.00475846
-1.885308e-007,5.27045e-005
-1.881308e-007,-0.00465305
-1.877308e-007,5.27045e-005
-1.873308e-007,0.00475846
-1.869308e-007,5.27045e-005
-1.865308e-007,5.27045e-005
-1.861308e-007,0.00475846
-1.857308e-007,5.27045e-005
-1.853308e-007,5.27045e-005
-1.849308e-007,-0.00465305
-1.845308e-007,-0.00465305
-1.841308e-007,-0.00230017
-1.837308e-007,0.00946422
-1.833308e-007,-0.00465305
-1.829308e-007,0.00475846
-1.825308e-007,0.00946422
-1.821308e-007,5.27045e-005
-1.817308e-007,-0.00230017
-1.813308e-007,-0.00465305
-1.809308e-007,-0.00230017
-1.805308e-007,0.00946422
-1.801308e-007,0.00475846
-1.797308e-007,0.00240558
-1.793308e-007,0.00475846
-1.789308e-007,0.00240558
-1.785308e-007,0.00240558
-1.781308e-007,0.00475846
-1.777308e-007,0.00711134
-1.773308e-007,0.00240558
-1.769308e-007,-0.00465305
-1.765308e-007,-0.00230017
-1.761308e-007,0.00240558
-1.757308e-007,0.00711134
-1.753308e-007,5.27045e-005
-1.749308e-007,0.00711134
-1.745308e-007,0.00475846
-1.741308e-007,0.00711134
-1.737308e-007,0.00475846
-1.733308e-007,0.00711134
-1.729308e-007,0.0118171
-1.725308e-007,5.27045e-005
-1.721308e-007,0.00711134
-1.717308e-007,0.00946422
-1.713308e-007,0.00240558
-1.709308e-007,5.27045e-005
-1.705308e-007,0.00475846
-1.701308e-007,-0.00230017
-1.697308e-007,-0.00230017
-1.693308e-007,-0.00465305
-1.689308e-007,0.0118171
-1.685308e-007,-0.00465305
-1.681308e-007,0.00711134
-1.677308e-007,0.00711134
-1.673308e-007,-0.00465305
-1.669308e-007,-0.00230017
-1.665308e-007,0.00240558
-1.661308e-007,-0.00230017
-1.657308e-007,0.00240558
-1.653308e-007,5.27045e-005
-1.649308e-007,0.00475846
-1.645308e-007,0.00240558
-1.641308e-007,5.27045e-005
-1.637308e-007,0.00240558
-1.633308e-007,0.00946422
-1.629308e-007,-0.00700593
-1.625308e-007,0.00475846
-1.621308e-007,5.27045e-005
-1.617308e-007,0.00711134
-1.613308e-007,0.00711134
-1.609308e-007,-0.00465305
-1.605308e-007,5.27045e-005
-1.601308e-007,0.00240558
-1.597308e-007,-0.00230017
-1.593308e-007,5.27045e-005
-1.589308e-007,5.27045e-005
-1.585308e-007,5.27045e-005
-1.581308e-007,-0.00465305
-1.577308e-007,-0.00935881
-1.573308e-007,0.00475846
-1.569308e-007,0.00946422
-1.565308e-007,-0.00465305
-1.561308e-007,5.27045e-005
-1.557308e-007,0.00475846
-1.553308e-007,0.00240558
-1.549308e-007,-0.00230017
-1.545308e-007,-0.00230017
-1.541308e-007,0.00711134
-1.537308e-007,5.27045e-005
-1.533308e-007,-0.00700593
-1.529308e-007,5.27045e-005
-1.525308e-007,0.00475846
-1.521308e-007,0.00711134
-1.517308e-007,0.00240558
-1.513308e-007,-0.00465305
-1.509308e-007,-0.00230017
-1.505308e-007,5.27045e-005
-1.501308e-007,-0.00465305
-1.497308e-007,0.00240558
-1.493308e-007,0.00711134
-1.489308e-007,0.00240558
-1.485308e-007,0.00711134
-1.481308e-007,0.00475846
-1.477308e-007,5.27045e-005
-1.473308e-007,0.00475846
-1.469308e-007,5.27045e-005
-1.465308e-007,5.27045e-005
-1.461308e-007,-0.00230017
-1.457308e-007,5.27045e-005
-1.453308e-007,0.00946422
-1.449308e-007,-0.00230017
-1.445308e-007,0.00475846
-1.441308e-007,0.00475846
-1.437308e-007,-0.00935881
-1.433308e-007,0.00946422
-1.429308e-007,-0.00230017
-1.425308e-007,0.00711134
-1.421308e-007,-0.00230017
-1.417308e-007,0.00475846
-1.413308e-007,0.00475846
-1.409308e-007,5.27045e-005
-1.405308e-007,-0.00935881
-1.401308e-007,0.00240558
-1.397308e-007,0.00711134
-1.393308e-007,5.27045e-005
-1.389308e-007,5.27045e-005
-1.385308e-007,5.27045e-005
-1.381308e-007,-0.00465305
-1.377308e-007,0.00475846
-1.373308e-007,5.27045e-005
-1.369308e-007,-0.00465305
-1.365308e-007,0.00475846
-1.361308e-007,0.0118171
-1.357308e-007,-0.00465305
-1.353308e-007,-0.00700593
-1.349308e-007,5.27045e-005
-1.345308e-007,0.00240558
-1.341308e-007,-0.00935881
-1.337308e-007,0.00475846
-1.333308e-007,0.00475846
-1.329308e-007,0.00711134
-1.325308e-007,0.00711134
-1.321308e-007,-0.00230017
-1.317308e-007,0.00946422
-1.313308e-007,0.00946422
-1.309308e-007,0.00240558
-1.305308e-007,0.00240558
-1.301308e-007,-0.00230017
-1.297308e-007,0.0118171
-1.293308e-007,0.00946422
-1.289308e-007,0.00711134
-1.285308e-007,0.00240558
-1.281308e-007,-0.00230017
-1.277308e-007,-0.00700593
-1.273308e-007,5.27045e-005
-1.269308e-007,-0.00230017
-1.265308e-007,5.27045e-005
-1.261308e-007,-0.00230017
-1.257308e-007,0.00711134
-1.253308e-007,0.00475846
-1.249308e-007,-0.00700593
-1.245308e-007,-0.00465305
-1.241308e-007,-0.00230017
-1.237308e-007,5.27045e-005
-1.233308e-007,0.0118171
-1.229308e-007,0.00240558
-1.225308e-007,0.00475846
-1.221308e-007,5.27045e-005
-1.217308e-007,0.00240558
-1.213308e-007,-0.00465305
-1.209308e-007,-0.00465305
-1.205308e-007,0.00946422
-1.201308e-007,0.00711134
-1.197308e-007,0.00946422
-1.193308e-007,0.00475846
-1.189308e-007,0.00475846
-1.185308e-007,0.00475846
-1.181308e-007,5.27045e-005
-1.177308e-007,0.01417
-1.173308e-007,0.0118171
-1.169308e-007,0.00946422
-1.165308e-007,0.00240558
-1.161308e-007,0.00240558
-1.157308e-007,0.00475846
-1.153308e-007,-0.00230017
-1.149308e-007,0.00240558
-1.145308e-007,0.00711134
-1.141308e-007,0.00711134
-1.137308e-007,5.27045e-005
-1.133308e-007,0.00946422
-1.129308e-007,-0.0140646
-1.125308e-007,0.00240558
-1.121308e-007,0.00711134
-1.117308e-007,5.27045e-005
-1.113308e-007,0.00475846
-1.109308e-007,0.00240558
-1.105308e-007,0.00240558
-1.101308e-007,-0.00230017
-1.097308e-007,-0.0117117
-1.093308e-007,0.00711134
-1.089308e-007,0.00475846
-1.085308e-007,-0.00230017
-1.081308e-007,5.27045e-005
-1.077308e-007,0.00475846
-1.073308e-007,5.27045e-005
-1.069308e-007,0.0118171
-1.065308e-007,-0.00230017
-1.061308e-007,5.27045e-005
-1.057308e-007,0.00946422
-1.053308e-007,0.00240558
-1.049308e-007,5.27045e-005
-1.045308e-007,0.00475846
-1.041308e-007,-0.00230017
-1.037308e-007,0.00240558
-1.033308e-007,0.00240558
-1.029308e-007,-0.00230017
-1.025308e-007,0.00711134
-1.021308e-007,0.00240558
-1.017308e-007,0.00240558
-1.013308e-007,-0.0117117
-1.009308e-007,5.27045e-005
-1.005308e-007,-0.00465305
-1.001308e-007,-0.00935881
-9.97308e-008,0.00711134
-9.93308e-008,-0.00230017
-9.89308e-008,-0.00465305
-9.85308e-008,-0.00700593
-9.81308e-008,0.00240558
-9.77308e-008,0.00240558
-9.73308e-008,0.00711134
-9.69308e-008,0.00240558
-9.65308e-008,-0.00230017
-9.61308e-008,0.00240558
-9.57308e-008,0.00711134
-9.53308e-008,0.00711134
-9.49308e-008,-0.00230017
-9.45308e-008,0.00240558
-9.41308e-008,5.27045e-005
-9.37308e-008,5.27045e-005
-9.33308e-008,0.00240558
-9.29308e-008,0.00475846
-9.25308e-008,0.00475846
-9.21308e-008,0.00711134
-9.17308e-008,-0.00465305
-9.13308e-008,0.00711134
-9.09308e-008,0.00711134
-9.05308e-008,0.00240558
-9.01308e-008,0.00475846
-8.97308e-008,-0.00230017
-8.93308e-008,0.00240558
-8.89308e-008,0.00711134
-8.85308e-008,5.27045e-005
-8.81308e-008,0.00475846
-8.77308e-008,0.00946422
-8.73308e-008,0.00240558
-8.69308e-008,0.01417
-8.65308e-008,-0.00465305
-8.61308e-008,-0.00230017
-8.57308e-008,0.00475846
-8.53308e-008,0.00946422
-8.49308e-008,0.00711134
-8.45308e-008,0.00946422
-8.41308e-008,-0.00700593
-8.37308e-008,5.27045e-005
-8.33308e-008,5.27045e-005
-8.29308e-008,-0.00230017
-8.25308e-008,5.27045e-005
-8.21308e-008,0.00946422
-8.17308e-008,0.00711134
-8.13308e-008,0.00475846
-8.09308e-008,0.0118171
-8.05308e-008,0.00711134
-8.01308e-008,0.00711134
-7.97308e-008,-0.00465305
-7.93308e-008,5.27045e-005
-7.89308e-008,-0.00465305
-7.85308e-008,0.00475846
-7.81308e-008,0.00946422
-7.77308e-008,0.00946422
-7.73308e-008,0.00240558
-7.69308e-008,-0.00230017
-7.65308e-008,0.00475846
-7.61308e-008,5.27045e-005
-7.57308e-008,-0.00230017
-7.53308e-008,-0.00465305
-7.49308e-008,0.00240558
-7.45308e-008,-0.00465305
-7.41308e-008,0.00711134
-7.37308e-008,0.00946422
-7.33308e-008,-0.00700593
-7.29308e-008,-0.00700593
-7.25308e-008,0.00240558
-7.21308e-008,0.00240558
-7.17308e-008,5.27045e-005
-7.13308e-008,0.00240558
-7.09308e-008,5.27045e-005
-7.05308e-008,0.00475846
-7.01308e-008,5.27045e-005
-6.97308e-008,0.00240558
-6.93308e-008,-0.00465305
-6.89308e-008,5.27045e-005
-6.85308e-008,5.27045e-005
-6.81308e-008,-0.00465305
-6.77308e-008,0.0118171
-6.73308e-008,0.00475846
-6.69308e-008,-0.00465305
-6.65308e-008,0.00475846
-6.61308e-008,5.27045e-005
-6.57308e-008,0.00240558
-6.53308e-008,0.00240558
-6.49308e-008,0.00475846
-6.45308e-008,-0.00230017
-6.41308e-008,5.27045e-005
-6.37308e-008,-0.00230017
-6.33308e-008,-0.00230017
-6.29308e-008,5.27045e-005
-6.25308e-008,0.00240558
-6.21308e-008,5.27045e-005
-6.17308e-008,5.27045e-005
-6.13308e-008,0.00240558
-6.09308e-008,-0.00230017
-6.05308e-008,5.27045e-005
-6.01308e-008,-0.00935881
-5.97308e-008,-0.00230017
-5.93308e-008,5.27045e-005
-5.89308e-008,0.00711134
-5.85308e-008,-0.00230017
-5.81308e-008,5.27045e-005
-5.77308e-008,0.00711134
-5.73308e-008,-0.00230017
-5.69308e-008,0.00240558
-5.65308e-008,5.27045e-005
-5.61308e-008,-0.00230017
-5.57308e-008,-0.00465305
-5.53308e-008,0.00240558
-5.49308e-008,0.00946422
-5.45308e-008,0.0118171
-5.41308e-008,5.27045e-005
-5.37308e-008,-0.00230017
-5.33308e-008,-0.00465305
-5.29308e-008,-0.00230017
-5.25308e-008,0.0118171
-5.21308e-008,0.01417
-5.17308e-008,0.00946422
-5.13308e-008,0.00711134
-5.09308e-008,0.00240558
-5.05308e-008,0.00475846
-5.01308e-008,5.27045e-005
-4.97308e-008,-0.00465305
-4.93308e-008,0.00240558
-4.89308e-008,5.27045e-005
-4.85308e-008,0.0118171
-4.81308e-008,0.00475846
-4.77308e-008,-0.00230017
-4.73308e-008,0.00475846
-4.69308e-008,5.27045e-005
-4.65308e-008,0.00240558
-4.61308e-008,0.00240558
-4.57308e-008,5.27045e-005
-4.53308e-008,5.27045e-005
-4.49308e-008,0.00240558
-4.45308e-008,0.00711134
-4.41308e-008,0.00240558
-4.37308e-008,0.00240558
-4.33308e-008,5.27045e-005
-4.29308e-008,5.27045e-005
-4.25308e-008,0.00711134
-4.21308e-008,-0.00230017
-4.17308e-008,5.27045e-005
-4.13308e-008,-0.00935881
-4.09308e-008,0.00475846
-4.05308e-008,0.00946422
-4.01308e-008,0.00711134
-3.97308e-008,0.00711134
-3.93308e-008,0.00946422
-3.89308e-008,0.00475846
-3.85308e-008,0.00946422
-3.81308e-008,-0.0117117
-3.77308e-008,0.00240558
-3.73308e-008,0.00475846
-3.69308e-008,0.0118171
-3.65308e-008,5.27045e-005
-3.61308e-008,5.27045e-005
-3.57308e-008,0.00475846
-3.53308e-008,-0.00230017
-3.49308e-008,-0.00230017
-3.45308e-008,0.00240558
-3.41308e-008,5.27045e-005
-3.37308e-008,0.00475846
-3.33308e-008,0.00946422
-3.29308e-008,-0.00230017
-3.25308e-008,0.01417
-3.21308e-008,0.00711134
-3.17308e-008,0.00240558
-3.13308e-008,0.00711134
-3.09308e-008,5.27045e-005
-3.05308e-008,5.27045e-005
-3.01308e-008,0.00475846
-2.97308e-008,-0.00700593
-2.93308e-008,0.00240558
-2.89308e-008,0.0118171
-2.85308e-008,-0.00230017
-2.81308e-008,-0.00230017
-2.77308e-008,-0.00935881
-2.73308e-008,0.00240558
-2.69308e-008,0.00946422
-2.65308e-008,0.00711134
-2.61308e-008,-0.00230017
-2.57308e-008,0.00475846
-2.53308e-008,0.00240558
-2.49308e-008,0.00240558
-2.45308e-008,-0.00465305
-2.41308e-008,0.00711134
-2.37308e-008,0.00946422
-2.33308e-008,0.00711134
-2.29308e-008,0.00711134
-2.25308e-008,5.27045e-005
-2.21308e-008,-0.00230017
-2.17308e-008,5.27045e-005
-2.13308e-008,0.00711134
-2.09308e-008,0.0118171
-2.05308e-008,0.0188757
-2.01308e-008,0.0118171
-1.97308e-008,-0.0117117
-1.93308e-008,0.00475846
-1.89308e-008,0.00711134
-1.85308e-008,0.00475846
-1.81308e-008,-0.00230017
-1.77308e-008,0.00711134
-1.73308e-008,0.00475846
-1.69308e-008,-0.00230017
-1.65308e-008,0.00475846
-1.61308e-008,0.00946422
-1.57308e-008,-0.00700593
-1.53308e-008,0.00711134
-1.49308e-008,0.00475846
-1.45308e-008,0.00240558
-1.41308e-008,0.00946422
-1.37308e-008,0.00946422
-1.33308e-008,0.00475846
-1.29308e-008,0.00240558
-1.25308e-008,-0.00935881
-1.21308e-008,0.00240558
-1.17308e-008,0.00711134
-1.13308e-008,0.0118171
-1.09308e-008,-0.00230017
-1.05308e-008,0.00240558
-1.01308e-008,5.27045e-005
-9.7308e-009,0.00475846
-9.3308e-009,5.27045e-005
-8.9308e-009,0.00475846
-8.5308e-009,5.27045e-005
-8.1308e-009,0.00711134
-7.7308e-009,5.27045e-005
-7.3308e-009,0.00475846
-6.9308e-009,5.27045e-005
-6.5308e-009,0.00946422
-6.1308e-009,0.00240558
-5.7308e-009,0.00711134
-5.3308e-009,-0.00935881
-4.9308e-009,-0.00230017
-4.5308e-009,0.00711134
-4.1308e-009,-0.00700593
-3.7308e-009,0.0118171
-3.3308e-009,0.00946422
-2.9308e-009,0.00711134
-2.5308e-009,0.00475846
-2.1308e-009,-0.00935881
-1.7308e-009,5.27045e-005
-1.3308e-009,0.00240558
-9.308e-010,0.00240558
-5.308e-010,-0.00230017
-1.308e-010,5.27045e-005
2.692e-010,-0.0117117
6.692e-010,5.27045e-005
1.0692e-009,-0.00230017
1.4692e-009,0.00711134
1.8692e-009,0.00240558
2.2692e-009,-0.00465305
2.6692e-009,5.27045e-005
3.0692e-009,-0.00700593
3.4692e-009,-0.00700593
3.8692e-009,-0.00230017
4.2692e-009,0.0165229
4.6692e-009,0.00240558
5.0692e-009,0.00711134
5.4692e-009,0.00240558
5.8692e-009,5.27045e-005
6.2692e-009,5.27045e-005
6.6692e-009,0.00711134
7.0692e-009,-0.00465305
7.4692e-009,0.00240558
7.8692e-009,0.00240558
8.2692e-009,0.00946422
8.6692e-009,-0.0117117
9.0692e-009,0.01417
9.4692e-009,0.00475846
9.8692e-009,-0.00465305
1.02692e-008,0.00240558
1.06692e-008,0.00475846
1.10692e-008,0.00946422
1.14692e-008,0.00711134
1.18692e-008,0.00946422
1.22692e-008,-0.00230017
1.26692e-008,-0.00700593
1.30692e-008,0.00711134
1.34692e-008,0.00711134
1.38692e-008,-0.00230017
1.42692e-008,5.27045e-005
1.46692e-008,-0.00465305
1.50692e-008,0.00240558
1.54692e-008,0.00240558
1.58692e-008,0.00946422
1.62692e-008,5.27045e-005
1.66692e-008,0.00475846
1.70692e-008,0.00946422
1.74692e-008,0.00240558
1.78692e-008,0.00946422
1.82692e-008,-0.00465305
1.86692e-008,0.00475846
1.90692e-008,0.00475846
1.94692e-008,5.27045e-005
1.98692e-008,0.00946422
2.02692e-008,0.00475846
2.06692e-008,0.00240558
2.10692e-008,0.00711134
2.14692e-008,0.00240558
2.18692e-008,0.00475846
2.22692e-008,0.00711134
2.26692e-008,0.00711134
2.30692e-008,0.00711134
2.34692e-008,-0.00230017
2.38692e-008,0.00475846
2.42692e-008,0.00946422
2.46692e-008,0.00946422
2.50692e-008,-0.00230017
2.54692e-008,0.01417
2.58692e-008,0.0118171
2.62692e-008,0.00475846
2.66692e-008,5.27045e-005
2.70692e-008,0.00240558
2.74692e-008,0.00240558
2.78692e-008,-0.00230017
2.82692e-008,0.00711134
2.86692e-008,5.27045e-005
2.90692e-008,-0.00230017
2.94692e-008,-0.00230017
2.98692e-008,0.00240558
3.02692e-008,0.00475846
3.06692e-008,0.00711134
3.10692e-008,0.00240558
3.14692e-008,0.00240558
3.18692e-008,-0.00230017
3.22692e-008,0.00240558
3.26692e-008,0.00240558
3.30692e-008,5.27045e-005
3.34692e-008,0.00240558
3.38692e-008,0.00475846
3.42692e-008,0.00475846
3.46692e-008,0.00475846
3.50692e-008,0.00475846
3.54692e-008,-0.00935881
3.58692e-008,0.00475846
3.62692e-008,0.00475846
3.66692e-008,0.00240558
3.70692e-008,0.00711134
3.74692e-008,0.00946422
3.78692e-008,0.0165229
3.82692e-008,0.00946422
3.86692e-008,0.00240558
3.90692e-008,0.00711134
3.94692e-008,0.00711134
3.98692e-008,0.00475846
4.02692e-008,-0.00465305
4.06692e-008,5.27045e-005
4.10692e-008,5.27045e-005
4.14692e-008,0.00475846
4.18692e-008,5.27045e-005
4.22692e-008,0.00946422
4.26692e-008,0.0118171
4.30692e-008,0.0118171
4.34692e-008,5.27045e-005
4.38692e-008,0.00711134
4.42692e-008,0.00475846
4.46692e-008,5.27045e-005
4.50692e-008,0.00946422
4.54692e-008,0.00711134
4.58692e-008,5.27045e-005
4.62692e-008,0.00240558
4.66692e-008,0.00711134
4.70692e-008,-0.00465305
4.74692e-008,0.00475846
4.78692e-008,0.00240558
4.82692e-008,0.00711134
4.86692e-008,0.00475846
4.90692e-008,0.00475846
4.94692e-008,0.0118171
4.98692e-008,5.27045e-005
5.02692e-008,0.00946422
5.06692e-008,-0.00230017
5.10692e-008,5.27045e-005
5.14692e-008,0.01417
5.18692e-008,5.27045e-005
5.22692e-008,-0.00230017
5.26692e-008,5.27045e-005
5.30692e-008,0.00240558
5.34692e-008,0.00240558
5.38692e-008,0.01417
5.42692e-008,0.00475846
5.46692e-008,-0.00465305
5.50692e-008,0.00240558
5.54692e-008,0.00711134
5.58692e-008,0.0118171
5.62692e-008,0.00240558
5.66692e-008,0.00711134
5.70692e-008,-0.00230017
5.74692e-008,0.00475846
5.78692e-008,0.00240558
5.82692e-008,0.00240558
5.86692e-008,5.27045e-005
5.90692e-008,0.00240558
5.94692e-008,0.0165229
5.98692e-008,0.00475846
6.02692e-008,0.00240558
6.06692e-008,0.00946422
6.10692e-008,-0.0140646
6.14692e-008,0.01417
6.18692e-008,0.00240558
6.22692e-008,0.00711134
6.26692e-008,0.00240558
6.30692e-008,-0.00230017
6.34692e-008,0.00240558
6.38692e-008,-0.00230017
6.42692e-008,-0.00230017
6.46692e-008,5.27045e-005
6.50692e-008,0.00946422
6.54692e-008,0.00240558
6.58692e-008,0.00711134
6.62692e-008,-0.00465305
6.66692e-008,5.27045e-005
6.70692e-008,0.00240558
6.74692e-008,0.00946422
6.78692e-008,0.00946422
6.82692e-008,0.00711134
6.86692e-008,0.00475846
6.90692e-008,5.27045e-005
6.94692e-008,-0.00230017
6.98692e-008,0.00711134
7.02692e-008,5.27045e-005
7.06692e-008,5.27045e-005
7.10692e-008,5.27045e-005
7.14692e-008,0.00711134
7.18692e-008,0.00240558
7.22692e-008,0.00711134
7.26692e-008,-0.00230017
7.30692e-008,5.27045e-005
7.34692e-008,0.00711134
7.38692e-008,0.00240558
7.42692e-008,-0.00935881
7.46692e-008,5.27045e-005
7.50692e-008,0.0118171
7.54692e-008,0.00711134
7.58692e-008,0.00711134
7.62692e-008,-0.00230017
7.66692e-008,0.00475846
7.70692e-008,0.00475846
7.74692e-008,0.00475846
7.78692e-008,0.00240558
7.82692e-008,5.27045e-005
7.86692e-008,-0.00465305
7.90692e-008,-0.00465305
7.94692e-008,-0.00230017
7.98692e-008,0.00240558
8.02692e-008,-0.00465305
8.06692e-008,5.27045e-005
8.10692e-008,5.27045e-005
8.14692e-008,0.00240558
8.18692e-008,0.00946422
8.22692e-008,0.00240558
8.26692e-008,-0.00935881
8.30692e-008,-0.00465305
8.34692e-008,0.0118171
8.38692e-008,0.00711134
8.42692e-008,0.00240558
8.46692e-008,0.0118171
8.50692e-008,5.27045e-005
8.54692e-008,0.00240558
8.58692e-008,0.01417
8.62692e-008,0.00946422
8.66692e-008,-0.00465305
8.70692e-008,0.00946422
8.74692e-008,5.27045e-005
8.78692e-008,0.00240558
8.82692e-008,-0.00465305
8.86692e-008,-0.00230017
8.90692e-008,0.00475846
8.94692e-008,-0.00230017
8.98692e-008,-0.00465305
9.02692e-008,0.00711134
9.06692e-008,5.27045e-005
9.10692e-008,5.27045e-005
9.14692e-008,0.00946422
9.18692e-008,0.00475846
9.22692e-008,-0.00465305
9.26692e-008,5.27045e-005
9.30692e-008,-0.00230017
9.34692e-008,0.00240558
9.38692e-008,5.27045e-005
9.42692e-008,0.0118171
9.46692e-008,0.00946422
9.50692e-008,0.00475846
9.54692e-008,0.00946422
9.58692e-008,5.27045e-005
9.62692e-008,-0.00465305
9.66692e-008,0.00946422
9.70692e-008,-0.00465305
9.74692e-008,-0.00230017
9.78692e-008,5.27045e-005
9.82692e-008,0.00240558
9.86692e-008,0.00475846
9.90692e-008,0.00946422
9.94692e-008,0.00475846
9.98692e-008,-0.00230017
1.002692e-007,0.0118171
1.006692e-007,0.0118171
1.010692e-007,0.00946422
1.014692e-007,0.00240558
1.018692e-007,-0.00465305
1.022692e-007,5.27045e-005
1.026692e-007,0.00240558
1.030692e-007,0.00240558
1.034692e-007,0.00240558
1.038692e-007,0.00240558
1.042692e-007,0.00946422
1.046692e-007,0.00240558
1.050692e-007,0.00711134
1.054692e-007,0.00240558
1.058692e-007,-0.00230017
1.062692e-007,5.27045e-005
1.066692e-007,0.00240558
1.070692e-007,0.00240558
1.074692e-007,0.00475846
1.078692e-007,-0.00700593
1.082692e-007,0.00240558
1.086692e-007,0.00240558
1.090692e-007,0.00711134
1.094692e-007,0.00240558
1.098692e-007,0.00240558
1.102692e-007,0.00240558
1.106692e-007,5.27045e-005
1.110692e-007,0.00946422
1.114692e-007,5.27045e-005
1.118692e-007,0.00475846
1.122692e-007,-0.00700593
1.126692e-007,0.0118171
1.130692e-007,0.00475846
1.134692e-007,0.00711134
1.138692e-007,0.00946422
1.142692e-007,0.00946422
1.146692e-007,0.0118171
1.150692e-007,0.00240558
1.154692e-007,-0.00935881
1.158692e-007,0.00711134
1.162692e-007,0.00711134
1.166692e-007,0.00475846
1.170692e-007,0.00240558
1.174692e-007,-0.00465305
1.178692e-007,-0.00465305
1.182692e-007,0.00711134
1.186692e-007,-0.00230017
1.190692e-007,0.00475846
1.194692e-007,0.01417
1.198692e-007,0.00946422
1.202692e-007,0.00711134
1.206692e-007,5.27045e-005
1.210692e-007,0.00475846
1.214692e-007,5.27045e-005
1.218692e-007,-0.00935881
1.222692e-007,0.00946422
1.226692e-007,0.00240558
1.230692e-007,-0.00230017
1.234692e-007,-0.00465305
1.238692e-007,0.00711134
1.242692e-007,5.27045e-005
1.246692e-007,0.00946422
1.250692e-007,0.00711134
1.254692e-007,5.27045e-005
1.258692e-007,5.27045e-005
1.262692e-007,0.00946422
1.266692e-007,0.00946422
1.270692e-007,0.00711134
1.274692e-007,-0.00230017
1.278692e-007,0.00711134
1.282692e-007,0.00475846
1.286692e-007,0.00475846
1.290692e-007,0.00240558
1.294692e-007,0.00240558
1.298692e-007,0.00240558
1.302692e-007,-0.00465305
1.306692e-007,0.00946422
1.310692e-007,0.00475846
1.314692e-007,-0.00230017
1.318692e-007,0.00240558
1.322692e-007,0.00946422
1.326692e-007,0.00240558
1.330692e-007,0.00711134
1.334692e-007,-0.00465305
1.338692e-007,0.00240558
1.342692e-007,5.27045e-005
1.346692e-007,0.00711134
1.350692e-007,5.27045e-005
1.354692e-007,0.00240558
1.358692e-007,0.00711134
1.362692e-007,0.00946422
1.366692e-007,0.00475846
1.370692e-007,0.00240558
1.374692e-007,0.00946422
1.378692e-007,5.27045e-005
1.382692e-007,0.00475846
1.386692e-007,5.27045e-005
1.390692e-007,0.00946422
1.394692e-007,0.00475846
1.398692e-007,0.00946422
1.402692e-007,0.0165229
1.406692e-007,5.27045e-005
1.410692e-007,-0.00700593
1.414692e-007,0.00240558
1.418692e-007,0.00946422
1.422692e-007,-0.00700593
1.426692e-007,0.00240558
1.430692e-007,5.27045e-005
1.434692e-007,0.00240558
1.438692e-007,0.00240558
1.442692e-007,5.27045e-005
1.446692e-007,-0.00465305
1.450692e-007,0.0165229
1.454692e-007,0.00711134
1.458692e-007,5.27045e-005
1.462692e-007,0.00475846
1.466692e-007,0.00711134
1.470692e-007,0.00240558
1.474692e-007,5.27045e-005
1.478692e-007,-0.00230017
1.482692e-007,5.27045e-005
1.486692e-007,-0.00230017
1.490692e-007,0.00711134
1.494692e-007,5.27045e-005
1.498692e-007,0.00475846
1.502692e-007,0.00475846
1.506692e-007,5.27045e-005
1.510692e-007,0.00475846
1.514692e-007,-0.00465305
1.518692e-007,0.00475846
1.522692e-007,0.00946422
1.526692e-007,0.00240558
1.530692e-007,0.00240558
1.534692e-007,5.27045e-005
1.538692e-007,5.27045e-005
1.542692e-007,0.00946422
1.546692e-007,0.00475846
1.550692e-007,0.00240558
1.554692e-007,0.00240558
1.558692e-007,-0.00700593
1.562692e-007,-0.00700593
1.566692e-007,0.00240558
1.570692e-007,-0.00700593
1.574692e-007,0.00475846
1.578692e-007,0.00711134
1.582692e-007,0.0118171
1.586692e-007,0.00711134
1.590692e-007,0.00946422
1.594692e-007,-0.00230017
1.598692e-007,0.00475846
1.602692e-007,-0.00465305
1.606692e-007,5.27045e-005
1.610692e-007,5.27045e-005
1.614692e-007,0.00240558
1.618692e-007,0.0165229
1.622692e-007,-0.00230017
1.626692e-007,0.00240558
1.630692e-007,0.00946422
1.634692e-007,-0.00465305
1.638692e-007,0.00711134
1.642692e-007,-0.00465305
1.646692e-007,0.0118171
1.650692e-007,0.00475846
1.654692e-007,0.00946422
1.658692e-007,0.00240558
1.662692e-007,5.27045e-005
1.666692e-007,-0.00935881
1.670692e-007,0.00946422
1.674692e-007,0.00711134
1.678692e-007,0.00475846
1.682692e-007,-0.00465305
1.686692e-007,-0.00465305
1.690692e-007,5.27045e-005
1.694692e-007,0.00475846
1.698692e-007,5.27045e-005
1.702692e-007,0.01417
1.706692e-007,5.27045e-005
1.710692e-007,0.0118171
1.714692e-007,0.00711134
1.718692e-007,-0.00230017
1.722692e-007,5.27045e-005
1.726692e-007,5.27045e-005
1.730692e-007,0.00240558
1.734692e-007,0.00946422
1.738692e-007,5.27045e-005
1.742692e-007,-0.00230017
1.746692e-007,-0.00465305
1.750692e-007,0.00240558
1.754692e-007,0.00240558
1.758692e-007,0.00711134
1.762692e-007,-0.0117117
1.766692e-007,0.00240558
1.770692e-007,0.00475846
1.774692e-007,0.00946422
1.778692e-007,-0.00230017
1.782692e-007,0.00475846
1.786692e-007,-0.00230017
1.790692e-007,-0.00230017
1.794692e-007,0.00240558
1.798692e-007,0.00475846
1.802692e-007,0.00240558
1.806692e-007,0.00711134
1.810692e-007,0.00240558
1.814692e-007,-0.00465305
1.818692e-007,0.00475846
1.822692e-007,0.00475846
1.826692e-007,-0.00700593
1.830692e-007,-0.00700593
1.834692e-007,0.0165229
1.838692e-007,0.00240558
1.842692e-007,5.27045e-005
1.846692e-007,5.27045e-005
1.850692e-007,-0.00230017
1.854692e-007,0.00475846
1.858692e-007,5.27045e-005
1.862692e-007,-0.00230017
1.866692e-007,0.00240558
1.870692e-007,0.00711134
1.874692e-007,5.27045e-005
1.878692e-007,0.00240558
1.882692e-007,0.00475846
1.886692e-007,0.00946422
1.890692e-007,-0.00700593
1.894692e-007,0.00240558
1.898692e-007,0.00240558
1.902692e-007,0.00946422
1.906692e-007,-0.00230017
1.910692e-007,0.00240558
1.914692e-007,0.00240558
1.918692e-007,0.00711134
1.922692e-007,-0.00465305
1.926692e-007,0.00240558
1.930692e-007,-0.00230017
1.934692e-007,0.00475846
1.938692e-007,0.00240558
1.942692e-007,-0.00465305
1.946692e-007,5.27045e-005
1.950692e-007,0.00475846
1.954692e-007,5.27045e-005
1.958692e-007,-0.00700593
1.962692e-007,0.01417
1.966692e-007,0.00475846
1.970692e-007,0.00711134
1.974692e-007,-0.00230017
1.978692e-007,5.27045e-005
1.982692e-007,-0.0117117
1.986692e-007,-0.00230017
1.990692e-007,5.27045e-005
1.994692e-007,0.00475846
1.998692e-007,-0.00230017
2.002692e-007,0.00711134
2.006692e-007,0.00240558
2.010692e-007,0.00711134
2.014692e-007,0.00711134
2.018692e-007,5.27045e-005
2.022692e-007,0.00475846
2.026692e-007,-0.00465305
2.030692e-007,0.00240558
2.034692e-007,-0.00465305
2.038692e-007,5.27045e-005
2.042692e-007,0.00240558
2.046692e-007,0.00711134
2.050692e-007,0.00240558
2.054692e-007,0.00946422
2.058692e-007,0.00240558
2.062692e-007,5.27045e-005
2.066692e-007,0.00240558
2.070692e-007,-0.00230017
2.074692e-007,-0.00230017
2.078692e-007,0.00475846
2.082692e-007,0.00475846
2.086692e-007,0.00240558
2.090692e-007,0.00711134
2.094692e-007,0.00240558
2.098692e-007,0.00240558
2.102692e-007,0.00711134
2.106692e-007,5.27045e-005
2.110692e-007,-0.00230017
2.114692e-007,0.00240558
2.118692e-007,5.27045e-005
2.122692e-007,0.00240558
2.126692e-007,0.0118171
2.130692e-007,0.0165229
2.134692e-007,0.00946422
2.138692e-007,-0.00230017
2.142692e-007,-0.00230017
2.146692e-007,-0.0117117
2.150692e-007,0.01417
2.154692e-007,-0.00230017
2.158692e-007,0.00240558
2.162692e-007,-0.00465305
2.166692e-007,0.00946422
2.170692e-007,-0.00230017
2.174692e-007,0.00240558
2.178692e-007,5.27045e-005
2.182692e-007,0.00711134
2.186692e-007,5.27045e-005
2.190692e-007,0.00240558
2.194692e-007,5.27045e-005
2.198692e-007,5.27045e-005
2.202692e-007,5.27045e-005
2.206692e-007,-0.00230017
2.210692e-007,5.27045e-005
2.214692e-007,0.00475846
2.218692e-007,5.27045e-005
2.222692e-007,0.00946422
2.226692e-007,0.00946422
2.230692e-007,5.27045e-005
2.234692e-007,0.00475846
2.238692e-007,0.00475846
2.242692e-007,5.27045e-005
2.246692e-007,0.00475846
2.250692e-007,0.00475846
2.254692e-007,0.00240558
2.258692e-007,5.27045e-005
2.262692e-007,0.00240558
2.266692e-007,0.00946422
2.270692e-007,0.00711134
2.274692e-007,0.00240558
2.278692e-007,5.27045e-005
2.282692e-007,-0.00230017
2.286692e-007,0.00946422
2.290692e-007,0.00240558
2.294692e-007,-0.00230017
2.298692e-007,0.00711134
2.302692e-007,-0.00230017
2.306692e-007,0.00475846
2.310692e-007,-0.00230017
2.314692e-007,-0.00700593
2.318692e-007,-0.00230017
2.322692e-007,-0.00230017
2.326692e-007,-0.00465305
2.330692e-007,-0.00465305
2.334692e-007,0.00240558
2.338692e-007,0.00475846
2.342692e-007,-0.00700593
2.346692e-007,-0.00230017
2.350692e-007,0.00240558
2.354692e-007,0.00240558
2.358692e-007,0.00711134
2.362692e-007,5.27045e-005
2.366692e-007,-0.00465305
2.370692e-007,5.27045e-005
2.374692e-007,5.27045e-005
2.378692e-007,0.00240558
2.382692e-007,0.00240558
2.386692e-007,5.27045e-005
2.390692e-007,-0.00230017
2.394692e-007,-0.00230017
2.398692e-007,0.00475846
2.402692e-007,-0.00465305
2.406692e-007,-0.00230017
2.410692e-007,0.00475846
2.414692e-007,0.00240558
2.418692e-007,-0.00465305
2.422692e-007,0.00475846
2.426692e-007,0.0118171
2.430692e-007,-0.00230017
2.434692e-007,-0.00465305
2.438692e-007,0.00475846
2.442692e-007,0.0118171
2.446692e-007,0.00240558
2.450692e-007,0.00711134
2.454692e-007,-0.00230017
2.458692e-007,0.00240558
2.462692e-007,0.00240558
2.466692e-007,0.00475846
2.470692e-007,0.00711134
2.474692e-007,0.00946422
2.478692e-007,0.00475846
2.482692e-007,0.0118171
2.486692e-007,-0.00230017
2.490692e-007,0.00475846
2.494692e-007,5.27045e-005
2.498692e-007,0.00946422
2.502692e-007,0.00475846
2.506692e-007,5.27045e-005
2.510692e-007,0.00946422
2.514692e-007,5.27045e-005
2.518692e-007,0.00475846
2.522692e-007,0.00475846
2.526692e-007,0.00946422
2.530692e-007,0.00475846
2.534692e-007,5.27045e-005
2.538692e-007,0.01417
2.542692e-007,-0.00230017
2.546692e-007,0.00240558
2.550692e-007,0.00711134
2.554692e-007,-0.00465305
2.558692e-007,0.00711134
2.562692e-007,0.00475846
2.566692e-007,5.27045e-005
2.570692e-007,-0.00230017
2.574692e-007,0.00240558
2.578692e-007,0.0118171
2.582692e-007,5.27045e-005
2.586692e-007,0.00946422
2.590692e-007,0.00475846
2.594692e-007,0.00711134
2.598692e-007,0.00475846
2.602692e-007,0.00711134
2.606692e-007,0.00475846
2.610692e-007,0.00240558
2.614692e-007,5.27045e-005
2.618692e-007,0.00240558
2.622692e-007,5.27045e-005
2.626692e-007,0.00711134
2.630692e-007,0.00946422
2.634692e-007,0.00240558
2.638692e-007,0.00711134
2.642692e-007,0.0118171
2.646692e-007,0.00240558
2.650692e-007,0.00240558
2.654692e-007,0.00946422
2.658692e-007,-0.00465305
2.662692e-007,0.01417
2.666692e-007,0.00475846
2.670692e-007,0.00946422
2.674692e-007,-0.00465305
2.678692e-007,0.00946422
2.682692e-007,0.00475846
2.686692e-007,-0.00230017
2.690692e-007,-0.00230017
2.694692e-007,0.00711134
2.698692e-007,5.27045e-005
2.702692e-007,-0.00230017
2.706692e-007,0.00240558
2.710692e-007,5.27045e-005
2.714692e-007,-0.00700593
2.718692e-007,-0.00230017
2.722692e-007,5.27045e-005
2.726692e-007,0.00475846
2.730692e-007,5.27045e-005
2.734692e-007,-0.00230017
2.738692e-007,0.00711134
2.742692e-007,-0.00935881
2.746692e-007,0.00711134
2.750692e-007,-0.00465305
2.754692e-007,-0.00700593
2.758692e-007,-0.00465305
2.762692e-007,0.00240558
2.766692e-007,5.27045e-005
2.770692e-007,-0.00700593
2.774692e-007,-0.00465305
2.778692e-007,0.00475846
2.782692e-007,0.00711134
2.786692e-007,0.00946422
2.790692e-007,5.27045e-005
2.794692e-007,-0.00465305
2.798692e-007,0.00240558
2.802692e-007,0.00475846
2.806692e-007,0.00711134
2.810692e-007,0.00240558
2.814692e-007,0.00475846
2.818692e-007,5.27045e-005
2.822692e-007,5.27045e-005
2.826692e-007,-0.00700593
2.830692e-007,0.00240558
2.834692e-007,-0.00230017
2.838692e-007,5.27045e-005
2.842692e-007,5.27045e-005
2.846692e-007,0.00240558
2.850692e-007,0.00711134
2.854692e-007,-0.00230017
2.858692e-007,0.00240558
2.862692e-007,0.00240558
2.866692e-007,0.00240558
2.870692e-007,0.00240558
2.874692e-007,0.00711134
2.878692e-007,5.27045e-005
2.882692e-007,-0.00465305
2.886692e-007,5.27045e-005
2.890692e-007,0.00240558
2.894692e-007,0.00711134
2.898692e-007,0.00711134
2.902692e-007,-0.00700593
2.906692e-007,-0.00230017
2.910692e-007,-0.00700593
2.914692e-007,-0.00465305
2.918692e-007,0.00475846
2.922692e-007,-0.00465305
2.926692e-007,5.27045e-005
2.930692e-007,-0.00700593
2.934692e-007,-0.00230017
2.938692e-007,0.0118171
2.942692e-007,0.00240558
2.946692e-007,0.00240558
2.950692e-007,0.00240558
2.954692e-007,5.27045e-005
2.958692e-007,0.00240558
2.962692e-007,0.00711134
2.966692e-007,0.00240558
2.970692e-007,-0.00465305
2.974692e-007,0.00475846
2.978692e-007,-0.00230017
2.982692e-007,-0.00465305
2.986692e-007,0.00946422
2.990692e-007,0.00711134
2.994692e-007,5.27045e-005
2.998692e-007,-0.00230017
3.002692e-007,5.27045e-005
3.006692e-007,0.00711134
3.010692e-007,-0.00935881
3.014692e-007,-0.00230017
3.018692e-007,5.27045e-005
3.022692e-007,0.00946422
3.026692e-007,-0.00465305
3.030692e-007,0.00240558
3.034692e-007,0.00240558
3.038692e-007,0.0165229
3.042692e-007,5.27045e-005
3.046692e-007,-0.00465305
3.050692e-007,0.00475846
3.054692e-007,0.00475846
3.058692e-007,-0.00230017
3.062692e-007,0.00240558
3.066692e-007,-0.00230017
3.070692e-007,0.01417
3.074692e-007,5.27045e-005
3.078692e-007,0.00240558
3.082692e-007,-0.00465305
3.086692e-007,-0.00465305
3.090692e-007,0.00240558
3.094692e-007,-0.00465305
3.098692e-007,-0.00230017
3.102692e-007,0.00946422
3.106692e-007,-0.00465305
3.110692e-007,0.00475846
3.114692e-007,0.00946422
3.118692e-007,0.0165229
3.122692e-007,0.00711134
3.126692e-007,-0.00465305
3.130692e-007,0.00711134
3.134692e-007,0.00475846
3.138692e-007,-0.00465305
3.142692e-007,0.00240558
3.146692e-007,0.00240558
3.150692e-007,-0.00465305
3.154692e-007,0.00946422
3.158692e-007,-0.00230017
3.162692e-007,0.00946422
3.166692e-007,0.00475846
3.170692e-007,-0.00230017
3.174692e-007,0.00475846
3.178692e-007,0.00475846
3.182692e-007,5.27045e-005
3.186692e-007,0.00240558
3.190692e-007,0.00946422
3.194692e-007,0.00475846
3.198692e-007,0.00240558
3.202692e-007,-0.00465305
3.206692e-007,0.00711134
3.210692e-007,0.00475846
3.214692e-007,0.0118171
3.218692e-007,-0.00935881
3.222692e-007,5.27045e-005
3.226692e-007,0.00240558
3.230692e-007,0.00240558
3.234692e-007,-0.0164174
3.238692e-007,0.00475846
3.242692e-007,0.0118171
3.246692e-007,0.01417
3.250692e-007,0.00711134
3.254692e-007,-0.00935881
3.258692e-007,-0.00700593
3.262692e-007,0.00475846
3.266692e-007,-0.00465305
3.270692e-007,0.00240558
3.274692e-007,5.27045e-005
3.278692e-007,-0.00230017
3.282692e-007,0.00711134
3.286692e-007,-0.00465305
3.290692e-007,0.00475846
3.294692e-007,0.00946422
3.298692e-007,0.00711134
3.302692e-007,-0.00230017
3.306692e-007,-0.00935881
3.310692e-007,0.00475846
3.314692e-007,0.00240558
3.318692e-007,0.00240558
3.322692e-007,0.00240558
3.326692e-007,0.00475846
3.330692e-007,0.00946422
3.334692e-007,0.00475846
3.338692e-007,0.00946422
3.342692e-007,0.00711134
3.346692e-007,-0.00465305
3.350692e-007,0.00711134
3.354692e-007,5.27045e-005
3.358692e-007,0.00946422
3.362692e-007,-0.00230017
3.366692e-007,0.00240558
3.370692e-007,0.0118171
3.374692e-007,0.0118171
3.378692e-007,0.00711134
3.382692e-007,-0.00935881
3.386692e-007,5.27045e-005
3.390692e-007,0.00711134
3.394692e-007,-0.00465305
3.398692e-007,0.00240558
3.402692e-007,0.00240558
3.406692e-007,0.00711134
3.410692e-007,5.27045e-005
3.414692e-007,-0.00700593
3.418692e-007,0.00475846
3.422692e-007,0.0118171
3.426692e-007,-0.00465305
3.430692e-007,0.00711134
3.434692e-007,5.27045e-005
3.438692e-007,5.27045e-005
3.442692e-007,0.00946422
3.446692e-007,-0.00230017
3.450692e-007,0.00240558
3.454692e-007,0.00240558
3.458692e-007,0.00240558
3.462692e-007,-0.00465305
3.466692e-007,0.00475846
3.470692e-007,0.00475846
3.474692e-007,5.27045e-005
3.478692e-007,-0.00465305
3.482692e-007,0.00475846
3.486692e-007,0.00475846
3.490692e-007,-0.00230017
3.494692e-007,0.00946422
3.498692e-007,0.0118171
3.502692e-007,0.00240558
3.506692e-007,0.00711134
3.510692e-007,5.27045e-005
3.514692e-007,5.27045e-005
3.518692e-007,5.27045e-005
3.522692e-007,-0.00230017
3.526692e-007,5.27045e-005
3.530692e-007,0.00475846
3.534692e-007,0.00711134
3.538692e-007,0.00711134
3.542692e-007,0.00240558
3.546692e-007,0.01417
3.550692e-007,0.00946422
3.554692e-007,0.00240558
3.558692e-007,0.00475846
3.562692e-007,-0.00465305
3.566692e-007,0.00240558
3.570692e-007,-0.00230017
3.574692e-007,0.00711134
3.578692e-007,0.00240558
3.582692e-007,0.01417
3.586692e-007,0.00240558
3.590692e-007,0.00475846
3.594692e-007,-0.00465305
3.598692e-007,5.27045e-005
3.602692e-007,-0.00230017
3.606692e-007,-0.00465305
3.610692e-007,0.00475846
3.614692e-007,0.00946422
3.618692e-007,-0.00465305
3.622692e-007,0.00240558
3.626692e-007,0.00711134
3.630692e-007,0.0165229
3.634692e-007,-0.00700593
3.638692e-007,0.00475846
3.642692e-007,5.27045e-005
3.646692e-007,0.00946422
3.650692e-007,5.27045e-005
3.654692e-007,5.27045e-005
3.658692e-007,-0.00230017
3.662692e-007,0.00240558
3.666692e-007,0.00711134
3.670692e-007,0.00946422
3.674692e-007,-0.00230017
3.678692e-007,0.00946422
3.682692e-007,-0.00465305
3.686692e-007,0.00475846
3.690692e-007,-0.00465305
3.694692e-007,0.00946422
3.698692e-007,0.00240558
3.702692e-007,0.00946422
3.706692e-007,0.00475846
3.710692e-007,-0.00230017
3.714692e-007,0.00240558
3.718692e-007,0.00946422
3.722692e-007,-0.00230017
3.726692e-007,0.00240558
3.730692e-007,5.27045e-005
3.734692e-007,5.27045e-005
3.738692e-007,-0.00700593
3.742692e-007,-0.00465305
3.746692e-007,5.27045e-005
3.750692e-007,-0.00465305
3.754692e-007,0.00475846
3.758692e-007,0.00711134
3.762692e-007,-0.00230017
3.766692e-007,-0.00465305
3.770692e-007,-0.00700593
3.774692e-007,5.27045e-005
3.778692e-007,0.00240558
3.782692e-007,-0.00230017
3.786692e-007,0.00711134
3.790692e-007,-0.00230017
3.794692e-007,0.00711134
3.798692e-007,-0.00465305
3.802692e-007,0.0118171
3.806692e-007,5.27045e-005
3.810692e-007,0.0118171
3.814692e-007,5.27045e-005
3.818692e-007,-0.00230017
3.822692e-007,0.00475846
3.826692e-007,0.00711134
3.830692e-007,0.00240558
3.834692e-007,-0.00230017
3.838692e-007,0.00475846
3.842692e-007,0.00475846
3.846692e-007,0.00475846
3.850692e-007,0.00240558
3.854692e-007,5.27045e-005
3.858692e-007,-0.00465305
3.862692e-007,-0.00230017
3.866692e-007,0.00475846
3.870692e-007,0.00946422
3.874692e-007,0.00475846
3.878692e-007,-0.00700593
3.882692e-007,5.27045e-005
3.886692e-007,0.00240558
3.890692e-007,0.00240558
3.894692e-007,0.0118171
3.898692e-007,-0.00230017
3.902692e-007,-0.00230017
3.906692e-007,5.27045e-005
3.910692e-007,0.00240558
3.914692e-007,0.00240558
3.918692e-007,0.00240558
3.922692e-007,0.00946422
3.926692e-007,0.00475846
3.930692e-007,0.00475846
3.934692e-007,0.0165229
3.938692e-007,-0.00935881
3.942692e-007,0.00711134
3.946692e-007,0.00475846
3.950692e-007,0.0188757
3.954692e-007,0.00240558
3.958692e-007,0.00240558
3.962692e-007,0.01417
3.966692e-007,0.00240558
3.970692e-007,-0.00700593
3.974692e-007,0.00946422
3.978692e-007,5.27045e-005
3.982692e-007,0.00240558
3.986692e-007,0.00240558
3.990692e-007,5.27045e-005
3.994692e-007,-0.00465305
3.998692e-007,-0.00230017
4.002692e-007,-0.00230017
4.006692e-007,0.00475846
4.010692e-007,0.00946422
4.014692e-007,0.00711134
4.018692e-007,5.27045e-005
4.022692e-007,-0.00700593
4.026692e-007,0.00711134
4.030692e-007,0.00711134
4.034692e-007,0.00240558
4.038692e-007,0.00240558
4.042692e-007,0.00475846
4.046692e-007,0.00946422
4.050692e-007,5.27045e-005
4.054692e-007,0.00711134
4.058692e-007,0.01417
4.062692e-007,0.00946422
4.066692e-007,0.00711134
4.070692e-007,5.27045e-005
4.074692e-007,-0.0117117
4.078692e-007,0.00946422
4.082692e-007,-0.00230017
4.086692e-007,0.00946422
4.090692e-007,5.27045e-005
4.094692e-007,0.00475846
4.098692e-007,0.00475846
4.102692e-007,5.27045e-005
4.106692e-007,0.00240558
4.110692e-007,0.00240558
4.114692e-007,-0.00230017
4.118692e-007,-0.00230017
4.122692e-007,0.00711134
4.126692e-007,-0.00700593
4.130692e-007,-0.00230017
4.134692e-007,0.00240558
4.138692e-007,0.00946422
4.142692e-007,0.0118171
4.146692e-007,0.00240558
4.150692e-007,0.00240558
4.154692e-007,0.00946422
4.158692e-007,0.00240558
4.162692e-007,5.27045e-005
4.166692e-007,0.00711134
4.170692e-007,0.00240558
4.174692e-007,0.00711134
4.178692e-007,5.27045e-005
4.182692e-007,-0.00230017
4.186692e-007,0.00475846
4.190692e-007,5.27045e-005
4.194692e-007,-0.00935881
4.198692e-007,0.00475846
4.202692e-007,-0.00465305
4.206692e-007,5.27045e-005
4.210692e-007,5.27045e-005
4.214692e-007,0.00946422
4.218692e-007,0.00475846
4.222692e-007,-0.00230017
4.226692e-007,-0.00935881
4.230692e-007,0.00946422
4.234692e-007,0.00240558
4.238692e-007,-0.00465305
4.242692e-007,0.00240558
4.246692e-007,-0.00230017
4.250692e-007,-0.00465305
4.254692e-007,0.00475846
4.258692e-007,-0.00230017
4.262692e-007,-0.00700593
4.266692e-007,0.0165229
4.270692e-007,0.00711134
4.274692e-007,0.00711134
4.278692e-007,-0.00935881
4.282692e-007,0.00946422
4.286692e-007,-0.00465305
4.290692e-007,-0.00230017
4.294692e-007,0.00240558
4.298692e-007,0.00240558
4.302692e-007,-0.00230017
4.306692e-007,5.27045e-005
4.310692e-007,0.00240558
4.314692e-007,0.00475846
4.318692e-007,0.00711134
4.322692e-007,5.27045e-005
4.326692e-007,5.27045e-005
4.330692e-007,0.00475846
4.334692e-007,-0.00230017
4.338692e-007,0.00240558
4.342692e-007,0.00240558
4.346692e-007,0.00240558
4.350692e-007,0.00475846
4.354692e-007,-0.00230017
4.358692e-007,0.00475846
4.362692e-007,0.00240558
4.366692e-007,-0.00230017
4.370692e-007,0.00240558
4.374692e-007,-0.00465305
4.378692e-007,0.00711134
4.382692e-007,0.00475846
4.386692e-007,-0.00465305
4.390692e-007,0.00240558
4.394692e-007,-0.00230017
4.398692e-007,0.00475846
4.402692e-007,0.00240558
4.406692e-007,5.27045e-005
4.410692e-007,0.00240558
4.414692e-007,5.27045e-005
4.418692e-007,-0.00935881
4.422692e-007,5.27045e-005
4.426692e-007,0.00240558
4.430692e-007,0.00240558
4.434692e-007,0.00475846
4.438692e-007,-0.00700593
4.442692e-007,-0.00230017
4.446692e-007,0.00475846
4.450692e-007,0.00475846
4.454692e-007,0.00711134
4.458692e-007,5.27045e-005
4.462692e-007,5.27045e-005
4.466692e-007,-0.00465305
4.470692e-007,0.00240558
4.474692e-007,0.00475846
4.478692e-007,0.00240558
4.482692e-007,0.00475846
4.486692e-007,0.00240558
4.490692e-007,0.0118171
4.494692e-007,0.00475846
4.498692e-007,-0.00230017
4.502692e-007,5.27045e-005
4.506692e-007,-0.00465305
4.510692e-007,0.00946422
4.514692e-007,-0.0164174
4.518692e-007,-0.00700593
4.522692e-007,0.00475846
4.526692e-007,0.01417
4.530692e-007,0.00240558
4.534692e-007,0.00475846
4.538692e-007,5.27045e-005
4.542692e-007,0.00711134
4.546692e-007,-0.00465305
4.550692e-007,0.0118171
4.554692e-007,0.00475846
4.558692e-007,0.00946422
4.562692e-007,-0.00465305
4.566692e-007,0.00240558
4.570692e-007,5.27045e-005
4.574692e-007,0.00475846
4.578692e-007,0.00240558
4.582692e-007,0.00240558
4.586692e-007,-0.00935881
4.590692e-007,-0.00230017
4.594692e-007,0.00240558
4.598692e-007,0.00711134
4.602692e-007,0.00946422
4.606692e-007,0.00711134
4.610692e-007,5.27045e-005
4.614692e-007,0.00475846
4.618692e-007,-0.00465305
4.622692e-007,0.00240558
4.626692e-007,0.00240558
4.630692e-007,-0.00935881
4.634692e-007,-0.00230017
4.638692e-007,0.00475846
4.642692e-007,-0.00465305
4.646692e-007,-0.00230017
4.650692e-007,0.00240558
4.654692e-007,0.0165229
4.658692e-007,0.00475846
4.662692e-007,0.00475846
4.666692e-007,5.27045e-005
4.670692e-007,5.27045e-005
4.674692e-007,-0.00465305
4.678692e-007,0.00711134
4.682692e-007,0.00240558
4.686692e-007,-0.00465305
4.690692e-007,5.27045e-005
4.694692e-007,-0.00230017
4.698692e-007,0.00475846
4.702692e-007,0.00475846
4.706692e-007,-0.00465305
4.710692e-007,0.00475846
4.714692e-007,0.00475846
4.718692e-007,0.01417
4.722692e-007,0.00240558
4.726692e-007,-0.00230017
4.730692e-007,0.00475846
4.734692e-007,-0.00230017
4.738692e-007,-0.0117117
4.742692e-007,0.00240558
4.746692e-007,5.27045e-005
4.750692e-007,0.00240558
4.754692e-007,-0.0117117
4.758692e-007,-0.00465305
4.762692e-007,-0.00465305
4.766692e-007,5.27045e-005
4.770692e-007,5.27045e-005
4.774692e-007,0.00946422
4.778692e-007,-0.00230017
4.782692e-007,-0.00230017
4.786692e-007,5.27045e-005
4.790692e-007,-0.00465305
4.794692e-007,0.00475846
4.798692e-007,0.00240558
4.802692e-007,-0.00230017
4.806692e-007,0.00946422
4.810692e-007,0.00475846
4.814692e-007,-0.00230017
4.818692e-007,0.00475846
4.822692e-007,-0.00935881
4.826692e-007,0.00711134
4.830692e-007,-0.00230017
4.834692e-007,5.27045e-005
4.838692e-007,-0.00230017
4.842692e-007,-0.00465305
4.846692e-007,-0.00230017
4.850692e-007,0.00475846
4.854692e-007,0.00240558
4.858692e-007,-0.00230017
4.862692e-007,0.00711134
4.866692e-007,0.00240558
4.870692e-007,5.27045e-005
4.874692e-007,0.00240558
4.878692e-007,5.27045e-005
4.882692e-007,0.00240558
4.886692e-007,0.00711134
4.890692e-007,0.00240558
4.894692e-007,0.00475846
4.898692e-007,0.00946422
4.902692e-007,0.00240558
4.906692e-007,0.00711134
4.910692e-007,0.00240558
4.914692e-007,0.00240558
4.918692e-007,5.27045e-005
4.922692e-007,5.27045e-005
4.926692e-007,-0.00935881
4.930692e-007,5.27045e-005
4.934692e-007,0.00240558
4.938692e-007,5.27045e-005
4.942692e-007,0.00711134
4.946692e-007,0.00475846
4.950692e-007,0.00475846
4.954692e-007,0.00475846
4.958692e-007,0.00475846
4.962692e-007,-0.00465305
4.966692e-007,0.00711134
4.970692e-007,0.0118171
4.974692e-007,0.00240558
4.978692e-007,5.27045e-005
4.982692e-007,0.00946422
4.986692e-007,0.0118171
4.990692e-007,5.27045e-005
4.994692e-007,0.00475846
4.998692e-007,-0.00230017
5.002692e-007,0.00240558
5.006692e-007,0.00475846
5.010692e-007,0.00240558
5.014692e-007,5.27045e-005
5.018692e-007,0.00240558
5.022692e-007,0.00240558
5.026692e-007,-0.00935881
5.030692e-007,0.00475846
5.034692e-007,5.27045e-005
5.038692e-007,-0.00230017
5.042692e-007,0.00711134
5.046692e-007,-0.00230017
5.050692e-007,5.27045e-005
5.054692e-007,-0.00230017
5.058692e-007,-0.00230017
5.062692e-007,0.00240558
5.066692e-007,0.00475846
5.070692e-007,5.27045e-005
5.074692e-007,5.27045e-005
5.078692e-007,0.00240558
5.082692e-007,0.00475846
5.086692e-007,0.00711134
5.090692e-007,0.00711134
5.094692e-007,-0.00230017
5.098692e-007,-0.00230017
5.102692e-007,-0.00230017
5.106692e-007,-0.00230017
5.110692e-007,0.00946422
5.114692e-007,5.27045e-005
5.118692e-007,5.27045e-005
5.122692e-007,0.00240558
5.126692e-007,0.00475846
5.130692e-007,0.00240558
5.134692e-007,0.00711134
5.138692e-007,0.00240558
5.142692e-007,-0.00465305
5.146692e-007,0.00711134
5.150692e-007,0.00475846
5.154692e-007,0.00475846
5.158692e-007,-0.00230017
5.162692e-007,0.0118171
5.166692e-007,0.00711134
5.170692e-007,-0.00230017
5.174692e-007,0.00240558
5.178692e-007,-0.00230017
5.182692e-007,5.27045e-005
5.186692e-007,5.27045e-005
5.190692e-007,0.00711134
5.194692e-007,0.00946422
5.198692e-007,0.0118171
5.202692e-007,0.0118171
5.206692e-007,-0.00230017
5.210692e-007,0.00711134
5.214692e-007,0.00946422
5.218692e-007,-0.00935881
5.222692e-007,0.00475846
5.226692e-007,-0.00465305
5.230692e-007,0.00946422
5.234692e-007,0.00711134
5.238692e-007,0.00946422
5.242692e-007,0.0118171
5.246692e-007,5.27045e-005
5.250692e-007,-0.00230017
5.254692e-007,0.00240558
5.258692e-007,0.00711134
5.262692e-007,0.00240558
5.266692e-007,-0.00465305
5.270692e-007,5.27045e-005
5.274692e-007,0.00240558
5.278692e-007,0.00711134
5.282692e-007,-0.00230017
5.286692e-007,0.00946422
5.290692e-007,0.00240558
5.294692e-007,0.00475846
5.298692e-007,0.00711134
5.302692e-007,-0.00230017
5.306692e-007,-0.00700593
5.310692e-007,-0.00935881
5.314692e-007,0.00240558
5.318692e-007,0.00240558
5.322692e-007,0.00240558
5.326692e-007,5.27045e-005
5.330692e-007,0.00946422
5.334692e-007,0.00946422
5.338692e-007,-0.00230017
5.342692e-007,0.00711134
5.346692e-007,0.00240558
5.350692e-007,-0.00230017
5.354692e-007,5.27045e-005
5.358692e-007,5.27045e-005
5.362692e-007,0.01417
5.366692e-007,0.00240558
5.370692e-007,0.00711134
5.374692e-007,0.00711134
5.378692e-007,0.00240558
5.382692e-007,0.00475846
5.386692e-007,-0.00230017
5.390692e-007,5.27045e-005
5.394692e-007,-0.00230017
5.398692e-007,5.27045e-005
5.402692e-007,-0.00465305
5.406692e-007,0.00946422
5.410692e-007,0.00475846
5.414692e-007,0.00240558
5.418692e-007,0.00240558
5.422692e-007,0.00240558
5.426692e-007,5.27045e-005
5.430692e-007,-0.00700593
5.434692e-007,0.00711134
5.438692e-007,0.00475846
5.442692e-007,5.27045e-005
5.446692e-007,0.00240558
5.450692e-007,0.00240558
5.454692e-007,0.00240558
5.458692e-007,5.27045e-005
5.462692e-007,-0.00230017
5.466692e-007,0.00240558
5.470692e-007,5.27045e-005
5.474692e-007,-0.0164174
5.478692e-007,0.00475846
5.482692e-007,0.00475846
5.486692e-007,0.0118171
5.490692e-007,0.01417
5.494692e-007,-0.00465305
5.498692e-007,-0.00230017
5.502692e-007,-0.00700593
5.506692e-007,-0.00465305
5.510692e-007,0.00475846
5.514692e-007,5.27045e-005
5.518692e-007,0.00475846
5.522692e-007,0.00946422
5.526692e-007,5.27045e-005
5.530692e-007,0.01417
5.534692e-007,-0.00465305
5.538692e-007,-0.00935881
5.542692e-007,0.00475846
5.546692e-007,0.01417
5.550692e-007,0.0165229
5.554692e-007,5.27045e-005
5.558692e-007,-0.00230017
5.562692e-007,5.27045e-005
5.566692e-007,0.00711134
5.570692e-007,-0.00700593
5.574692e-007,0.00946422
5.578692e-007,-0.00230017
5.582692e-007,-0.00230017
5.586692e-007,0.00946422
5.590692e-007,0.00240558
5.594692e-007,5.27045e-005
5.598692e-007,0.00711134
5.602692e-007,0.00711134
5.606692e-007,0.00475846
5.610692e-007,-0.00230017
5.614692e-007,5.27045e-005
5.618692e-007,-0.00700593
5.622692e-007,0.00240558
5.626692e-007,-0.0117117
5.630692e-007,0.00946422
5.634692e-007,0.00946422
5.638692e-007,5.27045e-005
5.642692e-007,-0.00230017
5.646692e-007,0.00711134
5.650692e-007,0.0118171
5.654692e-007,-0.00230017
5.658692e-007,-0.00230017
5.662692e-007,0.00475846
5.666692e-007,-0.00700593
5.670692e-007,-0.00230017
5.674692e-007,0.00240558
5.678692e-007,0.00240558
5.682692e-007,0.0165229
5.686692e-007,-0.00700593
5.690692e-007,5.27045e-005
5.694692e-007,-0.00230017
5.698692e-007,-0.00935881
5.702692e-007,0.00475846
5.706692e-007,0.00240558
5.710692e-007,0.00240558
5.714692e-007,0.0118171
5.718692e-007,-0.00230017
5.722692e-007,0.00711134
5.726692e-007,0.00475846
5.730692e-007,0.00240558
5.734692e-007,0.00711134
5.738692e-007,0.00240558
5.742692e-007,5.27045e-005
5.746692e-007,0.00240558
5.750692e-007,0.00240558
5.754692e-007,0.00475846
5.758692e-007,0.00946422
5.762692e-007,0.00240558
5.766692e-007,0.00711134
5.770692e-007,-0.00230017
5.774692e-007,5.27045e-005
5.778692e-007,0.00240558
5.782692e-007,5.27045e-005
5.786692e-007,-0.0140646
5.790692e-007,0.0118171
5.794692e-007,-0.00230017
5.798692e-007,0.00946422
5.802692e-007,0.00240558
5.806692e-007,0.01417
5.810692e-007,0.00711134
5.814692e-007,5.27045e-005
5.818692e-007,0.00475846
5.822692e-007,0.00711134
5.826692e-007,-0.00700593
5.830692e-007,-0.00230017
5.834692e-007,0.00475846
5.838692e-007,-0.00230017
5.842692e-007,0.0118171
5.846692e-007,-0.00700593
5.850692e-007,5.27045e-005
5.854692e-007,0.00711134
5.858692e-007,0.00475846
5.862692e-007,0.00711134
5.866692e-007,-0.00465305
5.870692e-007,0.00240558
5.874692e-007,0.00240558
5.878692e-007,0.01417
5.882692e-007,-0.00230017
5.886692e-007,0.00711134
5.890692e-007,0.00240558
5.894692e-007,0.00240558
5.898692e-007,-0.00230017
5.902692e-007,0.00240558
5.906692e-007,0.00946422
5.910692e-007,-0.00465305
5.914692e-007,0.00475846
5.918692e-007,0.01417
5.922692e-007,-0.00230017
5.926692e-007,-0.00700593
5.930692e-007,0.00711134
5.934692e-007,0.00711134
5.938692e-007,0.00240558
5.942692e-007,5.27045e-005
5.946692e-007,5.27045e-005
5.950692e-007,-0.00465305
5.954692e-007,5.27045e-005
5.958692e-007,0.00475846
5.962692e-007,0.00240558
5.966692e-007,0.00711134
5.970692e-007,0.0118171
5.974692e-007,-0.00230017
5.978692e-007,-0.00230017
5.982692e-007,0.00475846
5.986692e-007,5.27045e-005
5.990692e-007,0.00946422
5.994692e-007,-0.00465305
5.998692e-007,0.00946422
6.002692e-007,0.00240558
6.006692e-007,0.00475846
6.010692e-007,0.00475846
6.014692e-007,-0.00700593
6.018692e-007,0.00240558
6.022692e-007,0.00240558
6.026692e-007,0.00475846
6.030692e-007,-0.00465305
6.034692e-007,-0.00465305
6.038692e-007,5.27045e-005
6.042692e-007,5.27045e-005
6.046692e-007,0.00475846
6.050692e-007,5.27045e-005
6.054692e-007,0.00946422
6.058692e-007,0.00711134
6.062692e-007,0.00711134
6.066692e-007,0.00711134
6.070692e-007,5.27045e-005
6.074692e-007,-0.00700593
6.078692e-007,0.00711134
6.082692e-007,-0.00700593
6.086692e-007,-0.00230017
6.090692e-007,0.00475846
6.094692e-007,-0.00230017
6.098692e-007,0.00475846
6.102692e-007,-0.00465305
6.106692e-007,-0.00230017
6.110692e-007,0.00475846
6.114692e-007,0.00711134
6.118692e-007,5.27045e-005
6.122692e-007,-0.00465305
6.126692e-007,0.00711134
6.130692e-007,5.27045e-005
6.134692e-007,0.00240558
6.138692e-007,5.27045e-005
6.142692e-007,0.01417
6.146692e-007,0.00475846
6.150692e-007,-0.00465305
6.154692e-007,0.00475846
6.158692e-007,0.00711134
6.162692e-007,0.00240558
6.166692e-007,-0.00465305
6.170692e-007,-0.00230017
6.174692e-007,0.00946422
6.178692e-007,0.00711134
6.182692e-007,0.00475846
6.186692e-007,0.00946422
6.190692e-007,0.00240558
6.194692e-007,0.00946422
6.198692e-007,0.00240558
6.202692e-007,0.00711134
6.206692e-007,0.00475846
6.210692e-007,0.00240558
6.214692e-007,0.00475846
6.218692e-007,0.00240558
6.222692e-007,0.00475846
6.226692e-007,5.27045e-005
6.230692e-007,0.00946422
6.234692e-007,5.27045e-005
6.238692e-007,0.00475846
6.242692e-007,5.27045e-005
6.246692e-007,0.00475846
6.250692e-007,0.00475846
6.254692e-007,0.00240558
6.258692e-007,5.27045e-005
6.262692e-007,0.00946422
6.266692e-007,0.00475846
6.270692e-007,-0.00230017
6.274692e-007,0.00475846
6.278692e-007,0.00711134
6.282692e-007,0.00475846
6.286692e-007,0.00946422
6.290692e-007,0.00240558
6.294692e-007,5.27045e-005
6.298692e-007,0.00475846
6.302692e-007,0.01417
6.306692e-007,5.27045e-005
6.310692e-007,0.00711134
6.314692e-007,5.27045e-005
6.318692e-007,0.01417
6.322692e-007,5.27045e-005
6.326692e-007,-0.00230017
6.330692e-007,0.00475846
6.334692e-007,-0.00465305
6.338692e-007,-0.00465305
6.342692e-007,0.00240558
6.346692e-007,5.27045e-005
6.350692e-007,-0.00230017
6.354692e-007,0.00711134
6.358692e-007,-0.00465305
6.362692e-007,0.00946422
6.366692e-007,5.27045e-005
6.370692e-007,5.27045e-005
6.374692e-007,0.00240558
6.378692e-007,-0.00465305
6.382692e-007,0.01417
6.386692e-007,0.00240558
6.390692e-007,-0.00230017
6.394692e-007,0.00240558
6.398692e-007,0.00475846
6.402692e-007,0.00946422
6.406692e-007,0.00475846
6.410692e-007,0.00240558
6.414692e-007,0.00240558
6.418692e-007,0.00946422
6.422692e-007,-0.00230017
6.426692e-007,-0.00230017
6.430692e-007,-0.00700593
6.434692e-007,-0.00465305
6.438692e-007,5.27045e-005
6.442692e-007,0.00240558
6.446692e-007,0.00240558
6.450692e-007,0.00711134
6.454692e-007,0.00475846
6.458692e-007,5.27045e-005
6.462692e-007,-0.00935881
6.466692e-007,5.27045e-005
6.470692e-007,0.00711134
6.474692e-007,0.00946422
6.478692e-007,0.00711134
6.482692e-007,0.00946422
6.486692e-007,0.00240558
6.490692e-007,0.00946422
6.494692e-007,0.00946422
6.498692e-007,-0.00230017
6.502692e-007,0.00240558
6.506692e-007,0.00711134
6.510692e-007,0.00711134
6.514692e-007,0.00711134
6.518692e-007,-0.00230017
6.522692e-007,0.0118171
6.526692e-007,5.27045e-005
6.530692e-007,-0.00465305
6.534692e-007,-0.00230017
6.538692e-007,0.00475846
6.542692e-007,5.27045e-005
6.546692e-007,0.00711134
6.550692e-007,-0.00465305
6.554692e-007,0.01417
6.558692e-007,0.00475846
6.562692e-007,-0.00230017
6.566692e-007,0.00475846
6.570692e-007,0.00946422
6.574692e-007,5.27045e-005
6.578692e-007,5.27045e-005
6.582692e-007,-0.00230017
6.586692e-007,0.00946422
6.590692e-007,5.27045e-005
6.594692e-007,-0.00230017
6.598692e-007,5.27045e-005
6.602692e-007,-0.00700593
6.606692e-007,0.0118171
6.610692e-007,0.00946422
6.614692e-007,-0.00465305
6.618692e-007,5.27045e-005
6.622692e-007,0.0165229
6.626692e-007,0.00711134
6.630692e-007,0.00475846
6.634692e-007,-0.00230017
6.638692e-007,0.00711134
6.642692e-007,0.00946422
6.646692e-007,-0.00465305
6.650692e-007,0.00240558
6.654692e-007,0.00475846
6.658692e-007,0.00240558
6.662692e-007,0.00946422
6.666692e-007,0.00240558
6.670692e-007,-0.00465305
6.674692e-007,0.00240558
6.678692e-007,5.27045e-005
6.682692e-007,0.00240558
6.686692e-007,5.27045e-005
6.690692e-007,-0.00465305
6.694692e-007,-0.00465305
6.698692e-007,0.0165229
6.702692e-007,0.0118171
6.706692e-007,0.00711134
6.710692e-007,5.27045e-005
6.714692e-007,5.27045e-005
6.718692e-007,0.00240558
6.722692e-007,0.00240558
6.726692e-007,-0.00465305
6.730692e-007,0.00711134
6.734692e-007,5.27045e-005
6.738692e-007,0.00946422
6.742692e-007,0.00475846
6.746692e-007,0.00475846
6.750692e-007,0.00946422
6.754692e-007,-0.0164174
6.758692e-007,0.00240558
6.762692e-007,-0.00935881
6.766692e-007,0.01417
6.770692e-007,0.00240558
6.774692e-007,-0.00230017
6.778692e-007,0.0118171
6.782692e-007,-0.00230017
6.786692e-007,-0.00465305
6.790692e-007,5.27045e-005
6.794692e-007,5.27045e-005
6.798692e-007,5.27045e-005
6.802692e-007,0.00711134
6.806692e-007,5.27045e-005
6.810692e-007,5.27045e-005
6.814692e-007,0.00946422
6.818692e-007,-0.00230017
6.822692e-007,5.27045e-005
6.826692e-007,5.27045e-005
6.830692e-007,0.00711134
6.834692e-007,0.00711134
6.838692e-007,-0.00700593
6.842692e-007,0.00475846
6.846692e-007,5.27045e-005
6.850692e-007,5.27045e-005
6.854692e-007,5.27045e-005
6.858692e-007,5.27045e-005
6.862692e-007,0.00240558
6.866692e-007,0.0118171
6.870692e-007,-0.00465305
6.874692e-007,5.27045e-005
6.878692e-007,0.00946422
6.882692e-007,5.27045e-005
6.886692e-007,5.27045e-005
6.890692e-007,-0.00230017
6.894692e-007,0.00711134
6.898692e-007,5.27045e-005
6.902692e-007,0.00240558
6.906692e-007,5.27045e-005
6.910692e-007,0.00475846
6.914692e-007,5.27045e-005
6.918692e-007,-0.00230017
6.922692e-007,-0.00230017
6.926692e-007,-0.00935881
6.930692e-007,0.00240558
6.934692e-007,-0.00465305
6.938692e-007,-0.00230017
6.942692e-007,0.00475846
6.946692e-007,-0.00465305
6.950692e-007,-0.00230017
6.954692e-007,5.27045e-005
6.958692e-007,0.00240558
6.962692e-007,0.0165229
6.966692e-007,-0.00230017
6.970692e-007,5.27045e-005
6.974692e-007,0.00475846
6.978692e-007,-0.00465305
6.982692e-007,0.00240558
6.986692e-007,0.00240558
6.990692e-007,0.00240558
6.994692e-007,5.27045e-005
6.998692e-007,-0.0117117
7.002692e-007,0.0118171
7.006692e-007,5.27045e-005
7.010692e-007,-0.00935881
7.014692e-007,0.00475846
7.018692e-007,0.00240558
7.022692e-007,0.0188757
7.026692e-007,0.00946422
7.030692e-007,-0.00230017
7.034692e-007,0.00711134
7.038692e-007,-0.00230017
7.042692e-007,-0.00935881
7.046692e-007,-0.00465305
7.050692e-007,0.0118171
7.054692e-007,5.27045e-005
7.058692e-007,0.00711134
7.062692e-007,-0.00230017
7.066692e-007,5.27045e-005
7.070692e-007,0.00475846
7.074692e-007,5.27045e-005
7.078692e-007,-0.00465305
7.082692e-007,0.00946422
7.086692e-007,0.00711134
7.090692e-007,0.00711134
7.094692e-007,-0.00230017
7.098692e-007,0.00475846
7.102692e-007,-0.00465305
7.106692e-007,0.0118171
7.110692e-007,0.00946422
7.114692e-007,0.00475846
7.118692e-007,-0.00230017
7.122692e-007,0.00711134
7.126692e-007,0.00711134
7.130692e-007,0.00475846
7.134692e-007,0.00946422
7.138692e-007,0.00711134
7.142692e-007,0.00240558
7.146692e-007,-0.00935881
7.150692e-007,0.00475846
7.154692e-007,0.00711134
7.158692e-007,0.00475846
7.162692e-007,-0.00230017
7.166692e-007,0.00711134
7.170692e-007,-0.00465305
7.174692e-007,0.00240558
7.178692e-007,0.00475846
7.182692e-007,5.27045e-005
7.186692e-007,0.00475846
7.190692e-007,-0.00465305
7.194692e-007,-0.00230017
7.198692e-007,0.00240558
7.202692e-007,-0.00230017
7.206692e-007,5.27045e-005
7.210692e-007,-0.00230017
7.214692e-007,0.0118171
7.218692e-007,0.00240558
7.222692e-007,0.00711134
7.226692e-007,0.00240558
7.230692e-007,5.27045e-005
7.234692e-007,0.00711134
7.238692e-007,5.27045e-005
7.242692e-007,-0.00465305
7.246692e-007,0.00711134
7.250692e-007,0.00711134
7.254692e-007,-0.0117117
7.258692e-007,0.0118171
7.262692e-007,0.00946422
7.266692e-007,-0.00935881
7.270692e-007,0.00711134
7.274692e-007,5.27045e-005
7.278692e-007,0.0118171
7.282692e-007,-0.00465305
7.286692e-007,-0.00230017
7.290692e-007,0.00475846
7.294692e-007,0.00240558
7.298692e-007,0.00240558
7.302692e-007,0.00475846
7.306692e-007,0.0118171
7.310692e-007,0.00475846
7.314692e-007,5.27045e-005
7.318692e-007,-0.00230017
7.322692e-007,0.0118171
7.326692e-007,0.0118171
7.330692e-007,5.27045e-005
7.334692e-007,0.00946422
7.338692e-007,5.27045e-005
7.342692e-007,0.00711134
7.346692e-007,0.00711134
7.350692e-007,-0.00700593
7.354692e-007,5.27045e-005
7.358692e-007,0.00475846
7.362692e-007,-0.00700593
7.366692e-007,-0.00935881
7.370692e-007,-0.00465305
7.374692e-007,0.00240558
7.378692e-007,0.00475846
7.382692e-007,-0.00230017
7.386692e-007,0.00946422
7.390692e-007,0.00946422
7.394692e-007,0.00711134
7.398692e-007,-0.00230017
7.402692e-007,-0.00230017
7.406692e-007,-0.00230017
7.410692e-007,0.00475846
7.414692e-007,0.00240558
7.418692e-007,0.00711134
7.422692e-007,-0.00230017
7.426692e-007,5.27045e-005
7.430692e-007,0.01417
7.434692e-007,0.00475846
7.438692e-007,0.00240558
7.442692e-007,0.00240558
7.446692e-007,-0.00465305
7.450692e-007,5.27045e-005
7.454692e-007,0.00475846
7.458692e-007,-0.00230017
7.462692e-007,0.00240558
7.466692e-007,0.00711134
7.470692e-007,0.00240558
7.474692e-007,0.00240558
7.478692e-007,5.27045e-005
7.482692e-007,0.00711134
7.486692e-007,0.00240558
7.490692e-007,5.27045e-005
7.494692e-007,0.00475846
7.498692e-007,0.00946422
7.502692e-007,0.00240558
7.506692e-007,5.27045e-005
7.510692e-007,0.00240558
7.514692e-007,0.00475846
7.518692e-007,0.00475846
7.522692e-007,-0.00465305
7.526692e-007,0.00946422
7.530692e-007,-0.00465305
7.534692e-007,0.0118171
7.538692e-007,-0.00465305
7.542692e-007,0.00946422
7.546692e-007,-0.00230017
7.550692e-007,0.00240558
7.554692e-007,0.0118171
7.558692e-007,0.00240558
7.562692e-007,-0.00230017
7.566692e-007,5.27045e-005
7.570692e-007,0.00240558
7.574692e-007,0.00711134
7.578692e-007,5.27045e-005
7.582692e-007,0.00240558
7.586692e-007,-0.00700593
7.590692e-007,0.00475846
7.594692e-007,0.00475846
7.598692e-007,0.00711134
7.602692e-007,5.27045e-005
7.606692e-007,-0.00230017
7.610692e-007,0.00711134
7.614692e-007,-0.00230017
7.618692e-007,0.00240558
7.622692e-007,-0.00230017
7.626692e-007,0.00240558
7.630692e-007,0.00946422
7.634692e-007,5.27045e-005
7.638692e-007,0.00240558
7.642692e-007,0.00475846
7.646692e-007,0.00711134
7.650692e-007,0.00946422
7.654692e-007,0.00946422
7.658692e-007,5.27045e-005
7.662692e-007,0.00240558
7.666692e-007,5.27045e-005
7.670692e-007,0.00475846
7.674692e-007,0.00475846
7.678692e-007,0.00475846
7.682692e-007,0.00240558
7.686692e-007,0.00475846
7.690692e-007,-0.00230017
7.694692e-007,5.27045e-005
7.698692e-007,0.00240558
7.702692e-007,0.00711134
7.706692e-007,-0.00230017
7.710692e-007,0.00240558
7.714692e-007,-0.00465305
7.718692e-007,0.00475846
7.722692e-007,0.00711134
7.726692e-007,0.00711134
7.730692e-007,-0.00230017
7.734692e-007,0.00240558
7.738692e-007,-0.00230017
7.742692e-007,-0.00465305
7.746692e-007,0.00711134
7.750692e-007,0.00711134
7.754692e-007,0.00240558
7.758692e-007,5.27045e-005
7.762692e-007,5.27045e-005
7.766692e-007,0.00946422
7.770692e-007,0.00711134
7.774692e-007,0.00475846
7.778692e-007,-0.00230017
7.782692e-007,0.00475846
7.786692e-007,0.00240558
7.790692e-007,0.01417
7.794692e-007,-0.00465305
7.798692e-007,0.00475846
7.802692e-007,0.00240558
7.806692e-007,5.27045e-005
7.810692e-007,-0.00700593
7.814692e-007,0.00240558
7.818692e-007,5.27045e-005
7.822692e-007,0.0118171
7.826692e-007,-0.00465305
7.830692e-007,-0.00230017
7.834692e-007,-0.00700593
7.838692e-007,-0.00465305
7.842692e-007,-0.00935881
7.846692e-007,-0.00465305
7.850692e-007,5.27045e-005
7.854692e-007,0.00240558
7.858692e-007,5.27045e-005
7.862692e-007,0.00475846
7.866692e-007,0.00475846
7.870692e-007,5.27045e-005
7.874692e-007,0.00240558
7.878692e-007,0.00711134
7.882692e-007,-0.00700593
7.886692e-007,-0.00230017
7.890692e-007,-0.0117117
7.894692e-007,-0.00230017
7.898692e-007,0.00946422
7.902692e-007,0.0118171
7.906692e-007,-0.00230017
7.910692e-007,-0.00230017
7.914692e-007,5.27045e-005
7.918692e-007,0.00475846
7.922692e-007,0.00240558
7.926692e-007,0.00711134
7.930692e-007,-0.00230017
7.934692e-007,0.00711134
7.938692e-007,0.00240558
7.942692e-007,0.00475846
7.946692e-007,-0.00230017
7.950692e-007,0.00711134
7.954692e-007,-0.00465305
7.958692e-007,0.00711134
7.962692e-007,-0.00230017
7.966692e-007,0.00240558
7.970692e-007,-0.00465305
7.974692e-007,0.00240558
7.978692e-007,0.0165229
7.982692e-007,0.00711134
7.986692e-007,0.00240558
7.990692e-007,0.00240558
7.994692e-007,0.00711134
7.998692e-007,0.00240558
8.002692e-007,5.27045e-005
