LECROYWS4104HD,18971,Waveform
Segments,1,SegmentSize,2502
Segment,TrigTime,TimeSinceSegment1
#1,14-Jan-2025 18:31:10,0                 
Time,Ampl
-2.001308e-007,5.27045e-005
-1.997308e-007,0.00240558
-1.993308e-007,5.27045e-005
-1.989308e-007,-0.00230017
-1.985308e-007,5.27045e-005
-1.981308e-007,-0.00700593
-1.977308e-007,0.00240558
-1.973308e-007,0.00946422
-1.969308e-007,-0.0117117
-1.965308e-007,0.0188757
-1.961308e-007,-0.00465305
-1.957308e-007,0.00711134
-1.953308e-007,0.00240558
-1.949308e-007,0.00946422
-1.945308e-007,0.00240558
-1.941308e-007,-0.00230017
-1.937308e-007,-0.00935881
-1.933308e-007,0.00475846
-1.929308e-007,-0.00465305
-1.925308e-007,0.0118171
-1.921308e-007,-0.00935881
-1.917308e-007,5.27045e-005
-1.913308e-007,5.27045e-005
-1.909308e-007,0.00240558
-1.905308e-007,-0.00230017
-1.901308e-007,0.00475846
-1.897308e-007,-0.00935881
-1.893308e-007,-0.00465305
-1.889308e-007,5.27045e-005
-1.885308e-007,-0.00700593
-1.881308e-007,5.27045e-005
-1.877308e-007,0.00240558
-1.873308e-007,-0.00230017
-1.869308e-007,0.00240558
-1.865308e-007,5.27045e-005
-1.861308e-007,-0.00230017
-1.857308e-007,5.27045e-005
-1.853308e-007,0.00240558
-1.849308e-007,5.27045e-005
-1.845308e-007,0.0118171
-1.841308e-007,-0.00465305
-1.837308e-007,5.27045e-005
-1.833308e-007,-0.00465305
-1.829308e-007,-0.00230017
-1.825308e-007,0.00240558
-1.821308e-007,-0.00230017
-1.817308e-007,-0.00465305
-1.813308e-007,0.00711134
-1.809308e-007,5.27045e-005
-1.805308e-007,5.27045e-005
-1.801308e-007,-0.00230017
-1.797308e-007,0.00240558
-1.793308e-007,-0.00465305
-1.789308e-007,-0.00700593
-1.785308e-007,-0.00230017
-1.781308e-007,-0.00700593
-1.777308e-007,-0.00700593
-1.773308e-007,0.00240558
-1.769308e-007,0.00240558
-1.765308e-007,0.00711134
-1.761308e-007,0.00240558
-1.757308e-007,0.00711134
-1.753308e-007,5.27045e-005
-1.749308e-007,5.27045e-005
-1.745308e-007,-0.00465305
-1.741308e-007,0.00475846
-1.737308e-007,0.00240558
-1.733308e-007,0.00240558
-1.729308e-007,0.00946422
-1.725308e-007,-0.00230017
-1.721308e-007,5.27045e-005
-1.717308e-007,5.27045e-005
-1.713308e-007,-0.00465305
-1.709308e-007,0.00711134
-1.705308e-007,-0.00700593
-1.701308e-007,0.00946422
-1.697308e-007,0.00240558
-1.693308e-007,0.00946422
-1.689308e-007,0.0118171
-1.685308e-007,-0.00230017
-1.681308e-007,-0.00465305
-1.677308e-007,0.00240558
-1.673308e-007,5.27045e-005
-1.669308e-007,0.00711134
-1.665308e-007,-0.0140646
-1.661308e-007,5.27045e-005
-1.657308e-007,-0.00700593
-1.653308e-007,-0.00230017
-1.649308e-007,5.27045e-005
-1.645308e-007,0.00475846
-1.641308e-007,5.27045e-005
-1.637308e-007,0.00475846
-1.633308e-007,0.00711134
-1.629308e-007,-0.00230017
-1.625308e-007,5.27045e-005
-1.621308e-007,0.00240558
-1.617308e-007,0.00240558
-1.613308e-007,-0.00465305
-1.609308e-007,0.00475846
-1.605308e-007,0.00711134
-1.601308e-007,-0.00465305
-1.597308e-007,0.00240558
-1.593308e-007,0.01417
-1.589308e-007,0.00946422
-1.585308e-007,0.00475846
-1.581308e-007,0.00240558
-1.577308e-007,-0.00935881
-1.573308e-007,-0.00230017
-1.569308e-007,-0.00230017
-1.565308e-007,0.00240558
-1.561308e-007,-0.00935881
-1.557308e-007,0.00475846
-1.553308e-007,5.27045e-005
-1.549308e-007,0.00475846
-1.545308e-007,-0.00465305
-1.541308e-007,0.00711134
-1.537308e-007,0.00240558
-1.533308e-007,-0.00465305
-1.529308e-007,-0.00230017
-1.525308e-007,0.00240558
-1.521308e-007,-0.00230017
-1.517308e-007,0.00240558
-1.513308e-007,0.00240558
-1.509308e-007,0.00240558
-1.505308e-007,0.00240558
-1.501308e-007,0.00240558
-1.497308e-007,-0.00230017
-1.493308e-007,0.00475846
-1.489308e-007,0.00711134
-1.485308e-007,0.00946422
-1.481308e-007,-0.00230017
-1.477308e-007,5.27045e-005
-1.473308e-007,5.27045e-005
-1.469308e-007,-0.00230017
-1.465308e-007,0.00946422
-1.461308e-007,5.27045e-005
-1.457308e-007,-0.00465305
-1.453308e-007,0.0118171
-1.449308e-007,-0.00465305
-1.445308e-007,5.27045e-005
-1.441308e-007,0.00240558
-1.437308e-007,-0.00230017
-1.433308e-007,0.00240558
-1.429308e-007,-0.00230017
-1.425308e-007,0.00475846
-1.421308e-007,0.00711134
-1.417308e-007,-0.00935881
-1.413308e-007,0.00475846
-1.409308e-007,-0.00465305
-1.405308e-007,5.27045e-005
-1.401308e-007,0.00711134
-1.397308e-007,-0.00230017
-1.393308e-007,-0.00935881
-1.389308e-007,0.00240558
-1.385308e-007,5.27045e-005
-1.381308e-007,-0.00465305
-1.377308e-007,0.00711134
-1.373308e-007,5.27045e-005
-1.369308e-007,5.27045e-005
-1.365308e-007,0.00240558
-1.361308e-007,-0.00465305
-1.357308e-007,0.00946422
-1.353308e-007,-0.00465305
-1.349308e-007,0.00240558
-1.345308e-007,0.00711134
-1.341308e-007,0.00240558
-1.337308e-007,0.0118171
-1.333308e-007,0.00946422
-1.329308e-007,5.27045e-005
-1.325308e-007,0.00240558
-1.321308e-007,-0.00465305
-1.317308e-007,-0.00230017
-1.313308e-007,0.00946422
-1.309308e-007,0.00711134
-1.305308e-007,-0.00230017
-1.301308e-007,0.00475846
-1.297308e-007,5.27045e-005
-1.293308e-007,-0.00230017
-1.289308e-007,-0.00230017
-1.285308e-007,0.00711134
-1.281308e-007,0.00240558
-1.277308e-007,-0.00230017
-1.273308e-007,-0.00230017
-1.269308e-007,0.00475846
-1.265308e-007,-0.00230017
-1.261308e-007,-0.00230017
-1.257308e-007,5.27045e-005
-1.253308e-007,0.0118171
-1.249308e-007,5.27045e-005
-1.245308e-007,0.00475846
-1.241308e-007,-0.00230017
-1.237308e-007,0.00475846
-1.233308e-007,-0.00465305
-1.229308e-007,0.00711134
-1.225308e-007,-0.00230017
-1.221308e-007,-0.00700593
-1.217308e-007,0.00711134
-1.213308e-007,0.00946422
-1.209308e-007,0.00475846
-1.205308e-007,5.27045e-005
-1.201308e-007,-0.0140646
-1.197308e-007,0.0165229
-1.193308e-007,0.00240558
-1.189308e-007,0.00946422
-1.185308e-007,0.00240558
-1.181308e-007,0.00475846
-1.177308e-007,0.00475846
-1.173308e-007,-0.00230017
-1.169308e-007,-0.00465305
-1.165308e-007,0.00240558
-1.161308e-007,-0.00465305
-1.157308e-007,0.0118171
-1.153308e-007,-0.00230017
-1.149308e-007,5.27045e-005
-1.145308e-007,5.27045e-005
-1.141308e-007,5.27045e-005
-1.137308e-007,5.27045e-005
-1.133308e-007,0.00946422
-1.129308e-007,0.00946422
-1.125308e-007,0.00711134
-1.121308e-007,0.00946422
-1.117308e-007,0.00711134
-1.113308e-007,-0.00935881
-1.109308e-007,0.00711134
-1.105308e-007,-0.00935881
-1.101308e-007,0.0118171
-1.097308e-007,-0.00465305
-1.093308e-007,-0.00230017
-1.089308e-007,0.00475846
-1.085308e-007,0.00711134
-1.081308e-007,0.0118171
-1.077308e-007,0.00946422
-1.073308e-007,-0.00230017
-1.069308e-007,0.0118171
-1.065308e-007,-0.0117117
-1.061308e-007,0.00475846
-1.057308e-007,0.0118171
-1.053308e-007,0.00946422
-1.049308e-007,-0.00935881
-1.045308e-007,0.00711134
-1.041308e-007,-0.00935881
-1.037308e-007,0.00240558
-1.033308e-007,0.00240558
-1.029308e-007,0.00240558
-1.025308e-007,0.00240558
-1.021308e-007,-0.00465305
-1.017308e-007,0.00946422
-1.013308e-007,-0.00230017
-1.009308e-007,-0.00935881
-1.005308e-007,0.00240558
-1.001308e-007,5.27045e-005
-9.97308e-008,-0.00465305
-9.93308e-008,0.00240558
-9.89308e-008,0.00240558
-9.85308e-008,0.00711134
-9.81308e-008,0.00240558
-9.77308e-008,-0.00935881
-9.73308e-008,5.27045e-005
-9.69308e-008,0.00475846
-9.65308e-008,0.00475846
-9.61308e-008,5.27045e-005
-9.57308e-008,0.00711134
-9.53308e-008,0.0118171
-9.49308e-008,0.00946422
-9.45308e-008,-0.00465305
-9.41308e-008,0.0118171
-9.37308e-008,5.27045e-005
-9.33308e-008,0.00946422
-9.29308e-008,0.00240558
-9.25308e-008,0.00240558
-9.21308e-008,-0.00230017
-9.17308e-008,-0.00230017
-9.13308e-008,0.00240558
-9.09308e-008,0.00240558
-9.05308e-008,-0.00465305
-9.01308e-008,0.00475846
-8.97308e-008,-0.00465305
-8.93308e-008,5.27045e-005
-8.89308e-008,0.00240558
-8.85308e-008,0.00475846
-8.81308e-008,-0.00230017
-8.77308e-008,0.00946422
-8.73308e-008,0.00475846
-8.69308e-008,0.00240558
-8.65308e-008,5.27045e-005
-8.61308e-008,-0.00230017
-8.57308e-008,5.27045e-005
-8.53308e-008,5.27045e-005
-8.49308e-008,-0.0140646
-8.45308e-008,5.27045e-005
-8.41308e-008,5.27045e-005
-8.37308e-008,-0.00230017
-8.33308e-008,5.27045e-005
-8.29308e-008,0.00240558
-8.25308e-008,-0.00230017
-8.21308e-008,0.0165229
-8.17308e-008,-0.00230017
-8.13308e-008,0.00475846
-8.09308e-008,-0.0117117
-8.05308e-008,0.00240558
-8.01308e-008,-0.00465305
-7.97308e-008,0.00475846
-7.93308e-008,5.27045e-005
-7.89308e-008,-0.00465305
-7.85308e-008,5.27045e-005
-7.81308e-008,0.00240558
-7.77308e-008,0.00240558
-7.73308e-008,-0.00230017
-7.69308e-008,0.00240558
-7.65308e-008,0.0118171
-7.61308e-008,-0.00465305
-7.57308e-008,0.00946422
-7.53308e-008,-0.00230017
-7.49308e-008,0.00475846
-7.45308e-008,0.00240558
-7.41308e-008,0.00475846
-7.37308e-008,-0.00230017
-7.33308e-008,-0.00700593
-7.29308e-008,-0.00230017
-7.25308e-008,0.00240558
-7.21308e-008,5.27045e-005
-7.17308e-008,0.00711134
-7.13308e-008,0.00711134
-7.09308e-008,0.00475846
-7.05308e-008,0.00475846
-7.01308e-008,0.00475846
-6.97308e-008,0.00946422
-6.93308e-008,0.00475846
-6.89308e-008,-0.00935881
-6.85308e-008,0.00946422
-6.81308e-008,-0.00465305
-6.77308e-008,0.00711134
-6.73308e-008,0.00946422
-6.69308e-008,-0.00230017
-6.65308e-008,0.00475846
-6.61308e-008,0.00240558
-6.57308e-008,-0.00230017
-6.53308e-008,5.27045e-005
-6.49308e-008,5.27045e-005
-6.45308e-008,0.0118171
-6.41308e-008,-0.00465305
-6.37308e-008,5.27045e-005
-6.33308e-008,0.00475846
-6.29308e-008,0.00475846
-6.25308e-008,-0.00230017
-6.21308e-008,0.00475846
-6.17308e-008,5.27045e-005
-6.13308e-008,-0.00465305
-6.09308e-008,0.0118171
-6.05308e-008,-0.00230017
-6.01308e-008,5.27045e-005
-5.97308e-008,0.00711134
-5.93308e-008,-0.00465305
-5.89308e-008,0.00240558
-5.85308e-008,0.00475846
-5.81308e-008,0.00711134
-5.77308e-008,0.00475846
-5.73308e-008,0.00240558
-5.69308e-008,0.00946422
-5.65308e-008,0.00711134
-5.61308e-008,-0.00935881
-5.57308e-008,0.00240558
-5.53308e-008,-0.0117117
-5.49308e-008,0.00240558
-5.45308e-008,-0.00230017
-5.41308e-008,0.00240558
-5.37308e-008,0.00475846
-5.33308e-008,0.00711134
-5.29308e-008,-0.00465305
-5.25308e-008,0.00475846
-5.21308e-008,5.27045e-005
-5.17308e-008,-0.00465305
-5.13308e-008,0.00240558
-5.09308e-008,0.00711134
-5.05308e-008,-0.00465305
-5.01308e-008,0.00240558
-4.97308e-008,-0.0117117
-4.93308e-008,-0.00700593
-4.89308e-008,0.00711134
-4.85308e-008,0.00240558
-4.81308e-008,-0.00230017
-4.77308e-008,0.00475846
-4.73308e-008,-0.00230017
-4.69308e-008,0.00240558
-4.65308e-008,-0.00935881
-4.61308e-008,-0.00230017
-4.57308e-008,0.00240558
-4.53308e-008,0.00240558
-4.49308e-008,0.00946422
-4.45308e-008,-0.00230017
-4.41308e-008,0.00946422
-4.37308e-008,0.00475846
-4.33308e-008,-0.00935881
-4.29308e-008,0.00711134
-4.25308e-008,-0.00230017
-4.21308e-008,0.00240558
-4.17308e-008,0.00240558
-4.13308e-008,-0.00230017
-4.09308e-008,-0.00700593
-4.05308e-008,-0.00230017
-4.01308e-008,5.27045e-005
-3.97308e-008,0.00240558
-3.93308e-008,-0.00230017
-3.89308e-008,0.00240558
-3.85308e-008,-0.0140646
-3.81308e-008,-0.00230017
-3.77308e-008,0.00946422
-3.73308e-008,0.00240558
-3.69308e-008,-0.00935881
-3.65308e-008,0.00475846
-3.61308e-008,-0.00465305
-3.57308e-008,0.01417
-3.53308e-008,0.00711134
-3.49308e-008,-0.00230017
-3.45308e-008,-0.00465305
-3.41308e-008,0.00475846
-3.37308e-008,-0.00230017
-3.33308e-008,5.27045e-005
-3.29308e-008,-0.00465305
-3.25308e-008,-0.00230017
-3.21308e-008,0.00711134
-3.17308e-008,-0.00230017
-3.13308e-008,0.00475846
-3.09308e-008,0.00711134
-3.05308e-008,-0.00465305
-3.01308e-008,5.27045e-005
-2.97308e-008,-0.00465305
-2.93308e-008,0.00240558
-2.89308e-008,0.00946422
-2.85308e-008,0.00240558
-2.81308e-008,-0.00230017
-2.77308e-008,0.00711134
-2.73308e-008,5.27045e-005
-2.69308e-008,0.00475846
-2.65308e-008,-0.00230017
-2.61308e-008,5.27045e-005
-2.57308e-008,0.0118171
-2.53308e-008,-0.00935881
-2.49308e-008,0.00475846
-2.45308e-008,0.00475846
-2.41308e-008,-0.00700593
-2.37308e-008,5.27045e-005
-2.33308e-008,0.00240558
-2.29308e-008,-0.00465305
-2.25308e-008,-0.00230017
-2.21308e-008,5.27045e-005
-2.17308e-008,-0.00230017
-2.13308e-008,5.27045e-005
-2.09308e-008,-0.00465305
-2.05308e-008,5.27045e-005
-2.01308e-008,-0.00230017
-1.97308e-008,0.00946422
-1.93308e-008,-0.00230017
-1.89308e-008,0.00946422
-1.85308e-008,0.00475846
-1.81308e-008,-0.00230017
-1.77308e-008,-0.00465305
-1.73308e-008,0.01417
-1.69308e-008,-0.0140646
-1.65308e-008,0.00946422
-1.61308e-008,0.00946422
-1.57308e-008,0.00946422
-1.53308e-008,-0.00465305
-1.49308e-008,0.00240558
-1.45308e-008,-0.00700593
-1.41308e-008,5.27045e-005
-1.37308e-008,-0.00465305
-1.33308e-008,0.00711134
-1.29308e-008,0.00240558
-1.25308e-008,-0.00935881
-1.21308e-008,-0.00465305
-1.17308e-008,0.00475846
-1.13308e-008,-0.00230017
-1.09308e-008,0.00475846
-1.05308e-008,0.00946422
-1.01308e-008,-0.00230017
-9.7308e-009,0.00711134
-9.3308e-009,-0.00465305
-8.9308e-009,-0.00230017
-8.5308e-009,5.27045e-005
-8.1308e-009,-0.00935881
-7.7308e-009,-0.00230017
-7.3308e-009,-0.00700593
-6.9308e-009,-0.00700593
-6.5308e-009,-0.00700593
-6.1308e-009,0.00711134
-5.7308e-009,0.00475846
-5.3308e-009,0.00946422
-4.9308e-009,0.00711134
-4.5308e-009,0.00240558
-4.1308e-009,-0.00465305
-3.7308e-009,-0.00230017
-3.3308e-009,-0.00230017
-2.9308e-009,0.00946422
-2.5308e-009,-0.00465305
-2.1308e-009,0.00946422
-1.7308e-009,-0.00700593
-1.3308e-009,0.00475846
-9.308e-010,-0.00700593
-5.308e-010,-0.00700593
-1.308e-010,-0.00700593
2.692e-010,5.27045e-005
6.692e-010,-0.00230017
1.0692e-009,0.00475846
1.4692e-009,-0.00465305
1.8692e-009,-0.00230017
2.2692e-009,0.00475846
2.6692e-009,0.0118171
3.0692e-009,0.00711134
3.4692e-009,0.00240558
3.8692e-009,-0.00230017
4.2692e-009,5.27045e-005
4.6692e-009,5.27045e-005
5.0692e-009,0.00711134
5.4692e-009,-0.00465305
5.8692e-009,0.00946422
6.2692e-009,0.00946422
6.6692e-009,-0.00230017
7.0692e-009,0.00475846
7.4692e-009,5.27045e-005
7.8692e-009,-0.00465305
8.2692e-009,0.0165229
8.6692e-009,-0.00465305
9.0692e-009,0.00711134
9.4692e-009,0.00240558
9.8692e-009,0.00946422
1.02692e-008,-0.00230017
1.06692e-008,0.00240558
1.10692e-008,-0.00465305
1.14692e-008,0.00946422
1.18692e-008,5.27045e-005
1.22692e-008,5.27045e-005
1.26692e-008,-0.00465305
1.30692e-008,5.27045e-005
1.34692e-008,0.00240558
1.38692e-008,-0.00230017
1.42692e-008,-0.00935881
1.46692e-008,0.0118171
1.50692e-008,0.00475846
1.54692e-008,0.00240558
1.58692e-008,0.00711134
1.62692e-008,-0.00230017
1.66692e-008,-0.00935881
1.70692e-008,-0.00935881
1.74692e-008,5.27045e-005
1.78692e-008,0.00240558
1.82692e-008,5.27045e-005
1.86692e-008,5.27045e-005
1.90692e-008,-0.00465305
1.94692e-008,-0.00465305
1.98692e-008,0.00240558
2.02692e-008,0.00711134
2.06692e-008,-0.00465305
2.10692e-008,5.27045e-005
2.14692e-008,-0.00935881
2.18692e-008,0.00240558
2.22692e-008,0.00240558
2.26692e-008,0.00946422
2.30692e-008,-0.00230017
2.34692e-008,0.00475846
2.38692e-008,0.00475846
2.42692e-008,0.00475846
2.46692e-008,-0.00230017
2.50692e-008,-0.00465305
2.54692e-008,-0.00465305
2.58692e-008,-0.00465305
2.62692e-008,5.27045e-005
2.66692e-008,0.00240558
2.70692e-008,-0.00700593
2.74692e-008,-0.00230017
2.78692e-008,5.27045e-005
2.82692e-008,0.00711134
2.86692e-008,0.00240558
2.90692e-008,5.27045e-005
2.94692e-008,5.27045e-005
2.98692e-008,0.00240558
3.02692e-008,0.00711134
3.06692e-008,5.27045e-005
3.10692e-008,-0.00230017
3.14692e-008,0.00711134
3.18692e-008,5.27045e-005
3.22692e-008,0.00475846
3.26692e-008,0.00475846
3.30692e-008,0.00475846
3.34692e-008,-0.00700593
3.38692e-008,0.0118171
3.42692e-008,-0.00935881
3.46692e-008,0.00946422
3.50692e-008,0.00240558
3.54692e-008,0.00946422
3.58692e-008,-0.00465305
3.62692e-008,0.00240558
3.66692e-008,5.27045e-005
3.70692e-008,0.00240558
3.74692e-008,5.27045e-005
3.78692e-008,0.00475846
3.82692e-008,-0.0117117
3.86692e-008,5.27045e-005
3.90692e-008,-0.00700593
3.94692e-008,-0.00230017
3.98692e-008,-0.00230017
4.02692e-008,0.00946422
4.06692e-008,-0.00465305
4.10692e-008,0.00240558
4.14692e-008,0.00946422
4.18692e-008,0.00475846
4.22692e-008,-0.00700593
4.26692e-008,0.00475846
4.30692e-008,-0.00465305
4.34692e-008,0.00240558
4.38692e-008,-0.00700593
4.42692e-008,-0.00700593
4.46692e-008,0.00475846
4.50692e-008,-0.00230017
4.54692e-008,0.00475846
4.58692e-008,0.0165229
4.62692e-008,5.27045e-005
4.66692e-008,0.00240558
4.70692e-008,-0.00935881
4.74692e-008,0.00240558
4.78692e-008,0.00240558
4.82692e-008,0.00240558
4.86692e-008,-0.00465305
4.90692e-008,-0.00230017
4.94692e-008,-0.00230017
4.98692e-008,0.01417
5.02692e-008,-0.00230017
5.06692e-008,-0.00230017
5.10692e-008,0.00240558
5.14692e-008,0.00711134
5.18692e-008,0.00240558
5.22692e-008,5.27045e-005
5.26692e-008,-0.0117117
5.30692e-008,0.00240558
5.34692e-008,0.00240558
5.38692e-008,0.0165229
5.42692e-008,0.00240558
5.46692e-008,5.27045e-005
5.50692e-008,-0.0140646
5.54692e-008,5.27045e-005
5.58692e-008,5.27045e-005
5.62692e-008,0.00240558
5.66692e-008,0.00240558
5.70692e-008,0.00711134
5.74692e-008,0.00946422
5.78692e-008,-0.00230017
5.82692e-008,-0.00230017
5.86692e-008,0.00946422
5.90692e-008,-0.00700593
5.94692e-008,0.00711134
5.98692e-008,-0.00700593
6.02692e-008,0.00711134
6.06692e-008,-0.00230017
6.10692e-008,0.00240558
6.14692e-008,-0.00700593
6.18692e-008,-0.00230017
6.22692e-008,0.00475846
6.26692e-008,-0.0117117
6.30692e-008,-0.00465305
6.34692e-008,-0.00700593
6.38692e-008,0.00240558
6.42692e-008,5.27045e-005
6.46692e-008,5.27045e-005
6.50692e-008,0.00475846
6.54692e-008,-0.00230017
6.58692e-008,0.00475846
6.62692e-008,5.27045e-005
6.66692e-008,-0.00230017
6.70692e-008,0.00711134
6.74692e-008,-0.00700593
6.78692e-008,-0.00230017
6.82692e-008,0.00475846
6.86692e-008,-0.00700593
6.90692e-008,0.00475846
6.94692e-008,-0.00700593
6.98692e-008,-0.00230017
7.02692e-008,0.00711134
7.06692e-008,-0.00230017
7.10692e-008,0.00475846
7.14692e-008,0.0118171
7.18692e-008,-0.00230017
7.22692e-008,-0.00230017
7.26692e-008,-0.00465305
7.30692e-008,5.27045e-005
7.34692e-008,-0.00700593
7.38692e-008,5.27045e-005
7.42692e-008,0.00240558
7.46692e-008,0.00946422
7.50692e-008,0.00475846
7.54692e-008,5.27045e-005
7.58692e-008,0.00475846
7.62692e-008,5.27045e-005
7.66692e-008,0.00240558
7.70692e-008,0.00711134
7.74692e-008,0.00475846
7.78692e-008,-0.00700593
7.82692e-008,-0.00935881
7.86692e-008,-0.00935881
7.90692e-008,0.00240558
7.94692e-008,0.00475846
7.98692e-008,0.00240558
8.02692e-008,0.00475846
8.06692e-008,-0.00230017
8.10692e-008,-0.00465305
8.14692e-008,-0.00465305
8.18692e-008,0.00240558
8.22692e-008,0.00240558
8.26692e-008,-0.00230017
8.30692e-008,0.00946422
8.34692e-008,0.00946422
8.38692e-008,0.00946422
8.42692e-008,5.27045e-005
8.46692e-008,5.27045e-005
8.50692e-008,0.00475846
8.54692e-008,-0.00465305
8.58692e-008,0.00240558
8.62692e-008,0.00475846
8.66692e-008,0.00946422
8.70692e-008,-0.00230017
8.74692e-008,5.27045e-005
8.78692e-008,-0.00935881
8.82692e-008,5.27045e-005
8.86692e-008,0.00240558
8.90692e-008,0.00240558
8.94692e-008,-0.00935881
8.98692e-008,-0.00230017
9.02692e-008,0.00475846
9.06692e-008,0.00475846
9.10692e-008,5.27045e-005
9.14692e-008,0.00946422
9.18692e-008,-0.00465305
9.22692e-008,5.27045e-005
9.26692e-008,0.0118171
9.30692e-008,-0.00230017
9.34692e-008,-0.00465305
9.38692e-008,-0.00230017
9.42692e-008,-0.00465305
9.46692e-008,0.00475846
9.50692e-008,0.00475846
9.54692e-008,0.00240558
9.58692e-008,0.00711134
9.62692e-008,-0.00230017
9.66692e-008,-0.00700593
9.70692e-008,0.00240558
9.74692e-008,5.27045e-005
9.78692e-008,5.27045e-005
9.82692e-008,-0.00465305
9.86692e-008,0.00475846
9.90692e-008,5.27045e-005
9.94692e-008,0.00946422
9.98692e-008,5.27045e-005
1.002692e-007,5.27045e-005
1.006692e-007,0.00475846
1.010692e-007,5.27045e-005
1.014692e-007,5.27045e-005
1.018692e-007,0.00240558
1.022692e-007,0.00475846
1.026692e-007,-0.00465305
1.030692e-007,0.00711134
1.034692e-007,0.00240558
1.038692e-007,-0.00700593
1.042692e-007,0.00240558
1.046692e-007,0.00946422
1.050692e-007,0.00240558
1.054692e-007,0.00475846
1.058692e-007,0.00711134
1.062692e-007,5.27045e-005
1.066692e-007,0.00475846
1.070692e-007,5.27045e-005
1.074692e-007,0.00711134
1.078692e-007,5.27045e-005
1.082692e-007,-0.00465305
1.086692e-007,5.27045e-005
1.090692e-007,0.00475846
1.094692e-007,0.00475846
1.098692e-007,0.00946422
1.102692e-007,-0.00465305
1.106692e-007,0.00711134
1.110692e-007,0.00711134
1.114692e-007,5.27045e-005
1.118692e-007,0.00711134
1.122692e-007,-0.00935881
1.126692e-007,-0.00230017
1.130692e-007,-0.00230017
1.134692e-007,-0.00230017
1.138692e-007,0.00240558
1.142692e-007,0.00946422
1.146692e-007,0.00475846
1.150692e-007,-0.00465305
1.154692e-007,5.27045e-005
1.158692e-007,0.00946422
1.162692e-007,-0.00700593
1.166692e-007,-0.0164174
1.170692e-007,-0.00465305
1.174692e-007,-0.00935881
1.178692e-007,-0.00230017
1.182692e-007,0.00711134
1.186692e-007,-0.00230017
1.190692e-007,0.00475846
1.194692e-007,0.00240558
1.198692e-007,-0.00230017
1.202692e-007,0.00711134
1.206692e-007,0.00475846
1.210692e-007,-0.00230017
1.214692e-007,0.00475846
1.218692e-007,0.0118171
1.222692e-007,0.00240558
1.226692e-007,0.00711134
1.230692e-007,-0.00230017
1.234692e-007,0.00475846
1.238692e-007,-0.00935881
1.242692e-007,0.00240558
1.246692e-007,0.00240558
1.250692e-007,0.00240558
1.254692e-007,0.00475846
1.258692e-007,0.00946422
1.262692e-007,0.00240558
1.266692e-007,0.00240558
1.270692e-007,-0.00700593
1.274692e-007,0.00240558
1.278692e-007,0.00475846
1.282692e-007,-0.00465305
1.286692e-007,-0.00230017
1.290692e-007,5.27045e-005
1.294692e-007,0.00475846
1.298692e-007,5.27045e-005
1.302692e-007,0.00946422
1.306692e-007,0.00240558
1.310692e-007,0.00946422
1.314692e-007,0.00475846
1.318692e-007,-0.00230017
1.322692e-007,0.00475846
1.326692e-007,-0.00465305
1.330692e-007,0.00240558
1.334692e-007,0.00240558
1.338692e-007,-0.00230017
1.342692e-007,5.27045e-005
1.346692e-007,-0.00700593
1.350692e-007,0.00240558
1.354692e-007,5.27045e-005
1.358692e-007,-0.00465305
1.362692e-007,0.0118171
1.366692e-007,5.27045e-005
1.370692e-007,0.01417
1.374692e-007,0.00240558
1.378692e-007,0.00946422
1.382692e-007,0.00475846
1.386692e-007,5.27045e-005
1.390692e-007,0.00240558
1.394692e-007,0.00240558
1.398692e-007,5.27045e-005
1.402692e-007,0.00240558
1.406692e-007,0.00240558
1.410692e-007,0.00240558
1.414692e-007,0.00240558
1.418692e-007,-0.00465305
1.422692e-007,-0.00935881
1.426692e-007,0.00475846
1.430692e-007,0.00946422
1.434692e-007,5.27045e-005
1.438692e-007,0.00240558
1.442692e-007,-0.00465305
1.446692e-007,-0.00465305
1.450692e-007,0.00475846
1.454692e-007,-0.00465305
1.458692e-007,0.00946422
1.462692e-007,0.00475846
1.466692e-007,-0.00230017
1.470692e-007,-0.00465305
1.474692e-007,-0.00465305
1.478692e-007,0.00475846
1.482692e-007,0.00475846
1.486692e-007,-0.0117117
1.490692e-007,-0.00230017
1.494692e-007,-0.0117117
1.498692e-007,0.00240558
1.502692e-007,-0.00230017
1.506692e-007,0.00240558
1.510692e-007,-0.00465305
1.514692e-007,0.00711134
1.518692e-007,5.27045e-005
1.522692e-007,5.27045e-005
1.526692e-007,5.27045e-005
1.530692e-007,-0.00465305
1.534692e-007,-0.00465305
1.538692e-007,-0.00700593
1.542692e-007,0.00946422
1.546692e-007,0.00475846
1.550692e-007,0.00475846
1.554692e-007,0.00240558
1.558692e-007,0.00711134
1.562692e-007,0.0118171
1.566692e-007,0.00240558
1.570692e-007,0.00240558
1.574692e-007,-0.00230017
1.578692e-007,-0.00230017
1.582692e-007,-0.00465305
1.586692e-007,-0.00230017
1.590692e-007,0.00711134
1.594692e-007,0.00711134
1.598692e-007,5.27045e-005
1.602692e-007,-0.00230017
1.606692e-007,0.00475846
1.610692e-007,0.00946422
1.614692e-007,-0.00465305
1.618692e-007,0.00946422
1.622692e-007,-0.00465305
1.626692e-007,0.00946422
1.630692e-007,0.00475846
1.634692e-007,-0.00230017
1.638692e-007,0.00475846
1.642692e-007,-0.00230017
1.646692e-007,-0.00230017
1.650692e-007,5.27045e-005
1.654692e-007,5.27045e-005
1.658692e-007,0.00240558
1.662692e-007,-0.00465305
1.666692e-007,5.27045e-005
1.670692e-007,-0.00465305
1.674692e-007,0.00240558
1.678692e-007,-0.00935881
1.682692e-007,0.00475846
1.686692e-007,5.27045e-005
1.690692e-007,0.00240558
1.694692e-007,-0.00230017
1.698692e-007,-0.00230017
1.702692e-007,0.00711134
1.706692e-007,0.00475846
1.710692e-007,-0.00230017
1.714692e-007,0.00946422
1.718692e-007,-0.00935881
1.722692e-007,5.27045e-005
1.726692e-007,5.27045e-005
1.730692e-007,0.00240558
1.734692e-007,0.0118171
1.738692e-007,0.00946422
1.742692e-007,0.00475846
1.746692e-007,0.00475846
1.750692e-007,-0.00230017
1.754692e-007,0.00240558
1.758692e-007,0.00240558
1.762692e-007,0.00475846
1.766692e-007,0.00240558
1.770692e-007,0.00711134
1.774692e-007,-0.00465305
1.778692e-007,0.00240558
1.782692e-007,0.00475846
1.786692e-007,-0.00230017
1.790692e-007,0.00240558
1.794692e-007,-0.00465305
1.798692e-007,-0.00700593
1.802692e-007,0.00240558
1.806692e-007,-0.00230017
1.810692e-007,0.00240558
1.814692e-007,0.00240558
1.818692e-007,-0.00465305
1.822692e-007,-0.00700593
1.826692e-007,-0.00700593
1.830692e-007,-0.00230017
1.834692e-007,0.00240558
1.838692e-007,0.00711134
1.842692e-007,0.00946422
1.846692e-007,0.00240558
1.850692e-007,0.00946422
1.854692e-007,0.00946422
1.858692e-007,0.00946422
1.862692e-007,-0.00230017
1.866692e-007,5.27045e-005
1.870692e-007,-0.00465305
1.874692e-007,0.0118171
1.878692e-007,-0.00935881
1.882692e-007,0.00711134
1.886692e-007,0.00240558
1.890692e-007,0.00475846
1.894692e-007,-0.00230017
1.898692e-007,5.27045e-005
1.902692e-007,0.00240558
1.906692e-007,0.0118171
1.910692e-007,0.00475846
1.914692e-007,0.00475846
1.918692e-007,-0.00465305
1.922692e-007,-0.00230017
1.926692e-007,5.27045e-005
1.930692e-007,0.00711134
1.934692e-007,-0.00230017
1.938692e-007,0.00946422
1.942692e-007,0.00475846
1.946692e-007,-0.00230017
1.950692e-007,0.00240558
1.954692e-007,0.00475846
1.958692e-007,-0.0140646
1.962692e-007,-0.00465305
1.966692e-007,-0.00230017
1.970692e-007,0.00475846
1.974692e-007,-0.00700593
1.978692e-007,0.00946422
1.982692e-007,-0.00465305
1.986692e-007,0.00240558
1.990692e-007,0.00475846
1.994692e-007,0.00946422
1.998692e-007,-0.00465305
2.002692e-007,5.27045e-005
2.006692e-007,-0.0117117
2.010692e-007,5.27045e-005
2.014692e-007,0.00475846
2.018692e-007,-0.00230017
2.022692e-007,0.00240558
2.026692e-007,0.00711134
2.030692e-007,0.00240558
2.034692e-007,0.00475846
2.038692e-007,0.00946422
2.042692e-007,5.27045e-005
2.046692e-007,0.00240558
2.050692e-007,-0.00465305
2.054692e-007,0.00475846
2.058692e-007,0.00475846
2.062692e-007,-0.00700593
2.066692e-007,0.00240558
2.070692e-007,0.00711134
2.074692e-007,0.00240558
2.078692e-007,-0.00465305
2.082692e-007,0.00475846
2.086692e-007,5.27045e-005
2.090692e-007,5.27045e-005
2.094692e-007,0.00240558
2.098692e-007,0.00240558
2.102692e-007,-0.00465305
2.106692e-007,-0.00230017
2.110692e-007,0.00711134
2.114692e-007,0.00475846
2.118692e-007,5.27045e-005
2.122692e-007,0.00946422
2.126692e-007,-0.00230017
2.130692e-007,0.00240558
2.134692e-007,-0.0140646
2.138692e-007,0.00946422
2.142692e-007,-0.00230017
2.146692e-007,0.00475846
2.150692e-007,0.00240558
2.154692e-007,-0.00700593
2.158692e-007,-0.00935881
2.162692e-007,0.00946422
2.166692e-007,0.0118171
2.170692e-007,0.00475846
2.174692e-007,5.27045e-005
2.178692e-007,0.00240558
2.182692e-007,0.00475846
2.186692e-007,0.00240558
2.190692e-007,5.27045e-005
2.194692e-007,0.00711134
2.198692e-007,5.27045e-005
2.202692e-007,0.00475846
2.206692e-007,5.27045e-005
2.210692e-007,-0.00935881
2.214692e-007,-0.00465305
2.218692e-007,0.00240558
2.222692e-007,-0.00230017
2.226692e-007,0.00240558
2.230692e-007,0.00475846
2.234692e-007,-0.00230017
2.238692e-007,0.00475846
2.242692e-007,-0.00465305
2.246692e-007,5.27045e-005
2.250692e-007,0.0188757
2.254692e-007,5.27045e-005
2.258692e-007,5.27045e-005
2.262692e-007,-0.00230017
2.266692e-007,-0.00465305
2.270692e-007,0.00240558
2.274692e-007,0.00240558
2.278692e-007,5.27045e-005
2.282692e-007,0.00475846
2.286692e-007,0.00240558
2.290692e-007,0.00475846
2.294692e-007,0.00240558
2.298692e-007,5.27045e-005
2.302692e-007,0.00240558
2.306692e-007,-0.00230017
2.310692e-007,-0.00465305
2.314692e-007,0.00475846
2.318692e-007,-0.00700593
2.322692e-007,0.00240558
2.326692e-007,-0.00230017
2.330692e-007,0.00711134
2.334692e-007,-0.00230017
2.338692e-007,-0.00700593
2.342692e-007,-0.00230017
2.346692e-007,5.27045e-005
2.350692e-007,5.27045e-005
2.354692e-007,5.27045e-005
2.358692e-007,-0.00465305
2.362692e-007,0.00711134
2.366692e-007,5.27045e-005
2.370692e-007,0.00475846
2.374692e-007,5.27045e-005
2.378692e-007,5.27045e-005
2.382692e-007,-0.00465305
2.386692e-007,0.0118171
2.390692e-007,-0.00465305
2.394692e-007,0.00946422
2.398692e-007,-0.00230017
2.402692e-007,0.00946422
2.406692e-007,0.00475846
2.410692e-007,-0.00230017
2.414692e-007,-0.00935881
2.418692e-007,0.00946422
2.422692e-007,-0.00230017
2.426692e-007,5.27045e-005
2.430692e-007,-0.0140646
2.434692e-007,-0.00465305
2.438692e-007,-0.00700593
2.442692e-007,0.00475846
2.446692e-007,-0.0164174
2.450692e-007,0.00475846
2.454692e-007,5.27045e-005
2.458692e-007,-0.00465305
2.462692e-007,0.00946422
2.466692e-007,-0.00230017
2.470692e-007,-0.00700593
2.474692e-007,0.00475846
2.478692e-007,-0.00230017
2.482692e-007,0.00946422
2.486692e-007,5.27045e-005
2.490692e-007,-0.00700593
2.494692e-007,0.00475846
2.498692e-007,0.00240558
2.502692e-007,0.0118171
2.506692e-007,0.00946422
2.510692e-007,-0.00465305
2.514692e-007,0.0118171
2.518692e-007,-0.00465305
2.522692e-007,-0.00230017
2.526692e-007,-0.00465305
2.530692e-007,0.00240558
2.534692e-007,-0.00230017
2.538692e-007,0.00475846
2.542692e-007,0.00240558
2.546692e-007,0.00475846
2.550692e-007,0.00475846
2.554692e-007,-0.00230017
2.558692e-007,0.00240558
2.562692e-007,-0.00465305
2.566692e-007,-0.00465305
2.570692e-007,0.00475846
2.574692e-007,-0.00700593
2.578692e-007,-0.00230017
2.582692e-007,-0.00230017
2.586692e-007,0.00240558
2.590692e-007,0.00240558
2.594692e-007,0.00240558
2.598692e-007,0.00240558
2.602692e-007,-0.00465305
2.606692e-007,-0.00465305
2.610692e-007,0.00711134
2.614692e-007,-0.00230017
2.618692e-007,5.27045e-005
2.622692e-007,5.27045e-005
2.626692e-007,-0.00230017
2.630692e-007,0.00946422
2.634692e-007,5.27045e-005
2.638692e-007,-0.00465305
2.642692e-007,0.00711134
2.646692e-007,-0.00230017
2.650692e-007,0.00711134
2.654692e-007,5.27045e-005
2.658692e-007,-0.00230017
2.662692e-007,0.00475846
2.666692e-007,-0.00230017
2.670692e-007,0.00240558
2.674692e-007,0.00475846
2.678692e-007,-0.00465305
2.682692e-007,0.00475846
2.686692e-007,-0.00935881
2.690692e-007,-0.00230017
2.694692e-007,5.27045e-005
2.698692e-007,-0.00230017
2.702692e-007,-0.00935881
2.706692e-007,0.00475846
2.710692e-007,-0.00465305
2.714692e-007,5.27045e-005
2.718692e-007,5.27045e-005
2.722692e-007,-0.00230017
2.726692e-007,-0.00700593
2.730692e-007,-0.00465305
2.734692e-007,-0.00230017
2.738692e-007,-0.00465305
2.742692e-007,-0.00465305
2.746692e-007,-0.00230017
2.750692e-007,0.00946422
2.754692e-007,0.00240558
2.758692e-007,5.27045e-005
2.762692e-007,0.00946422
2.766692e-007,0.00946422
2.770692e-007,0.00475846
2.774692e-007,-0.00935881
2.778692e-007,0.00240558
2.782692e-007,-0.00230017
2.786692e-007,0.00240558
2.790692e-007,-0.00230017
2.794692e-007,0.00946422
2.798692e-007,0.00475846
2.802692e-007,0.00240558
2.806692e-007,5.27045e-005
2.810692e-007,0.00711134
2.814692e-007,0.00240558
2.818692e-007,5.27045e-005
2.822692e-007,-0.00465305
2.826692e-007,0.00475846
2.830692e-007,-0.00230017
2.834692e-007,0.00475846
2.838692e-007,-0.00935881
2.842692e-007,0.0165229
2.846692e-007,-0.00230017
2.850692e-007,0.00475846
2.854692e-007,-0.00700593
2.858692e-007,0.00475846
2.862692e-007,-0.00465305
2.866692e-007,5.27045e-005
2.870692e-007,-0.00230017
2.874692e-007,0.00711134
2.878692e-007,0.00475846
2.882692e-007,0.00475846
2.886692e-007,0.00240558
2.890692e-007,0.00946422
2.894692e-007,-0.0164174
2.898692e-007,0.00475846
2.902692e-007,-0.00465305
2.906692e-007,0.00711134
2.910692e-007,0.00240558
2.914692e-007,-0.00230017
2.918692e-007,-0.00230017
2.922692e-007,5.27045e-005
2.926692e-007,-0.00465305
2.930692e-007,0.00240558
2.934692e-007,5.27045e-005
2.938692e-007,5.27045e-005
2.942692e-007,5.27045e-005
2.946692e-007,-0.00230017
2.950692e-007,0.00711134
2.954692e-007,0.00946422
2.958692e-007,-0.0164174
2.962692e-007,0.00946422
2.966692e-007,-0.00230017
2.970692e-007,0.00711134
2.974692e-007,5.27045e-005
2.978692e-007,-0.00935881
2.982692e-007,5.27045e-005
2.986692e-007,0.00475846
2.990692e-007,0.00240558
2.994692e-007,0.00475846
2.998692e-007,0.00475846
3.002692e-007,5.27045e-005
3.006692e-007,0.00475846
3.010692e-007,-0.00230017
3.014692e-007,0.00475846
3.018692e-007,5.27045e-005
3.022692e-007,-0.00230017
3.026692e-007,-0.00230017
3.030692e-007,-0.00465305
3.034692e-007,-0.00230017
3.038692e-007,-0.00230017
3.042692e-007,-0.00230017
3.046692e-007,-0.00230017
3.050692e-007,0.00475846
3.054692e-007,0.00240558
3.058692e-007,-0.00230017
3.062692e-007,0.00240558
3.066692e-007,0.00240558
3.070692e-007,-0.00465305
3.074692e-007,-0.00465305
3.078692e-007,-0.00230017
3.082692e-007,0.00475846
3.086692e-007,-0.00935881
3.090692e-007,0.00475846
3.094692e-007,-0.00230017
3.098692e-007,0.0118171
3.102692e-007,0.00240558
3.106692e-007,0.00240558
3.110692e-007,0.00711134
3.114692e-007,0.0118171
3.118692e-007,0.00240558
3.122692e-007,5.27045e-005
3.126692e-007,-0.00230017
3.130692e-007,5.27045e-005
3.134692e-007,0.00475846
3.138692e-007,0.00711134
3.142692e-007,0.00240558
3.146692e-007,0.00946422
3.150692e-007,-0.00465305
3.154692e-007,0.0165229
3.158692e-007,-0.0117117
3.162692e-007,0.00240558
3.166692e-007,0.00711134
3.170692e-007,0.00475846
3.174692e-007,-0.00230017
3.178692e-007,-0.00700593
3.182692e-007,-0.00230017
3.186692e-007,0.00711134
3.190692e-007,-0.00465305
3.194692e-007,0.00475846
3.198692e-007,-0.00465305
3.202692e-007,5.27045e-005
3.206692e-007,-0.00465305
3.210692e-007,5.27045e-005
3.214692e-007,-0.00935881
3.218692e-007,0.00946422
3.222692e-007,5.27045e-005
3.226692e-007,0.00240558
3.230692e-007,0.00711134
3.234692e-007,-0.00230017
3.238692e-007,5.27045e-005
3.242692e-007,0.00711134
3.246692e-007,-0.00700593
3.250692e-007,0.00475846
3.254692e-007,-0.00700593
3.258692e-007,5.27045e-005
3.262692e-007,0.00475846
3.266692e-007,-0.00465305
3.270692e-007,5.27045e-005
3.274692e-007,0.00711134
3.278692e-007,5.27045e-005
3.282692e-007,5.27045e-005
3.286692e-007,-0.00465305
3.290692e-007,0.00240558
3.294692e-007,5.27045e-005
3.298692e-007,-0.00230017
3.302692e-007,0.00240558
3.306692e-007,-0.00465305
3.310692e-007,5.27045e-005
3.314692e-007,5.27045e-005
3.318692e-007,0.00946422
3.322692e-007,0.00240558
3.326692e-007,0.0118171
3.330692e-007,-0.00465305
3.334692e-007,5.27045e-005
3.338692e-007,5.27045e-005
3.342692e-007,-0.00465305
3.346692e-007,5.27045e-005
3.350692e-007,0.00711134
3.354692e-007,0.00240558
3.358692e-007,0.00240558
3.362692e-007,-0.00700593
3.366692e-007,-0.00230017
3.370692e-007,0.00946422
3.374692e-007,-0.00465305
3.378692e-007,0.00711134
3.382692e-007,-0.00230017
3.386692e-007,0.00711134
3.390692e-007,0.00946422
3.394692e-007,-0.00230017
3.398692e-007,-0.00230017
3.402692e-007,0.00946422
3.406692e-007,-0.00465305
3.410692e-007,0.00711134
3.414692e-007,-0.00465305
3.418692e-007,0.01417
3.422692e-007,0.00946422
3.426692e-007,-0.00230017
3.430692e-007,0.00475846
3.434692e-007,-0.00700593
3.438692e-007,-0.00700593
3.442692e-007,0.00240558
3.446692e-007,-0.00230017
3.450692e-007,0.00946422
3.454692e-007,-0.00465305
3.458692e-007,5.27045e-005
3.462692e-007,-0.00700593
3.466692e-007,0.00475846
3.470692e-007,-0.00230017
3.474692e-007,0.00946422
3.478692e-007,5.27045e-005
3.482692e-007,0.00240558
3.486692e-007,0.01417
3.490692e-007,-0.00230017
3.494692e-007,5.27045e-005
3.498692e-007,5.27045e-005
3.502692e-007,5.27045e-005
3.506692e-007,0.00475846
3.510692e-007,0.00475846
3.514692e-007,-0.00700593
3.518692e-007,-0.00465305
3.522692e-007,0.00711134
3.526692e-007,0.00240558
3.530692e-007,0.00946422
3.534692e-007,-0.00465305
3.538692e-007,-0.00230017
3.542692e-007,5.27045e-005
3.546692e-007,5.27045e-005
3.550692e-007,0.00240558
3.554692e-007,0.00240558
3.558692e-007,-0.00465305
3.562692e-007,0.01417
3.566692e-007,0.00240558
3.570692e-007,0.00240558
3.574692e-007,-0.00230017
3.578692e-007,-0.00230017
3.582692e-007,0.00475846
3.586692e-007,-0.00465305
3.590692e-007,-0.00700593
3.594692e-007,5.27045e-005
3.598692e-007,-0.00465305
3.602692e-007,5.27045e-005
3.606692e-007,0.00711134
3.610692e-007,0.00475846
3.614692e-007,0.00240558
3.618692e-007,-0.00700593
3.622692e-007,0.00711134
3.626692e-007,5.27045e-005
3.630692e-007,0.00711134
3.634692e-007,0.00240558
3.638692e-007,-0.00230017
3.642692e-007,0.00240558
3.646692e-007,0.00946422
3.650692e-007,-0.00700593
3.654692e-007,0.00475846
3.658692e-007,-0.00700593
3.662692e-007,-0.00465305
3.666692e-007,0.00946422
3.670692e-007,-0.00465305
3.674692e-007,0.00946422
3.678692e-007,0.00946422
3.682692e-007,0.00946422
3.686692e-007,0.00475846
3.690692e-007,0.00240558
3.694692e-007,-0.00935881
3.698692e-007,0.0118171
3.702692e-007,-0.00465305
3.706692e-007,-0.00230017
3.710692e-007,-0.00465305
3.714692e-007,5.27045e-005
3.718692e-007,5.27045e-005
3.722692e-007,5.27045e-005
3.726692e-007,-0.00935881
3.730692e-007,0.00475846
3.734692e-007,5.27045e-005
3.738692e-007,0.00711134
3.742692e-007,0.0118171
3.746692e-007,5.27045e-005
3.750692e-007,0.00475846
3.754692e-007,-0.00465305
3.758692e-007,-0.00465305
3.762692e-007,0.00711134
3.766692e-007,0.00475846
3.770692e-007,-0.00230017
3.774692e-007,-0.00465305
3.778692e-007,0.00240558
3.782692e-007,0.00946422
3.786692e-007,0.00946422
3.790692e-007,-0.00935881
3.794692e-007,0.00711134
3.798692e-007,-0.00465305
3.802692e-007,0.00946422
3.806692e-007,0.00240558
3.810692e-007,0.00711134
3.814692e-007,0.00711134
3.818692e-007,0.00475846
3.822692e-007,-0.00465305
3.826692e-007,5.27045e-005
3.830692e-007,0.00475846
3.834692e-007,0.00711134
3.838692e-007,0.00240558
3.842692e-007,-0.00465305
3.846692e-007,5.27045e-005
3.850692e-007,0.00240558
3.854692e-007,-0.00465305
3.858692e-007,5.27045e-005
3.862692e-007,0.00711134
3.866692e-007,0.0118171
3.870692e-007,0.00711134
3.874692e-007,-0.00700593
3.878692e-007,-0.00230017
3.882692e-007,0.00240558
3.886692e-007,-0.00465305
3.890692e-007,0.00475846
3.894692e-007,0.00946422
3.898692e-007,0.00711134
3.902692e-007,5.27045e-005
3.906692e-007,-0.00700593
3.910692e-007,5.27045e-005
3.914692e-007,0.00475846
3.918692e-007,-0.00465305
3.922692e-007,0.00711134
3.926692e-007,-0.00230017
3.930692e-007,0.00240558
3.934692e-007,0.00711134
3.938692e-007,0.01417
3.942692e-007,0.00475846
3.946692e-007,0.00240558
3.950692e-007,5.27045e-005
3.954692e-007,0.00240558
3.958692e-007,-0.00230017
3.962692e-007,-0.00700593
3.966692e-007,-0.00465305
3.970692e-007,-0.00465305
3.974692e-007,0.00240558
3.978692e-007,-0.00230017
3.982692e-007,-0.00700593
3.986692e-007,0.00475846
3.990692e-007,0.00240558
3.994692e-007,0.00711134
3.998692e-007,0.00711134
4.002692e-007,0.00475846
4.006692e-007,5.27045e-005
4.010692e-007,0.00711134
4.014692e-007,-0.00230017
4.018692e-007,0.00711134
4.022692e-007,-0.00465305
4.026692e-007,5.27045e-005
4.030692e-007,5.27045e-005
4.034692e-007,0.00240558
4.038692e-007,-0.00700593
4.042692e-007,0.00946422
4.046692e-007,-0.00465305
4.050692e-007,0.00240558
4.054692e-007,-0.00465305
4.058692e-007,0.00240558
4.062692e-007,-0.00230017
4.066692e-007,0.00475846
4.070692e-007,-0.00230017
4.074692e-007,-0.00230017
4.078692e-007,0.00240558
4.082692e-007,-0.00230017
4.086692e-007,0.00475846
4.090692e-007,5.27045e-005
4.094692e-007,0.00240558
4.098692e-007,-0.00230017
4.102692e-007,-0.00230017
4.106692e-007,0.00475846
4.110692e-007,5.27045e-005
4.114692e-007,5.27045e-005
4.118692e-007,5.27045e-005
4.122692e-007,0.00240558
4.126692e-007,0.00240558
4.130692e-007,0.00240558
4.134692e-007,-0.00230017
4.138692e-007,0.00475846
4.142692e-007,-0.00465305
4.146692e-007,0.00475846
4.150692e-007,-0.00230017
4.154692e-007,0.00946422
4.158692e-007,0.00946422
4.162692e-007,0.00475846
4.166692e-007,0.00475846
4.170692e-007,0.00946422
4.174692e-007,-0.00465305
4.178692e-007,0.00711134
4.182692e-007,-0.00465305
4.186692e-007,0.00240558
4.190692e-007,0.00475846
4.194692e-007,0.00946422
4.198692e-007,0.00240558
4.202692e-007,0.00240558
4.206692e-007,-0.00935881
4.210692e-007,0.00711134
4.214692e-007,0.00475846
4.218692e-007,0.00475846
4.222692e-007,-0.00465305
4.226692e-007,-0.00230017
4.230692e-007,0.00475846
4.234692e-007,-0.00230017
4.238692e-007,-0.00230017
4.242692e-007,0.00946422
4.246692e-007,5.27045e-005
4.250692e-007,0.0212286
4.254692e-007,0.00946422
4.258692e-007,-0.00230017
4.262692e-007,-0.00465305
4.266692e-007,0.00475846
4.270692e-007,0.00240558
4.274692e-007,0.00240558
4.278692e-007,5.27045e-005
4.282692e-007,-0.00230017
4.286692e-007,0.00711134
4.290692e-007,0.00240558
4.294692e-007,-0.00700593
4.298692e-007,0.00946422
4.302692e-007,-0.0140646
4.306692e-007,0.00475846
4.310692e-007,-0.00465305
4.314692e-007,5.27045e-005
4.318692e-007,0.00946422
4.322692e-007,0.00240558
4.326692e-007,0.00475846
4.330692e-007,0.00475846
4.334692e-007,-0.00465305
4.338692e-007,0.00475846
4.342692e-007,0.00240558
4.346692e-007,-0.00230017
4.350692e-007,0.00240558
4.354692e-007,0.00240558
4.358692e-007,0.00711134
4.362692e-007,5.27045e-005
4.366692e-007,-0.00230017
4.370692e-007,-0.00230017
4.374692e-007,0.00240558
4.378692e-007,0.00240558
4.382692e-007,0.00240558
4.386692e-007,-0.00465305
4.390692e-007,5.27045e-005
4.394692e-007,5.27045e-005
4.398692e-007,5.27045e-005
4.402692e-007,0.00711134
4.406692e-007,0.00711134
4.410692e-007,5.27045e-005
4.414692e-007,5.27045e-005
4.418692e-007,-0.00230017
4.422692e-007,-0.00230017
4.426692e-007,0.00946422
4.430692e-007,-0.00465305
4.434692e-007,0.00475846
4.438692e-007,5.27045e-005
4.442692e-007,0.00946422
4.446692e-007,0.00475846
4.450692e-007,-0.00230017
4.454692e-007,0.00475846
4.458692e-007,-0.00700593
4.462692e-007,-0.00465305
4.466692e-007,0.00240558
4.470692e-007,-0.00230017
4.474692e-007,0.00475846
4.478692e-007,5.27045e-005
4.482692e-007,-0.00230017
4.486692e-007,0.01417
4.490692e-007,0.00946422
4.494692e-007,5.27045e-005
4.498692e-007,0.0118171
4.502692e-007,-0.00230017
4.506692e-007,-0.00230017
4.510692e-007,0.00946422
4.514692e-007,-0.00230017
4.518692e-007,-0.00935881
4.522692e-007,-0.00230017
4.526692e-007,-0.00230017
4.530692e-007,0.00475846
4.534692e-007,-0.00700593
4.538692e-007,-0.00230017
4.542692e-007,-0.00465305
4.546692e-007,0.00240558
4.550692e-007,0.00711134
4.554692e-007,0.00946422
4.558692e-007,-0.00700593
4.562692e-007,0.00240558
4.566692e-007,-0.00935881
4.570692e-007,0.0118171
4.574692e-007,-0.00465305
4.578692e-007,5.27045e-005
4.582692e-007,5.27045e-005
4.586692e-007,-0.00230017
4.590692e-007,5.27045e-005
4.594692e-007,0.00946422
4.598692e-007,5.27045e-005
4.602692e-007,-0.00465305
4.606692e-007,0.00240558
4.610692e-007,-0.00465305
4.614692e-007,0.00711134
4.618692e-007,5.27045e-005
4.622692e-007,-0.00230017
4.626692e-007,-0.00935881
4.630692e-007,0.0118171
4.634692e-007,0.00475846
4.638692e-007,0.00711134
4.642692e-007,0.00475846
4.646692e-007,5.27045e-005
4.650692e-007,0.00475846
4.654692e-007,-0.00465305
4.658692e-007,0.00240558
4.662692e-007,0.00711134
4.666692e-007,0.00711134
4.670692e-007,0.00946422
4.674692e-007,-0.00700593
4.678692e-007,0.00946422
4.682692e-007,0.00946422
4.686692e-007,-0.00935881
4.690692e-007,0.00711134
4.694692e-007,0.00475846
4.698692e-007,0.00711134
4.702692e-007,0.00711134
4.706692e-007,-0.00465305
4.710692e-007,-0.00230017
4.714692e-007,0.00240558
4.718692e-007,0.00711134
4.722692e-007,0.00240558
4.726692e-007,5.27045e-005
4.730692e-007,0.01417
4.734692e-007,5.27045e-005
4.738692e-007,-0.00230017
4.742692e-007,0.00475846
4.746692e-007,0.00711134
4.750692e-007,0.00946422
4.754692e-007,0.00711134
4.758692e-007,-0.00230017
4.762692e-007,0.00240558
4.766692e-007,0.00711134
4.770692e-007,-0.00230017
4.774692e-007,-0.00700593
4.778692e-007,5.27045e-005
4.782692e-007,-0.00230017
4.786692e-007,5.27045e-005
4.790692e-007,-0.00700593
4.794692e-007,-0.00230017
4.798692e-007,0.00475846
4.802692e-007,0.00240558
4.806692e-007,0.0118171
4.810692e-007,0.00711134
4.814692e-007,-0.00230017
4.818692e-007,5.27045e-005
4.822692e-007,5.27045e-005
4.826692e-007,-0.00465305
4.830692e-007,0.00240558
4.834692e-007,0.00240558
4.838692e-007,5.27045e-005
4.842692e-007,5.27045e-005
4.846692e-007,5.27045e-005
4.850692e-007,0.00475846
4.854692e-007,0.00946422
4.858692e-007,0.00711134
4.862692e-007,0.00240558
4.866692e-007,0.00240558
4.870692e-007,0.00475846
4.874692e-007,0.00475846
4.878692e-007,-0.00465305
4.882692e-007,0.00240558
4.886692e-007,0.00240558
4.890692e-007,0.00240558
4.894692e-007,-0.00230017
4.898692e-007,0.00711134
4.902692e-007,-0.00230017
4.906692e-007,5.27045e-005
4.910692e-007,5.27045e-005
4.914692e-007,0.00711134
4.918692e-007,5.27045e-005
4.922692e-007,0.00240558
4.926692e-007,5.27045e-005
4.930692e-007,-0.00230017
4.934692e-007,5.27045e-005
4.938692e-007,-0.00230017
4.942692e-007,-0.0164174
4.946692e-007,0.00475846
4.950692e-007,-0.00935881
4.954692e-007,0.01417
4.958692e-007,0.00240558
4.962692e-007,-0.00230017
4.966692e-007,0.00475846
4.970692e-007,-0.00700593
4.974692e-007,-0.00230017
4.978692e-007,0.00240558
4.982692e-007,5.27045e-005
4.986692e-007,0.0118171
4.990692e-007,-0.0117117
4.994692e-007,5.27045e-005
4.998692e-007,0.00240558
5.002692e-007,0.00946422
5.006692e-007,-0.00700593
5.010692e-007,0.00711134
5.014692e-007,0.00946422
5.018692e-007,-0.00230017
5.022692e-007,-0.00230017
5.026692e-007,5.27045e-005
5.030692e-007,5.27045e-005
5.034692e-007,-0.00230017
5.038692e-007,0.00240558
5.042692e-007,0.00475846
5.046692e-007,0.00475846
5.050692e-007,-0.00230017
5.054692e-007,5.27045e-005
5.058692e-007,5.27045e-005
5.062692e-007,0.00946422
5.066692e-007,0.00475846
5.070692e-007,-0.00230017
5.074692e-007,0.00475846
5.078692e-007,-0.00465305
5.082692e-007,0.00475846
5.086692e-007,-0.00230017
5.090692e-007,-0.00230017
5.094692e-007,-0.00700593
5.098692e-007,0.00475846
5.102692e-007,0.00240558
5.106692e-007,0.00240558
5.110692e-007,0.00240558
5.114692e-007,-0.00230017
5.118692e-007,-0.00700593
5.122692e-007,0.00711134
5.126692e-007,-0.00700593
5.130692e-007,5.27045e-005
5.134692e-007,-0.00230017
5.138692e-007,-0.00230017
5.142692e-007,0.00240558
5.146692e-007,0.00475846
5.150692e-007,0.00240558
5.154692e-007,-0.00465305
5.158692e-007,-0.00230017
5.162692e-007,0.00475846
5.166692e-007,-0.00465305
5.170692e-007,5.27045e-005
5.174692e-007,-0.00230017
5.178692e-007,-0.00935881
5.182692e-007,5.27045e-005
5.186692e-007,0.00475846
5.190692e-007,-0.00230017
5.194692e-007,0.00475846
5.198692e-007,0.00240558
5.202692e-007,-0.00230017
5.206692e-007,-0.0117117
5.210692e-007,-0.00230017
5.214692e-007,-0.00465305
5.218692e-007,-0.00230017
5.222692e-007,0.00475846
5.226692e-007,-0.00230017
5.230692e-007,-0.00230017
5.234692e-007,-0.00230017
5.238692e-007,5.27045e-005
5.242692e-007,5.27045e-005
5.246692e-007,5.27045e-005
5.250692e-007,5.27045e-005
5.254692e-007,-0.00465305
5.258692e-007,0.00475846
5.262692e-007,-0.00700593
5.266692e-007,-0.00935881
5.270692e-007,-0.00230017
5.274692e-007,0.00240558
5.278692e-007,0.00946422
5.282692e-007,0.00475846
5.286692e-007,5.27045e-005
5.290692e-007,0.00475846
5.294692e-007,-0.00465305
5.298692e-007,0.00240558
5.302692e-007,0.00240558
5.306692e-007,0.00240558
5.310692e-007,5.27045e-005
5.314692e-007,-0.00700593
5.318692e-007,0.00946422
5.322692e-007,0.00475846
5.326692e-007,-0.0140646
5.330692e-007,0.00240558
5.334692e-007,-0.00230017
5.338692e-007,-0.00230017
5.342692e-007,-0.00230017
5.346692e-007,-0.00230017
5.350692e-007,-0.00230017
5.354692e-007,0.00475846
5.358692e-007,5.27045e-005
5.362692e-007,0.00240558
5.366692e-007,0.00240558
5.370692e-007,-0.00230017
5.374692e-007,0.00240558
5.378692e-007,-0.00230017
5.382692e-007,-0.00230017
5.386692e-007,0.00475846
5.390692e-007,-0.00700593
5.394692e-007,5.27045e-005
5.398692e-007,0.00240558
5.402692e-007,0.0118171
5.406692e-007,0.00240558
5.410692e-007,0.00240558
5.414692e-007,0.00711134
5.418692e-007,5.27045e-005
5.422692e-007,0.00240558
5.426692e-007,0.00711134
5.430692e-007,-0.00230017
5.434692e-007,-0.00700593
5.438692e-007,0.00946422
5.442692e-007,0.00946422
5.446692e-007,0.00240558
5.450692e-007,0.00946422
5.454692e-007,-0.00465305
5.458692e-007,0.01417
5.462692e-007,-0.00465305
5.466692e-007,0.00240558
5.470692e-007,0.00240558
5.474692e-007,0.00946422
5.478692e-007,0.00475846
5.482692e-007,0.00240558
5.486692e-007,-0.00935881
5.490692e-007,0.00711134
5.494692e-007,0.00240558
5.498692e-007,5.27045e-005
5.502692e-007,-0.0140646
5.506692e-007,-0.00935881
5.510692e-007,-0.00700593
5.514692e-007,0.00240558
5.518692e-007,5.27045e-005
5.522692e-007,0.00946422
5.526692e-007,0.00475846
5.530692e-007,0.00240558
5.534692e-007,0.00711134
5.538692e-007,0.00475846
5.542692e-007,5.27045e-005
5.546692e-007,0.00475846
5.550692e-007,-0.00230017
5.554692e-007,0.00240558
5.558692e-007,-0.00700593
5.562692e-007,-0.00230017
5.566692e-007,0.00475846
5.570692e-007,-0.00935881
5.574692e-007,0.00711134
5.578692e-007,0.00711134
5.582692e-007,0.00240558
5.586692e-007,-0.00465305
5.590692e-007,-0.00465305
5.594692e-007,0.00475846
5.598692e-007,-0.00230017
5.602692e-007,0.00240558
5.606692e-007,-0.0117117
5.610692e-007,0.00946422
5.614692e-007,-0.00465305
5.618692e-007,0.00475846
5.622692e-007,5.27045e-005
5.626692e-007,-0.00465305
5.630692e-007,0.00240558
5.634692e-007,-0.00230017
5.638692e-007,-0.00230017
5.642692e-007,0.00946422
5.646692e-007,0.00711134
5.650692e-007,0.00240558
5.654692e-007,0.00240558
5.658692e-007,0.00711134
5.662692e-007,0.00240558
5.666692e-007,0.0118171
5.670692e-007,5.27045e-005
5.674692e-007,5.27045e-005
5.678692e-007,5.27045e-005
5.682692e-007,0.00711134
5.686692e-007,-0.00465305
5.690692e-007,0.00711134
5.694692e-007,0.00475846
5.698692e-007,-0.00230017
5.702692e-007,0.00240558
5.706692e-007,0.00475846
5.710692e-007,-0.00230017
5.714692e-007,0.00475846
5.718692e-007,0.00475846
5.722692e-007,0.0188757
5.726692e-007,0.00946422
5.730692e-007,0.00240558
5.734692e-007,0.00711134
5.738692e-007,0.00946422
5.742692e-007,-0.0117117
5.746692e-007,5.27045e-005
5.750692e-007,0.00475846
5.754692e-007,0.00946422
5.758692e-007,0.00711134
5.762692e-007,5.27045e-005
5.766692e-007,0.00475846
5.770692e-007,-0.00230017
5.774692e-007,5.27045e-005
5.778692e-007,0.00711134
5.782692e-007,5.27045e-005
5.786692e-007,0.00711134
5.790692e-007,5.27045e-005
5.794692e-007,-0.00230017
5.798692e-007,-0.00935881
5.802692e-007,-0.00230017
5.806692e-007,-0.00230017
5.810692e-007,0.00946422
5.814692e-007,0.00475846
5.818692e-007,-0.00230017
5.822692e-007,5.27045e-005
5.826692e-007,0.00240558
5.830692e-007,0.00475846
5.834692e-007,0.00711134
5.838692e-007,0.00240558
5.842692e-007,-0.00230017
5.846692e-007,-0.00230017
5.850692e-007,0.00240558
5.854692e-007,0.00240558
5.858692e-007,0.00240558
5.862692e-007,-0.00230017
5.866692e-007,0.01417
5.870692e-007,0.00240558
5.874692e-007,5.27045e-005
5.878692e-007,-0.00230017
5.882692e-007,0.00240558
5.886692e-007,-0.00465305
5.890692e-007,0.00711134
5.894692e-007,5.27045e-005
5.898692e-007,0.00475846
5.902692e-007,-0.00230017
5.906692e-007,-0.00935881
5.910692e-007,5.27045e-005
5.914692e-007,0.0118171
5.918692e-007,5.27045e-005
5.922692e-007,0.0118171
5.926692e-007,5.27045e-005
5.930692e-007,-0.00465305
5.934692e-007,-0.00465305
5.938692e-007,0.00240558
5.942692e-007,-0.00230017
5.946692e-007,0.00711134
5.950692e-007,0.00946422
5.954692e-007,0.00475846
5.958692e-007,-0.00230017
5.962692e-007,0.00475846
5.966692e-007,5.27045e-005
5.970692e-007,0.00946422
5.974692e-007,0.00240558
5.978692e-007,0.00240558
5.982692e-007,0.00711134
5.986692e-007,0.00946422
5.990692e-007,-0.00230017
5.994692e-007,0.00240558
5.998692e-007,0.00475846
6.002692e-007,0.00240558
6.006692e-007,-0.00465305
6.010692e-007,0.00475846
6.014692e-007,5.27045e-005
6.018692e-007,5.27045e-005
6.022692e-007,0.00240558
6.026692e-007,-0.00465305
6.030692e-007,-0.00230017
6.034692e-007,0.00946422
6.038692e-007,-0.00465305
6.042692e-007,0.00711134
6.046692e-007,0.00711134
6.050692e-007,-0.00465305
6.054692e-007,-0.00700593
6.058692e-007,5.27045e-005
6.062692e-007,5.27045e-005
6.066692e-007,-0.00230017
6.070692e-007,0.00475846
6.074692e-007,5.27045e-005
6.078692e-007,0.00711134
6.082692e-007,0.00240558
6.086692e-007,5.27045e-005
6.090692e-007,0.00475846
6.094692e-007,0.00240558
6.098692e-007,-0.00230017
6.102692e-007,0.00946422
6.106692e-007,0.00240558
6.110692e-007,0.00475846
6.114692e-007,0.00711134
6.118692e-007,-0.00230017
6.122692e-007,0.00475846
6.126692e-007,0.00240558
6.130692e-007,0.00240558
6.134692e-007,0.00946422
6.138692e-007,5.27045e-005
6.142692e-007,-0.00700593
6.146692e-007,-0.00700593
6.150692e-007,-0.00230017
6.154692e-007,0.00475846
6.158692e-007,-0.00935881
6.162692e-007,5.27045e-005
6.166692e-007,0.00711134
6.170692e-007,0.00240558
6.174692e-007,-0.00230017
6.178692e-007,0.00475846
6.182692e-007,-0.00230017
6.186692e-007,5.27045e-005
6.190692e-007,-0.00465305
6.194692e-007,0.00711134
6.198692e-007,-0.00465305
6.202692e-007,0.00946422
6.206692e-007,-0.00230017
6.210692e-007,-0.00230017
6.214692e-007,-0.00230017
6.218692e-007,-0.00230017
6.222692e-007,-0.00465305
6.226692e-007,0.01417
6.230692e-007,5.27045e-005
6.234692e-007,0.00711134
6.238692e-007,-0.00230017
6.242692e-007,0.00946422
6.246692e-007,-0.00230017
6.250692e-007,0.00946422
6.254692e-007,-0.0140646
6.258692e-007,0.00240558
6.262692e-007,5.27045e-005
6.266692e-007,0.00475846
6.270692e-007,-0.0140646
6.274692e-007,0.00240558
6.278692e-007,0.00240558
6.282692e-007,-0.00230017
6.286692e-007,-0.00230017
6.290692e-007,0.00946422
6.294692e-007,-0.00230017
6.298692e-007,0.00711134
6.302692e-007,0.00240558
6.306692e-007,-0.00465305
6.310692e-007,-0.00465305
6.314692e-007,0.00475846
6.318692e-007,-0.00465305
6.322692e-007,0.00475846
6.326692e-007,0.00240558
6.330692e-007,-0.00230017
6.334692e-007,-0.00465305
6.338692e-007,0.00475846
6.342692e-007,0.00946422
6.346692e-007,0.00946422
6.350692e-007,5.27045e-005
6.354692e-007,5.27045e-005
6.358692e-007,-0.00465305
6.362692e-007,0.00240558
6.366692e-007,0.00240558
6.370692e-007,0.00711134
6.374692e-007,-0.00465305
6.378692e-007,0.00711134
6.382692e-007,5.27045e-005
6.386692e-007,0.00475846
6.390692e-007,-0.00230017
6.394692e-007,0.00240558
6.398692e-007,0.00240558
6.402692e-007,0.0118171
6.406692e-007,-0.00230017
6.410692e-007,0.00240558
6.414692e-007,0.00711134
6.418692e-007,0.00240558
6.422692e-007,5.27045e-005
6.426692e-007,0.0118171
6.430692e-007,0.00240558
6.434692e-007,-0.00935881
6.438692e-007,-0.00230017
6.442692e-007,5.27045e-005
6.446692e-007,0.00711134
6.450692e-007,-0.00230017
6.454692e-007,-0.00230017
6.458692e-007,-0.00700593
6.462692e-007,0.00946422
6.466692e-007,0.00475846
6.470692e-007,0.0118171
6.474692e-007,0.00475846
6.478692e-007,-0.00465305
6.482692e-007,0.01417
6.486692e-007,0.00240558
6.490692e-007,0.01417
6.494692e-007,5.27045e-005
6.498692e-007,0.00475846
6.502692e-007,0.00475846
6.506692e-007,-0.00230017
6.510692e-007,-0.00230017
6.514692e-007,0.00240558
6.518692e-007,5.27045e-005
6.522692e-007,0.00946422
6.526692e-007,-0.00465305
6.530692e-007,-0.00465305
6.534692e-007,0.00240558
6.538692e-007,0.00475846
6.542692e-007,-0.00935881
6.546692e-007,0.00946422
6.550692e-007,-0.00230017
6.554692e-007,-0.00230017
6.558692e-007,0.00711134
6.562692e-007,-0.00935881
6.566692e-007,-0.00935881
6.570692e-007,0.00240558
6.574692e-007,-0.00230017
6.578692e-007,5.27045e-005
6.582692e-007,0.00240558
6.586692e-007,0.00946422
6.590692e-007,-0.00465305
6.594692e-007,0.00711134
6.598692e-007,-0.00700593
6.602692e-007,-0.00465305
6.606692e-007,-0.00230017
6.610692e-007,-0.00230017
6.614692e-007,-0.00230017
6.618692e-007,-0.00700593
6.622692e-007,-0.0117117
6.626692e-007,0.00946422
6.630692e-007,-0.00230017
6.634692e-007,-0.00230017
6.638692e-007,0.00475846
6.642692e-007,0.00240558
6.646692e-007,0.00240558
6.650692e-007,0.00240558
6.654692e-007,-0.00230017
6.658692e-007,-0.00465305
6.662692e-007,-0.00230017
6.666692e-007,5.27045e-005
6.670692e-007,-0.00230017
6.674692e-007,0.00240558
6.678692e-007,5.27045e-005
6.682692e-007,0.0118171
6.686692e-007,0.00240558
6.690692e-007,0.0118171
6.694692e-007,-0.00230017
6.698692e-007,-0.00230017
6.702692e-007,0.00240558
6.706692e-007,0.00711134
6.710692e-007,5.27045e-005
6.714692e-007,0.00946422
6.718692e-007,5.27045e-005
6.722692e-007,0.00475846
6.726692e-007,0.00711134
6.730692e-007,0.0165229
6.734692e-007,5.27045e-005
6.738692e-007,0.01417
6.742692e-007,-0.00465305
6.746692e-007,0.00240558
6.750692e-007,0.00475846
6.754692e-007,0.00946422
6.758692e-007,0.00475846
6.762692e-007,0.00240558
6.766692e-007,-0.00465305
6.770692e-007,0.00711134
6.774692e-007,5.27045e-005
6.778692e-007,0.0118171
6.782692e-007,-0.0117117
6.786692e-007,-0.00230017
6.790692e-007,-0.00465305
6.794692e-007,0.00475846
6.798692e-007,-0.00230017
6.802692e-007,0.00946422
6.806692e-007,-0.00465305
6.810692e-007,0.00711134
6.814692e-007,0.00946422
6.818692e-007,-0.00230017
6.822692e-007,-0.00465305
6.826692e-007,0.00946422
6.830692e-007,0.00711134
6.834692e-007,0.00240558
6.838692e-007,-0.00230017
6.842692e-007,-0.00230017
6.846692e-007,-0.00465305
6.850692e-007,0.00240558
6.854692e-007,0.00946422
6.858692e-007,0.00240558
6.862692e-007,-0.00465305
6.866692e-007,0.00475846
6.870692e-007,-0.0117117
6.874692e-007,0.00946422
6.878692e-007,0.00240558
6.882692e-007,0.00475846
6.886692e-007,0.00711134
6.890692e-007,0.01417
6.894692e-007,0.00946422
6.898692e-007,0.00475846
6.902692e-007,0.00475846
6.906692e-007,0.00240558
6.910692e-007,0.00240558
6.914692e-007,-0.00465305
6.918692e-007,0.00946422
6.922692e-007,5.27045e-005
6.926692e-007,-0.00700593
6.930692e-007,5.27045e-005
6.934692e-007,-0.00230017
6.938692e-007,0.0165229
6.942692e-007,0.00946422
6.946692e-007,5.27045e-005
6.950692e-007,0.00711134
6.954692e-007,0.01417
6.958692e-007,5.27045e-005
6.962692e-007,0.00711134
6.966692e-007,-0.00465305
6.970692e-007,5.27045e-005
6.974692e-007,5.27045e-005
6.978692e-007,0.00475846
6.982692e-007,5.27045e-005
6.986692e-007,0.00475846
6.990692e-007,-0.0187703
6.994692e-007,0.01417
6.998692e-007,0.00475846
7.002692e-007,0.00240558
7.006692e-007,0.00946422
7.010692e-007,0.00475846
7.014692e-007,0.00711134
7.018692e-007,-0.00465305
7.022692e-007,-0.00230017
7.026692e-007,0.00240558
7.030692e-007,0.0118171
7.034692e-007,5.27045e-005
7.038692e-007,-0.00465305
7.042692e-007,-0.00230017
7.046692e-007,-0.00465305
7.050692e-007,5.27045e-005
7.054692e-007,5.27045e-005
7.058692e-007,0.00711134
7.062692e-007,0.00475846
7.066692e-007,0.00240558
7.070692e-007,0.01417
7.074692e-007,-0.00230017
7.078692e-007,5.27045e-005
7.082692e-007,0.00240558
7.086692e-007,-0.0117117
7.090692e-007,0.00475846
7.094692e-007,0.00240558
7.098692e-007,5.27045e-005
7.102692e-007,5.27045e-005
7.106692e-007,-0.00230017
7.110692e-007,0.00475846
7.114692e-007,0.0118171
7.118692e-007,0.00711134
7.122692e-007,-0.00465305
7.126692e-007,-0.00465305
7.130692e-007,-0.00230017
7.134692e-007,0.00240558
7.138692e-007,5.27045e-005
7.142692e-007,-0.00230017
7.146692e-007,0.00475846
7.150692e-007,-0.00465305
7.154692e-007,5.27045e-005
7.158692e-007,-0.00465305
7.162692e-007,-0.00465305
7.166692e-007,-0.00230017
7.170692e-007,-0.00230017
7.174692e-007,-0.00230017
7.178692e-007,0.00475846
7.182692e-007,-0.00465305
7.186692e-007,0.00240558
7.190692e-007,-0.00230017
7.194692e-007,0.0118171
7.198692e-007,0.00240558
7.202692e-007,5.27045e-005
7.206692e-007,0.00711134
7.210692e-007,0.00475846
7.214692e-007,0.00240558
7.218692e-007,0.00711134
7.222692e-007,0.00240558
7.226692e-007,-0.00465305
7.230692e-007,5.27045e-005
7.234692e-007,-0.00465305
7.238692e-007,-0.00230017
7.242692e-007,0.00946422
7.246692e-007,-0.00465305
7.250692e-007,0.00946422
7.254692e-007,-0.00700593
7.258692e-007,0.00711134
7.262692e-007,0.00240558
7.266692e-007,0.00475846
7.270692e-007,0.00711134
7.274692e-007,0.00240558
7.278692e-007,-0.00230017
7.282692e-007,0.00711134
7.286692e-007,0.00711134
7.290692e-007,0.00475846
7.294692e-007,-0.0140646
7.298692e-007,-0.00230017
7.302692e-007,0.00240558
7.306692e-007,0.00240558
7.310692e-007,-0.00700593
7.314692e-007,0.0188757
7.318692e-007,0.00475846
7.322692e-007,0.00711134
7.326692e-007,0.00946422
7.330692e-007,0.00946422
7.334692e-007,-0.00935881
7.338692e-007,0.00240558
7.342692e-007,-0.00935881
7.346692e-007,0.00240558
7.350692e-007,5.27045e-005
7.354692e-007,-0.00700593
7.358692e-007,0.00475846
7.362692e-007,-0.00230017
7.366692e-007,0.00711134
7.370692e-007,0.0188757
7.374692e-007,-0.00465305
7.378692e-007,0.00240558
7.382692e-007,-0.0117117
7.386692e-007,-0.00465305
7.390692e-007,0.00240558
7.394692e-007,-0.00230017
7.398692e-007,-0.0117117
7.402692e-007,0.00711134
7.406692e-007,0.00946422
7.410692e-007,0.00475846
7.414692e-007,-0.00230017
7.418692e-007,0.00240558
7.422692e-007,0.00240558
7.426692e-007,-0.00465305
7.430692e-007,0.00946422
7.434692e-007,0.00475846
7.438692e-007,-0.00465305
7.442692e-007,0.00475846
7.446692e-007,0.00711134
7.450692e-007,0.0165229
7.454692e-007,0.00946422
7.458692e-007,-0.00465305
7.462692e-007,-0.00230017
7.466692e-007,0.00240558
7.470692e-007,0.0118171
7.474692e-007,0.00711134
7.478692e-007,0.00711134
7.482692e-007,0.00240558
7.486692e-007,0.00711134
7.490692e-007,0.00475846
7.494692e-007,0.00240558
7.498692e-007,0.00475846
7.502692e-007,-0.00935881
7.506692e-007,0.00475846
7.510692e-007,-0.00935881
7.514692e-007,0.00240558
7.518692e-007,0.00946422
7.522692e-007,0.00946422
7.526692e-007,-0.00230017
7.530692e-007,-0.00230017
7.534692e-007,-0.00935881
7.538692e-007,0.00240558
7.542692e-007,5.27045e-005
7.546692e-007,0.00946422
7.550692e-007,0.00240558
7.554692e-007,-0.00230017
7.558692e-007,0.00240558
7.562692e-007,0.00475846
7.566692e-007,-0.00935881
7.570692e-007,0.01417
7.574692e-007,0.00946422
7.578692e-007,-0.00465305
7.582692e-007,0.00711134
7.586692e-007,-0.00230017
7.590692e-007,0.00475846
7.594692e-007,0.00475846
7.598692e-007,-0.00465305
7.602692e-007,5.27045e-005
7.606692e-007,5.27045e-005
7.610692e-007,-0.00230017
7.614692e-007,5.27045e-005
7.618692e-007,0.00240558
7.622692e-007,0.00475846
7.626692e-007,0.00946422
7.630692e-007,-0.00465305
7.634692e-007,0.00240558
7.638692e-007,-0.00230017
7.642692e-007,0.00946422
7.646692e-007,0.00946422
7.650692e-007,0.00240558
7.654692e-007,5.27045e-005
7.658692e-007,0.00475846
7.662692e-007,0.00240558
7.666692e-007,0.00475846
7.670692e-007,5.27045e-005
7.674692e-007,-0.00230017
7.678692e-007,-0.00465305
7.682692e-007,-0.00700593
7.686692e-007,0.00475846
7.690692e-007,0.00946422
7.694692e-007,-0.00465305
7.698692e-007,-0.00230017
7.702692e-007,5.27045e-005
7.706692e-007,0.0118171
7.710692e-007,0.00240558
7.714692e-007,0.00711134
7.718692e-007,-0.00230017
7.722692e-007,-0.00700593
7.726692e-007,5.27045e-005
7.730692e-007,0.00240558
7.734692e-007,0.00946422
7.738692e-007,0.00711134
7.742692e-007,0.0118171
7.746692e-007,-0.00230017
7.750692e-007,0.00240558
7.754692e-007,5.27045e-005
7.758692e-007,0.00240558
7.762692e-007,0.00475846
7.766692e-007,-0.00700593
7.770692e-007,0.01417
7.774692e-007,0.00475846
7.778692e-007,0.00946422
7.782692e-007,0.00475846
7.786692e-007,0.00240558
7.790692e-007,-0.0117117
7.794692e-007,0.00711134
7.798692e-007,5.27045e-005
7.802692e-007,0.0118171
7.806692e-007,5.27045e-005
7.810692e-007,5.27045e-005
7.814692e-007,0.00240558
7.818692e-007,0.00475846
7.822692e-007,5.27045e-005
7.826692e-007,0.00946422
7.830692e-007,0.00240558
7.834692e-007,0.00240558
7.838692e-007,0.00946422
7.842692e-007,-0.00230017
7.846692e-007,0.00475846
7.850692e-007,0.00475846
7.854692e-007,-0.00465305
7.858692e-007,-0.00700593
7.862692e-007,-0.00465305
7.866692e-007,5.27045e-005
7.870692e-007,-0.0140646
7.874692e-007,0.00240558
7.878692e-007,0.00240558
7.882692e-007,-0.00230017
7.886692e-007,-0.00465305
7.890692e-007,-0.00465305
7.894692e-007,-0.00465305
7.898692e-007,-0.00935881
7.902692e-007,0.00240558
7.906692e-007,0.0118171
7.910692e-007,-0.00230017
7.914692e-007,0.00711134
7.918692e-007,5.27045e-005
7.922692e-007,0.00475846
7.926692e-007,-0.00230017
7.930692e-007,0.00240558
7.934692e-007,0.00475846
7.938692e-007,-0.00465305
7.942692e-007,5.27045e-005
7.946692e-007,0.00475846
7.950692e-007,-0.00230017
7.954692e-007,0.00711134
7.958692e-007,0.00240558
7.962692e-007,0.0118171
7.966692e-007,0.0118171
7.970692e-007,5.27045e-005
7.974692e-007,-0.00230017
7.978692e-007,5.27045e-005
7.982692e-007,5.27045e-005
7.986692e-007,-0.00465305
7.990692e-007,0.00240558
7.994692e-007,0.00946422
7.998692e-007,5.27045e-005
8.002692e-007,0.00475846
