LECROYWS4104HD,18971,Waveform
Segments,1,SegmentSize,2502
Segment,TrigTime,TimeSinceSegment1
#1,14-Jan-2025 18:32:45,0                 
Time,Ampl
-2.001308e-007,-0.00230017
-1.997308e-007,-0.00230017
-1.993308e-007,0.00946422
-1.989308e-007,0.00711134
-1.985308e-007,0.0118171
-1.981308e-007,5.27045e-005
-1.977308e-007,-0.00465305
-1.973308e-007,0.00475846
-1.969308e-007,0.00240558
-1.965308e-007,5.27045e-005
-1.961308e-007,0.00475846
-1.957308e-007,0.0118171
-1.953308e-007,0.01417
-1.949308e-007,0.00711134
-1.945308e-007,-0.00465305
-1.941308e-007,0.00946422
-1.937308e-007,0.00946422
-1.933308e-007,-0.00700593
-1.929308e-007,0.00240558
-1.925308e-007,5.27045e-005
-1.921308e-007,5.27045e-005
-1.917308e-007,0.0118171
-1.913308e-007,-0.00230017
-1.909308e-007,0.00946422
-1.905308e-007,0.00711134
-1.901308e-007,-0.00465305
-1.897308e-007,0.00475846
-1.893308e-007,-0.00465305
-1.889308e-007,0.00240558
-1.885308e-007,0.00946422
-1.881308e-007,0.00946422
-1.877308e-007,0.00240558
-1.873308e-007,0.00475846
-1.869308e-007,5.27045e-005
-1.865308e-007,5.27045e-005
-1.861308e-007,5.27045e-005
-1.857308e-007,5.27045e-005
-1.853308e-007,-0.00700593
-1.849308e-007,-0.00465305
-1.845308e-007,0.00475846
-1.841308e-007,0.00946422
-1.837308e-007,-0.00465305
-1.833308e-007,0.00240558
-1.829308e-007,0.00946422
-1.825308e-007,0.0165229
-1.821308e-007,0.00475846
-1.817308e-007,0.00240558
-1.813308e-007,5.27045e-005
-1.809308e-007,0.00240558
-1.805308e-007,5.27045e-005
-1.801308e-007,0.00711134
-1.797308e-007,0.00240558
-1.793308e-007,0.00946422
-1.789308e-007,0.00711134
-1.785308e-007,0.00240558
-1.781308e-007,0.00240558
-1.777308e-007,0.00475846
-1.773308e-007,-0.00935881
-1.769308e-007,0.01417
-1.765308e-007,0.00240558
-1.761308e-007,0.00711134
-1.757308e-007,0.00240558
-1.753308e-007,-0.00465305
-1.749308e-007,0.00711134
-1.745308e-007,5.27045e-005
-1.741308e-007,0.00240558
-1.737308e-007,0.00946422
-1.733308e-007,-0.00230017
-1.729308e-007,0.0165229
-1.725308e-007,0.00240558
-1.721308e-007,5.27045e-005
-1.717308e-007,0.00240558
-1.713308e-007,0.00711134
-1.709308e-007,5.27045e-005
-1.705308e-007,0.00946422
-1.701308e-007,5.27045e-005
-1.697308e-007,0.0118171
-1.693308e-007,0.01417
-1.689308e-007,-0.00700593
-1.685308e-007,5.27045e-005
-1.681308e-007,0.00711134
-1.677308e-007,-0.00935881
-1.673308e-007,5.27045e-005
-1.669308e-007,0.00711134
-1.665308e-007,0.00946422
-1.661308e-007,5.27045e-005
-1.657308e-007,0.00240558
-1.653308e-007,0.00475846
-1.649308e-007,0.00475846
-1.645308e-007,5.27045e-005
-1.641308e-007,-0.00230017
-1.637308e-007,-0.00935881
-1.633308e-007,5.27045e-005
-1.629308e-007,0.0118171
-1.625308e-007,0.00711134
-1.621308e-007,5.27045e-005
-1.617308e-007,0.00711134
-1.613308e-007,5.27045e-005
-1.609308e-007,0.00240558
-1.605308e-007,-0.00230017
-1.601308e-007,0.00240558
-1.597308e-007,-0.00465305
-1.593308e-007,0.00711134
-1.589308e-007,0.00946422
-1.585308e-007,0.00946422
-1.581308e-007,0.00711134
-1.577308e-007,0.00475846
-1.573308e-007,0.00240558
-1.569308e-007,0.00711134
-1.565308e-007,0.00240558
-1.561308e-007,0.00475846
-1.557308e-007,0.00240558
-1.553308e-007,5.27045e-005
-1.549308e-007,5.27045e-005
-1.545308e-007,0.00475846
-1.541308e-007,0.00240558
-1.537308e-007,-0.00465305
-1.533308e-007,0.00711134
-1.529308e-007,0.00946422
-1.525308e-007,0.00240558
-1.521308e-007,0.00475846
-1.517308e-007,-0.00700593
-1.513308e-007,0.00711134
-1.509308e-007,5.27045e-005
-1.505308e-007,0.00711134
-1.501308e-007,0.00240558
-1.497308e-007,0.00946422
-1.493308e-007,0.00475846
-1.489308e-007,0.00240558
-1.485308e-007,0.00475846
-1.481308e-007,0.00946422
-1.477308e-007,0.0118171
-1.473308e-007,5.27045e-005
-1.469308e-007,-0.00465305
-1.465308e-007,0.00475846
-1.461308e-007,5.27045e-005
-1.457308e-007,0.00946422
-1.453308e-007,0.00475846
-1.449308e-007,0.00475846
-1.445308e-007,5.27045e-005
-1.441308e-007,-0.00700593
-1.437308e-007,0.00240558
-1.433308e-007,-0.00935881
-1.429308e-007,5.27045e-005
-1.425308e-007,0.00711134
-1.421308e-007,0.00240558
-1.417308e-007,0.00711134
-1.413308e-007,-0.00230017
-1.409308e-007,0.00711134
-1.405308e-007,5.27045e-005
-1.401308e-007,0.00475846
-1.397308e-007,0.00475846
-1.393308e-007,0.0165229
-1.389308e-007,5.27045e-005
-1.385308e-007,0.00711134
-1.381308e-007,-0.00935881
-1.377308e-007,0.0118171
-1.373308e-007,0.00946422
-1.369308e-007,0.00240558
-1.365308e-007,5.27045e-005
-1.361308e-007,0.00711134
-1.357308e-007,5.27045e-005
-1.353308e-007,0.00475846
-1.349308e-007,-0.00230017
-1.345308e-007,5.27045e-005
-1.341308e-007,0.00240558
-1.337308e-007,0.00240558
-1.333308e-007,0.00711134
-1.329308e-007,0.00946422
-1.325308e-007,-0.00230017
-1.321308e-007,-0.00700593
-1.317308e-007,0.00240558
-1.313308e-007,0.0118171
-1.309308e-007,0.0165229
-1.305308e-007,5.27045e-005
-1.301308e-007,0.00711134
-1.297308e-007,5.27045e-005
-1.293308e-007,0.00240558
-1.289308e-007,0.00475846
-1.285308e-007,0.00240558
-1.281308e-007,0.00946422
-1.277308e-007,0.0165229
-1.273308e-007,-0.00700593
-1.269308e-007,-0.00230017
-1.265308e-007,0.00946422
-1.261308e-007,-0.00700593
-1.257308e-007,0.01417
-1.253308e-007,0.00475846
-1.249308e-007,0.00946422
-1.245308e-007,0.00946422
-1.241308e-007,-0.00465305
-1.237308e-007,-0.00230017
-1.233308e-007,-0.00230017
-1.229308e-007,-0.00935881
-1.225308e-007,0.00240558
-1.221308e-007,0.00946422
-1.217308e-007,0.00475846
-1.213308e-007,-0.00465305
-1.209308e-007,-0.00230017
-1.205308e-007,-0.00700593
-1.201308e-007,0.00475846
-1.197308e-007,5.27045e-005
-1.193308e-007,-0.00700593
-1.189308e-007,0.00946422
-1.185308e-007,-0.00230017
-1.181308e-007,5.27045e-005
-1.177308e-007,0.00475846
-1.173308e-007,0.00475846
-1.169308e-007,-0.00465305
-1.165308e-007,-0.00230017
-1.161308e-007,0.00240558
-1.157308e-007,0.00240558
-1.153308e-007,-0.00230017
-1.149308e-007,-0.0117117
-1.145308e-007,-0.00465305
-1.141308e-007,0.0118171
-1.137308e-007,0.00711134
-1.133308e-007,0.00240558
-1.129308e-007,0.00240558
-1.125308e-007,-0.00935881
-1.121308e-007,0.0165229
-1.117308e-007,0.01417
-1.113308e-007,0.00711134
-1.109308e-007,0.00240558
-1.105308e-007,0.00475846
-1.101308e-007,-0.00935881
-1.097308e-007,0.00240558
-1.093308e-007,0.00240558
-1.089308e-007,-0.00935881
-1.085308e-007,0.00240558
-1.081308e-007,0.00711134
-1.077308e-007,0.00946422
-1.073308e-007,0.00240558
-1.069308e-007,-0.00230017
-1.065308e-007,0.00475846
-1.061308e-007,0.00711134
-1.057308e-007,0.0118171
-1.053308e-007,0.00240558
-1.049308e-007,0.00711134
-1.045308e-007,-0.00230017
-1.041308e-007,0.01417
-1.037308e-007,0.00711134
-1.033308e-007,0.00711134
-1.029308e-007,-0.00465305
-1.025308e-007,0.00711134
-1.021308e-007,5.27045e-005
-1.017308e-007,0.00475846
-1.013308e-007,0.00475846
-1.009308e-007,0.00946422
-1.005308e-007,-0.00935881
-1.001308e-007,0.00946422
-9.97308e-008,-0.00465305
-9.93308e-008,0.00711134
-9.89308e-008,0.00711134
-9.85308e-008,0.00946422
-9.81308e-008,0.0118171
-9.77308e-008,0.00240558
-9.73308e-008,0.00240558
-9.69308e-008,0.00946422
-9.65308e-008,0.00475846
-9.61308e-008,0.0118171
-9.57308e-008,5.27045e-005
-9.53308e-008,5.27045e-005
-9.49308e-008,0.00240558
-9.45308e-008,0.00946422
-9.41308e-008,-0.00700593
-9.37308e-008,-0.00465305
-9.33308e-008,-0.00700593
-9.29308e-008,0.00711134
-9.25308e-008,0.0118171
-9.21308e-008,5.27045e-005
-9.17308e-008,0.00711134
-9.13308e-008,0.0118171
-9.09308e-008,0.00240558
-9.05308e-008,0.00240558
-9.01308e-008,-0.00465305
-8.97308e-008,-0.00230017
-8.93308e-008,-0.00465305
-8.89308e-008,-0.00230017
-8.85308e-008,0.00946422
-8.81308e-008,0.00475846
-8.77308e-008,5.27045e-005
-8.73308e-008,0.00240558
-8.69308e-008,-0.00230017
-8.65308e-008,0.0118171
-8.61308e-008,0.0165229
-8.57308e-008,0.00946422
-8.53308e-008,-0.00465305
-8.49308e-008,5.27045e-005
-8.45308e-008,0.00475846
-8.41308e-008,0.00240558
-8.37308e-008,-0.00230017
-8.33308e-008,0.00240558
-8.29308e-008,-0.00465305
-8.25308e-008,-0.00465305
-8.21308e-008,5.27045e-005
-8.17308e-008,0.00475846
-8.13308e-008,5.27045e-005
-8.09308e-008,5.27045e-005
-8.05308e-008,0.00711134
-8.01308e-008,0.0118171
-7.97308e-008,0.00240558
-7.93308e-008,0.00475846
-7.89308e-008,0.00475846
-7.85308e-008,5.27045e-005
-7.81308e-008,0.0118171
-7.77308e-008,-0.00230017
-7.73308e-008,0.00240558
-7.69308e-008,0.00711134
-7.65308e-008,5.27045e-005
-7.61308e-008,0.00475846
-7.57308e-008,0.00475846
-7.53308e-008,0.00946422
-7.49308e-008,-0.00465305
-7.45308e-008,0.0118171
-7.41308e-008,5.27045e-005
-7.37308e-008,0.00711134
-7.33308e-008,5.27045e-005
-7.29308e-008,0.00946422
-7.25308e-008,0.00475846
-7.21308e-008,0.00240558
-7.17308e-008,-0.00935881
-7.13308e-008,0.00240558
-7.09308e-008,0.00711134
-7.05308e-008,0.00240558
-7.01308e-008,-0.00465305
-6.97308e-008,5.27045e-005
-6.93308e-008,-0.00465305
-6.89308e-008,0.00946422
-6.85308e-008,5.27045e-005
-6.81308e-008,0.00946422
-6.77308e-008,0.00475846
-6.73308e-008,-0.00465305
-6.69308e-008,0.00711134
-6.65308e-008,-0.00230017
-6.61308e-008,0.00475846
-6.57308e-008,-0.00230017
-6.53308e-008,-0.00700593
-6.49308e-008,0.00475846
-6.45308e-008,5.27045e-005
-6.41308e-008,0.00711134
-6.37308e-008,0.00946422
-6.33308e-008,-0.00465305
-6.29308e-008,0.00475846
-6.25308e-008,5.27045e-005
-6.21308e-008,0.00711134
-6.17308e-008,0.00711134
-6.13308e-008,0.00475846
-6.09308e-008,0.00475846
-6.05308e-008,0.01417
-6.01308e-008,0.00711134
-5.97308e-008,0.00240558
-5.93308e-008,0.00475846
-5.89308e-008,0.00240558
-5.85308e-008,0.00475846
-5.81308e-008,-0.00230017
-5.77308e-008,0.00240558
-5.73308e-008,0.00240558
-5.69308e-008,-0.00700593
-5.65308e-008,0.00711134
-5.61308e-008,0.00240558
-5.57308e-008,-0.00700593
-5.53308e-008,0.00475846
-5.49308e-008,0.00240558
-5.45308e-008,0.0118171
-5.41308e-008,0.00711134
-5.37308e-008,-0.00700593
-5.33308e-008,5.27045e-005
-5.29308e-008,0.00475846
-5.25308e-008,0.00711134
-5.21308e-008,0.00711134
-5.17308e-008,-0.00230017
-5.13308e-008,5.27045e-005
-5.09308e-008,5.27045e-005
-5.05308e-008,-0.00700593
-5.01308e-008,5.27045e-005
-4.97308e-008,0.00946422
-4.93308e-008,-0.00465305
-4.89308e-008,0.0118171
-4.85308e-008,-0.00465305
-4.81308e-008,0.00946422
-4.77308e-008,0.00475846
-4.73308e-008,0.00475846
-4.69308e-008,0.00475846
-4.65308e-008,5.27045e-005
-4.61308e-008,0.00475846
-4.57308e-008,0.00475846
-4.53308e-008,5.27045e-005
-4.49308e-008,0.0118171
-4.45308e-008,5.27045e-005
-4.41308e-008,0.00240558
-4.37308e-008,0.00475846
-4.33308e-008,0.00946422
-4.29308e-008,5.27045e-005
-4.25308e-008,0.00475846
-4.21308e-008,0.00711134
-4.17308e-008,-0.00230017
-4.13308e-008,0.00711134
-4.09308e-008,-0.00230017
-4.05308e-008,-0.0117117
-4.01308e-008,5.27045e-005
-3.97308e-008,-0.00465305
-3.93308e-008,0.00475846
-3.89308e-008,-0.00465305
-3.85308e-008,5.27045e-005
-3.81308e-008,0.00711134
-3.77308e-008,-0.00465305
-3.73308e-008,-0.00230017
-3.69308e-008,0.0118171
-3.65308e-008,0.00711134
-3.61308e-008,0.00240558
-3.57308e-008,0.00475846
-3.53308e-008,0.00946422
-3.49308e-008,0.00946422
-3.45308e-008,0.00240558
-3.41308e-008,-0.00230017
-3.37308e-008,0.00946422
-3.33308e-008,0.00240558
-3.29308e-008,5.27045e-005
-3.25308e-008,-0.00230017
-3.21308e-008,0.00240558
-3.17308e-008,-0.00465305
-3.13308e-008,-0.00700593
-3.09308e-008,5.27045e-005
-3.05308e-008,0.00946422
-3.01308e-008,-0.00700593
-2.97308e-008,0.00475846
-2.93308e-008,0.00946422
-2.89308e-008,-0.00230017
-2.85308e-008,0.00240558
-2.81308e-008,0.0118171
-2.77308e-008,-0.00230017
-2.73308e-008,0.00240558
-2.69308e-008,5.27045e-005
-2.65308e-008,-0.00465305
-2.61308e-008,-0.0117117
-2.57308e-008,0.00711134
-2.53308e-008,0.0118171
-2.49308e-008,0.00475846
-2.45308e-008,-0.00230017
-2.41308e-008,0.00475846
-2.37308e-008,-0.00465305
-2.33308e-008,0.01417
-2.29308e-008,-0.00465305
-2.25308e-008,0.00946422
-2.21308e-008,-0.00230017
-2.17308e-008,0.00240558
-2.13308e-008,0.00475846
-2.09308e-008,0.00946422
-2.05308e-008,-0.00230017
-2.01308e-008,-0.00230017
-1.97308e-008,-0.00230017
-1.93308e-008,0.00475846
-1.89308e-008,-0.00465305
-1.85308e-008,5.27045e-005
-1.81308e-008,-0.00465305
-1.77308e-008,0.00475846
-1.73308e-008,5.27045e-005
-1.69308e-008,0.01417
-1.65308e-008,5.27045e-005
-1.61308e-008,0.00240558
-1.57308e-008,0.01417
-1.53308e-008,0.00475846
-1.49308e-008,-0.00230017
-1.45308e-008,0.0118171
-1.41308e-008,-0.00465305
-1.37308e-008,0.00475846
-1.33308e-008,-0.00700593
-1.29308e-008,5.27045e-005
-1.25308e-008,-0.00465305
-1.21308e-008,-0.00230017
-1.17308e-008,0.0118171
-1.13308e-008,0.0165229
-1.09308e-008,-0.00465305
-1.05308e-008,5.27045e-005
-1.01308e-008,-0.00465305
-9.7308e-009,0.00946422
-9.3308e-009,0.00240558
-8.9308e-009,0.00240558
-8.5308e-009,-0.00230017
-8.1308e-009,0.00475846
-7.7308e-009,5.27045e-005
-7.3308e-009,0.00475846
-6.9308e-009,0.00240558
-6.5308e-009,5.27045e-005
-6.1308e-009,0.00240558
-5.7308e-009,-0.00230017
-5.3308e-009,0.00240558
-4.9308e-009,5.27045e-005
-4.5308e-009,-0.00465305
-4.1308e-009,0.00475846
-3.7308e-009,0.00711134
-3.3308e-009,0.00240558
-2.9308e-009,0.00240558
-2.5308e-009,5.27045e-005
-2.1308e-009,0.00240558
-1.7308e-009,0.00240558
-1.3308e-009,-0.00465305
-9.308e-010,0.00711134
-5.308e-010,0.00240558
-1.308e-010,0.00711134
2.692e-010,0.0165229
6.692e-010,0.00240558
1.0692e-009,0.00946422
1.4692e-009,5.27045e-005
1.8692e-009,-0.00465305
2.2692e-009,0.0118171
2.6692e-009,-0.00465305
3.0692e-009,0.0118171
3.4692e-009,0.00475846
3.8692e-009,0.00946422
4.2692e-009,0.00475846
4.6692e-009,0.00711134
5.0692e-009,-0.00230017
5.4692e-009,0.00240558
5.8692e-009,-0.00230017
6.2692e-009,0.01417
6.6692e-009,0.00711134
7.0692e-009,0.00240558
7.4692e-009,-0.00465305
7.8692e-009,0.00711134
8.2692e-009,-0.00230017
8.6692e-009,0.00475846
9.0692e-009,5.27045e-005
9.4692e-009,0.00711134
9.8692e-009,5.27045e-005
1.02692e-008,5.27045e-005
1.06692e-008,5.27045e-005
1.10692e-008,5.27045e-005
1.14692e-008,-0.00230017
1.18692e-008,0.00711134
1.22692e-008,-0.00700593
1.26692e-008,0.00711134
1.30692e-008,0.00711134
1.34692e-008,0.00240558
1.38692e-008,0.00475846
1.42692e-008,0.00946422
1.46692e-008,5.27045e-005
1.50692e-008,0.00240558
1.54692e-008,-0.00230017
1.58692e-008,0.00240558
1.62692e-008,0.01417
1.66692e-008,0.00240558
1.70692e-008,0.00946422
1.74692e-008,0.00711134
1.78692e-008,5.27045e-005
1.82692e-008,0.0118171
1.86692e-008,-0.00700593
1.90692e-008,0.00240558
1.94692e-008,-0.00465305
1.98692e-008,-0.00465305
2.02692e-008,5.27045e-005
2.06692e-008,0.00946422
2.10692e-008,-0.00465305
2.14692e-008,0.00240558
2.18692e-008,0.00946422
2.22692e-008,0.0188757
2.26692e-008,0.00946422
2.30692e-008,0.00475846
2.34692e-008,5.27045e-005
2.38692e-008,5.27045e-005
2.42692e-008,5.27045e-005
2.46692e-008,5.27045e-005
2.50692e-008,0.00240558
2.54692e-008,0.0118171
2.58692e-008,0.00475846
2.62692e-008,-0.00230017
2.66692e-008,0.00711134
2.70692e-008,0.00946422
2.74692e-008,-0.00465305
2.78692e-008,0.01417
2.82692e-008,-0.00465305
2.86692e-008,0.01417
2.90692e-008,-0.00230017
2.94692e-008,-0.00230017
2.98692e-008,0.00240558
3.02692e-008,0.00240558
3.06692e-008,0.00240558
3.10692e-008,-0.00230017
3.14692e-008,0.00475846
3.18692e-008,0.00240558
3.22692e-008,-0.00935881
3.26692e-008,-0.00230017
3.30692e-008,0.00711134
3.34692e-008,-0.00230017
3.38692e-008,5.27045e-005
3.42692e-008,0.00475846
3.46692e-008,0.00946422
3.50692e-008,0.00946422
3.54692e-008,0.00240558
3.58692e-008,-0.00935881
3.62692e-008,0.00475846
3.66692e-008,0.00711134
3.70692e-008,-0.00935881
3.74692e-008,-0.00465305
3.78692e-008,-0.00700593
3.82692e-008,5.27045e-005
3.86692e-008,-0.00700593
3.90692e-008,-0.00230017
3.94692e-008,0.00711134
3.98692e-008,0.00946422
4.02692e-008,0.00240558
4.06692e-008,0.00240558
4.10692e-008,-0.00230017
4.14692e-008,0.00711134
4.18692e-008,0.00946422
4.22692e-008,0.00711134
4.26692e-008,-0.00700593
4.30692e-008,0.00946422
4.34692e-008,5.27045e-005
4.38692e-008,0.0118171
4.42692e-008,0.00240558
4.46692e-008,5.27045e-005
4.50692e-008,0.00240558
4.54692e-008,-0.00465305
4.58692e-008,0.00240558
4.62692e-008,0.00475846
4.66692e-008,5.27045e-005
4.70692e-008,0.00475846
4.74692e-008,0.00711134
4.78692e-008,0.00711134
4.82692e-008,0.00240558
4.86692e-008,-0.00700593
4.90692e-008,-0.00230017
4.94692e-008,0.00240558
4.98692e-008,5.27045e-005
5.02692e-008,0.00946422
5.06692e-008,0.00946422
5.10692e-008,0.00240558
5.14692e-008,0.00475846
5.18692e-008,-0.00230017
5.22692e-008,0.00240558
5.26692e-008,0.00946422
5.30692e-008,-0.00465305
5.34692e-008,0.01417
5.38692e-008,5.27045e-005
5.42692e-008,0.00711134
5.46692e-008,0.00240558
5.50692e-008,0.00946422
5.54692e-008,0.0118171
5.58692e-008,5.27045e-005
5.62692e-008,-0.00935881
5.66692e-008,0.00240558
5.70692e-008,0.00475846
5.74692e-008,0.00475846
5.78692e-008,-0.00465305
5.82692e-008,-0.00230017
5.86692e-008,0.00475846
5.90692e-008,0.00240558
5.94692e-008,5.27045e-005
5.98692e-008,0.00475846
6.02692e-008,-0.00935881
6.06692e-008,-0.00465305
6.10692e-008,5.27045e-005
6.14692e-008,-0.00230017
6.18692e-008,0.00475846
6.22692e-008,0.00711134
6.26692e-008,-0.00465305
6.30692e-008,-0.00230017
6.34692e-008,5.27045e-005
6.38692e-008,-0.00230017
6.42692e-008,-0.00465305
6.46692e-008,-0.00230017
6.50692e-008,0.00946422
6.54692e-008,0.00711134
6.58692e-008,0.00711134
6.62692e-008,5.27045e-005
6.66692e-008,-0.00230017
6.70692e-008,0.0118171
6.74692e-008,0.00946422
6.78692e-008,0.00711134
6.82692e-008,-0.00230017
6.86692e-008,0.00711134
6.90692e-008,0.00240558
6.94692e-008,5.27045e-005
6.98692e-008,-0.00465305
7.02692e-008,-0.00465305
7.06692e-008,0.00946422
7.10692e-008,5.27045e-005
7.14692e-008,0.00946422
7.18692e-008,0.00946422
7.22692e-008,-0.00230017
7.26692e-008,0.00475846
7.30692e-008,0.00711134
7.34692e-008,0.00711134
7.38692e-008,0.00946422
7.42692e-008,0.00240558
7.46692e-008,-0.00230017
7.50692e-008,-0.00230017
7.54692e-008,0.00711134
7.58692e-008,0.00711134
7.62692e-008,0.00240558
7.66692e-008,0.00711134
7.70692e-008,5.27045e-005
7.74692e-008,-0.00230017
7.78692e-008,5.27045e-005
7.82692e-008,0.00475846
7.86692e-008,-0.00465305
7.90692e-008,0.00946422
7.94692e-008,-0.00465305
7.98692e-008,0.00240558
8.02692e-008,0.00711134
8.06692e-008,0.00946422
8.10692e-008,0.0118171
8.14692e-008,0.00240558
8.18692e-008,-0.00465305
8.22692e-008,5.27045e-005
8.26692e-008,0.00475846
8.30692e-008,0.00475846
8.34692e-008,-0.00465305
8.38692e-008,5.27045e-005
8.42692e-008,0.00475846
8.46692e-008,0.00240558
8.50692e-008,-0.00230017
8.54692e-008,0.00946422
8.58692e-008,0.00475846
8.62692e-008,0.00946422
8.66692e-008,0.0188757
8.70692e-008,-0.00230017
8.74692e-008,5.27045e-005
8.78692e-008,0.00240558
8.82692e-008,-0.00230017
8.86692e-008,0.00711134
8.90692e-008,0.00475846
8.94692e-008,5.27045e-005
8.98692e-008,5.27045e-005
9.02692e-008,0.00240558
9.06692e-008,0.00240558
9.10692e-008,0.00946422
9.14692e-008,-0.00230017
9.18692e-008,0.00240558
9.22692e-008,-0.00230017
9.26692e-008,5.27045e-005
9.30692e-008,0.00946422
9.34692e-008,0.00475846
9.38692e-008,0.00240558
9.42692e-008,0.00711134
9.46692e-008,0.00240558
9.50692e-008,0.00475846
9.54692e-008,-0.00230017
9.58692e-008,0.00240558
9.62692e-008,-0.00465305
9.66692e-008,-0.00230017
9.70692e-008,5.27045e-005
9.74692e-008,0.00240558
9.78692e-008,-0.00465305
9.82692e-008,-0.00230017
9.86692e-008,0.00711134
9.90692e-008,0.0118171
9.94692e-008,0.0165229
9.98692e-008,0.00240558
1.002692e-007,-0.00230017
1.006692e-007,0.00475846
1.010692e-007,5.27045e-005
1.014692e-007,0.00475846
1.018692e-007,0.00240558
1.022692e-007,0.00711134
1.026692e-007,5.27045e-005
1.030692e-007,-0.00230017
1.034692e-007,0.00475846
1.038692e-007,5.27045e-005
1.042692e-007,-0.00935881
1.046692e-007,0.00475846
1.050692e-007,-0.00465305
1.054692e-007,0.01417
1.058692e-007,0.00240558
1.062692e-007,-0.00230017
1.066692e-007,-0.00230017
1.070692e-007,0.00240558
1.074692e-007,-0.00935881
1.078692e-007,0.00475846
1.082692e-007,5.27045e-005
1.086692e-007,0.00946422
1.090692e-007,-0.00465305
1.094692e-007,5.27045e-005
1.098692e-007,0.00475846
1.102692e-007,0.00946422
1.106692e-007,-0.00935881
1.110692e-007,0.00475846
1.114692e-007,0.00475846
1.118692e-007,-0.00230017
1.122692e-007,0.00240558
1.126692e-007,-0.00230017
1.130692e-007,0.00711134
1.134692e-007,0.0118171
1.138692e-007,-0.00465305
1.142692e-007,-0.00465305
1.146692e-007,0.00475846
1.150692e-007,-0.00935881
1.154692e-007,0.00946422
1.158692e-007,-0.00230017
1.162692e-007,0.00475846
1.166692e-007,0.00946422
1.170692e-007,5.27045e-005
1.174692e-007,-0.0117117
1.178692e-007,-0.00465305
1.182692e-007,0.00711134
1.186692e-007,0.00240558
1.190692e-007,0.00946422
1.194692e-007,0.00240558
1.198692e-007,0.00711134
1.202692e-007,0.00475846
1.206692e-007,0.00240558
1.210692e-007,0.00475846
1.214692e-007,-0.0117117
1.218692e-007,0.00240558
1.222692e-007,-0.00465305
1.226692e-007,0.00946422
1.230692e-007,0.00475846
1.234692e-007,-0.00700593
1.238692e-007,0.00475846
1.242692e-007,0.00946422
1.246692e-007,0.0165229
1.250692e-007,0.00946422
1.254692e-007,0.00240558
1.258692e-007,-0.00230017
1.262692e-007,5.27045e-005
1.266692e-007,-0.00465305
1.270692e-007,0.00240558
1.274692e-007,-0.00700593
1.278692e-007,0.00711134
1.282692e-007,0.0118171
1.286692e-007,0.00475846
1.290692e-007,0.00240558
1.294692e-007,0.00475846
1.298692e-007,-0.00465305
1.302692e-007,0.00475846
1.306692e-007,-0.00935881
1.310692e-007,0.00946422
1.314692e-007,-0.00465305
1.318692e-007,0.00475846
1.322692e-007,0.0118171
1.326692e-007,-0.00700593
1.330692e-007,-0.00230017
1.334692e-007,0.00240558
1.338692e-007,5.27045e-005
1.342692e-007,0.00711134
1.346692e-007,5.27045e-005
1.350692e-007,5.27045e-005
1.354692e-007,-0.00465305
1.358692e-007,0.00475846
1.362692e-007,-0.00230017
1.366692e-007,0.00946422
1.370692e-007,5.27045e-005
1.374692e-007,-0.00230017
1.378692e-007,0.00711134
1.382692e-007,-0.00465305
1.386692e-007,0.00946422
1.390692e-007,0.00475846
1.394692e-007,0.00946422
1.398692e-007,0.00240558
1.402692e-007,0.00711134
1.406692e-007,0.00240558
1.410692e-007,-0.00935881
1.414692e-007,-0.00465305
1.418692e-007,0.00475846
1.422692e-007,0.00946422
1.426692e-007,5.27045e-005
1.430692e-007,0.00475846
1.434692e-007,-0.00230017
1.438692e-007,0.00475846
1.442692e-007,0.00240558
1.446692e-007,-0.00465305
1.450692e-007,5.27045e-005
1.454692e-007,0.00475846
1.458692e-007,0.00475846
1.462692e-007,-0.00230017
1.466692e-007,-0.00230017
1.470692e-007,5.27045e-005
1.474692e-007,-0.00230017
1.478692e-007,-0.00465305
1.482692e-007,0.00475846
1.486692e-007,0.00475846
1.490692e-007,0.00711134
1.494692e-007,5.27045e-005
1.498692e-007,0.00711134
1.502692e-007,0.00711134
1.506692e-007,0.00240558
1.510692e-007,0.00240558
1.514692e-007,0.00475846
1.518692e-007,0.01417
1.522692e-007,0.00711134
1.526692e-007,0.00946422
1.530692e-007,0.00240558
1.534692e-007,0.00946422
1.538692e-007,0.0118171
1.542692e-007,0.00475846
1.546692e-007,0.00946422
1.550692e-007,0.00475846
1.554692e-007,-0.00700593
1.558692e-007,0.0118171
1.562692e-007,-0.00465305
1.566692e-007,0.00240558
1.570692e-007,5.27045e-005
1.574692e-007,0.00946422
1.578692e-007,-0.00230017
1.582692e-007,5.27045e-005
1.586692e-007,-0.00230017
1.590692e-007,0.00240558
1.594692e-007,5.27045e-005
1.598692e-007,0.00711134
1.602692e-007,5.27045e-005
1.606692e-007,-0.00465305
1.610692e-007,5.27045e-005
1.614692e-007,0.00946422
1.618692e-007,5.27045e-005
1.622692e-007,0.00475846
1.626692e-007,-0.00230017
1.630692e-007,0.00475846
1.634692e-007,0.0118171
1.638692e-007,-0.00230017
1.642692e-007,0.00711134
1.646692e-007,0.00711134
1.650692e-007,-0.0140646
1.654692e-007,5.27045e-005
1.658692e-007,0.00711134
1.662692e-007,-0.00230017
1.666692e-007,0.00475846
1.670692e-007,-0.00935881
1.674692e-007,-0.00700593
1.678692e-007,0.00475846
1.682692e-007,-0.00465305
1.686692e-007,0.00240558
1.690692e-007,-0.00230017
1.694692e-007,-0.00230017
1.698692e-007,0.00475846
1.702692e-007,0.00240558
1.706692e-007,-0.00230017
1.710692e-007,0.00711134
1.714692e-007,-0.00465305
1.718692e-007,0.00475846
1.722692e-007,5.27045e-005
1.726692e-007,-0.00465305
1.730692e-007,0.00240558
1.734692e-007,-0.00465305
1.738692e-007,0.00240558
1.742692e-007,5.27045e-005
1.746692e-007,0.00711134
1.750692e-007,-0.00230017
1.754692e-007,0.00711134
1.758692e-007,0.00240558
1.762692e-007,0.00711134
1.766692e-007,0.00240558
1.770692e-007,-0.00230017
1.774692e-007,-0.00465305
1.778692e-007,0.00711134
1.782692e-007,-0.00230017
1.786692e-007,0.00240558
1.790692e-007,0.00711134
1.794692e-007,0.00946422
1.798692e-007,0.00946422
1.802692e-007,0.00946422
1.806692e-007,0.00946422
1.810692e-007,-0.00465305
1.814692e-007,0.00711134
1.818692e-007,-0.00465305
1.822692e-007,0.01417
1.826692e-007,0.00711134
1.830692e-007,0.00946422
1.834692e-007,0.00475846
1.838692e-007,-0.00230017
1.842692e-007,-0.00935881
1.846692e-007,0.00475846
1.850692e-007,0.0118171
1.854692e-007,0.00475846
1.858692e-007,-0.00465305
1.862692e-007,-0.00230017
1.866692e-007,0.00240558
1.870692e-007,0.00475846
1.874692e-007,-0.00935881
1.878692e-007,-0.00700593
1.882692e-007,-0.00230017
1.886692e-007,0.00475846
1.890692e-007,0.00240558
1.894692e-007,0.00475846
1.898692e-007,0.00711134
1.902692e-007,-0.00700593
1.906692e-007,0.00240558
1.910692e-007,0.01417
1.914692e-007,0.00475846
1.918692e-007,-0.00230017
1.922692e-007,-0.00700593
1.926692e-007,0.00240558
1.930692e-007,0.00946422
1.934692e-007,0.0118171
1.938692e-007,-0.0117117
1.942692e-007,-0.00230017
1.946692e-007,-0.00230017
1.950692e-007,0.0118171
1.954692e-007,0.01417
1.958692e-007,0.0118171
1.962692e-007,0.00475846
1.966692e-007,0.01417
1.970692e-007,5.27045e-005
1.974692e-007,5.27045e-005
1.978692e-007,5.27045e-005
1.982692e-007,5.27045e-005
1.986692e-007,0.00240558
1.990692e-007,-0.00465305
1.994692e-007,0.00946422
1.998692e-007,0.01417
2.002692e-007,5.27045e-005
2.006692e-007,0.00711134
2.010692e-007,0.00946422
2.014692e-007,0.0118171
2.018692e-007,-0.00230017
2.022692e-007,-0.00700593
2.026692e-007,-0.00935881
2.030692e-007,0.00240558
2.034692e-007,5.27045e-005
2.038692e-007,5.27045e-005
2.042692e-007,0.00240558
2.046692e-007,0.00240558
2.050692e-007,0.00946422
2.054692e-007,0.00475846
2.058692e-007,0.00946422
2.062692e-007,0.00946422
2.066692e-007,-0.00935881
2.070692e-007,0.00711134
2.074692e-007,-0.00230017
2.078692e-007,0.00240558
2.082692e-007,0.00946422
2.086692e-007,-0.00230017
2.090692e-007,0.00475846
2.094692e-007,0.00946422
2.098692e-007,-0.00465305
2.102692e-007,0.00946422
2.106692e-007,5.27045e-005
2.110692e-007,0.00240558
2.114692e-007,5.27045e-005
2.118692e-007,5.27045e-005
2.122692e-007,0.00475846
2.126692e-007,0.00475846
2.130692e-007,-0.00935881
2.134692e-007,0.00946422
2.138692e-007,0.00475846
2.142692e-007,0.0165229
2.146692e-007,0.00711134
2.150692e-007,5.27045e-005
2.154692e-007,5.27045e-005
2.158692e-007,0.00240558
2.162692e-007,5.27045e-005
2.166692e-007,0.00711134
2.170692e-007,0.00946422
2.174692e-007,-0.00230017
2.178692e-007,0.00475846
2.182692e-007,-0.00230017
2.186692e-007,0.00946422
2.190692e-007,0.00946422
2.194692e-007,5.27045e-005
2.198692e-007,5.27045e-005
2.202692e-007,-0.00230017
2.206692e-007,0.00711134
2.210692e-007,0.00946422
2.214692e-007,0.00475846
2.218692e-007,0.00946422
2.222692e-007,-0.00465305
2.226692e-007,0.00946422
2.230692e-007,0.00946422
2.234692e-007,0.00475846
2.238692e-007,5.27045e-005
2.242692e-007,0.00475846
2.246692e-007,-0.00465305
2.250692e-007,-0.00230017
2.254692e-007,0.00946422
2.258692e-007,-0.00230017
2.262692e-007,-0.00230017
2.266692e-007,0.00711134
2.270692e-007,0.0118171
2.274692e-007,0.00240558
2.278692e-007,0.00240558
2.282692e-007,0.00240558
2.286692e-007,0.00240558
2.290692e-007,0.00711134
2.294692e-007,5.27045e-005
2.298692e-007,0.00946422
2.302692e-007,0.00946422
2.306692e-007,0.00711134
2.310692e-007,0.00475846
2.314692e-007,5.27045e-005
2.318692e-007,0.00475846
2.322692e-007,-0.00935881
2.326692e-007,0.01417
2.330692e-007,-0.00465305
2.334692e-007,0.00711134
2.338692e-007,0.00475846
2.342692e-007,-0.00230017
2.346692e-007,-0.00230017
2.350692e-007,0.00240558
2.354692e-007,-0.0140646
2.358692e-007,0.00240558
2.362692e-007,0.00711134
2.366692e-007,0.0118171
2.370692e-007,-0.00465305
2.374692e-007,0.0118171
2.378692e-007,0.00240558
2.382692e-007,0.00475846
2.386692e-007,-0.00230017
2.390692e-007,0.00475846
2.394692e-007,5.27045e-005
2.398692e-007,0.00240558
2.402692e-007,0.00240558
2.406692e-007,-0.00230017
2.410692e-007,0.00475846
2.414692e-007,0.00475846
2.418692e-007,0.00240558
2.422692e-007,0.00240558
2.426692e-007,0.00475846
2.430692e-007,-0.00230017
2.434692e-007,-0.00465305
2.438692e-007,0.00711134
2.442692e-007,0.00711134
2.446692e-007,0.01417
2.450692e-007,-0.00230017
2.454692e-007,5.27045e-005
2.458692e-007,5.27045e-005
2.462692e-007,0.00240558
2.466692e-007,0.00240558
2.470692e-007,0.00711134
2.474692e-007,-0.00465305
2.478692e-007,0.00475846
2.482692e-007,0.00240558
2.486692e-007,0.00475846
2.490692e-007,0.00240558
2.494692e-007,0.00240558
2.498692e-007,0.00240558
2.502692e-007,0.00711134
2.506692e-007,5.27045e-005
2.510692e-007,0.00475846
2.514692e-007,-0.00230017
2.518692e-007,0.00240558
2.522692e-007,0.00711134
2.526692e-007,0.0118171
2.530692e-007,0.00240558
2.534692e-007,0.00240558
2.538692e-007,5.27045e-005
2.542692e-007,0.0118171
2.546692e-007,0.00711134
2.550692e-007,0.00240558
2.554692e-007,0.00475846
2.558692e-007,0.00240558
2.562692e-007,0.00711134
2.566692e-007,0.00475846
2.570692e-007,0.00946422
2.574692e-007,0.0165229
2.578692e-007,5.27045e-005
2.582692e-007,0.01417
2.586692e-007,-0.00700593
2.590692e-007,0.00240558
2.594692e-007,0.00711134
2.598692e-007,0.00946422
2.602692e-007,-0.00230017
2.606692e-007,-0.00230017
2.610692e-007,0.00475846
2.614692e-007,0.00475846
2.618692e-007,0.00475846
2.622692e-007,0.00475846
2.626692e-007,-0.00465305
2.630692e-007,5.27045e-005
2.634692e-007,0.00475846
2.638692e-007,0.00475846
2.642692e-007,5.27045e-005
2.646692e-007,0.00946422
2.650692e-007,0.00475846
2.654692e-007,0.00946422
2.658692e-007,0.00240558
2.662692e-007,-0.00700593
2.666692e-007,0.00475846
2.670692e-007,5.27045e-005
2.674692e-007,-0.00230017
2.678692e-007,0.00475846
2.682692e-007,-0.00700593
2.686692e-007,-0.00700593
2.690692e-007,-0.00935881
2.694692e-007,0.00240558
2.698692e-007,0.00711134
2.702692e-007,-0.00230017
2.706692e-007,-0.00465305
2.710692e-007,0.00711134
2.714692e-007,0.00475846
2.718692e-007,0.0118171
2.722692e-007,0.00946422
2.726692e-007,-0.00230017
2.730692e-007,5.27045e-005
2.734692e-007,-0.00465305
2.738692e-007,0.00475846
2.742692e-007,0.00711134
2.746692e-007,0.00240558
2.750692e-007,-0.00465305
2.754692e-007,0.00240558
2.758692e-007,0.00711134
2.762692e-007,0.00475846
2.766692e-007,0.00946422
2.770692e-007,-0.00230017
2.774692e-007,0.00240558
2.778692e-007,0.00711134
2.782692e-007,0.00711134
2.786692e-007,0.00240558
2.790692e-007,0.00475846
2.794692e-007,0.00711134
2.798692e-007,0.0165229
2.802692e-007,0.0165229
2.806692e-007,0.00711134
2.810692e-007,0.00711134
2.814692e-007,0.00946422
2.818692e-007,0.00946422
2.822692e-007,0.00946422
2.826692e-007,5.27045e-005
2.830692e-007,0.00946422
2.834692e-007,-0.00465305
2.838692e-007,0.0165229
2.842692e-007,-0.00465305
2.846692e-007,0.01417
2.850692e-007,0.00946422
2.854692e-007,0.00475846
2.858692e-007,0.0165229
2.862692e-007,0.0118171
2.866692e-007,0.00240558
2.870692e-007,0.00711134
2.874692e-007,-0.00230017
2.878692e-007,0.00475846
2.882692e-007,5.27045e-005
2.886692e-007,5.27045e-005
2.890692e-007,0.00475846
2.894692e-007,0.00711134
2.898692e-007,-0.00230017
2.902692e-007,0.00475846
2.906692e-007,5.27045e-005
2.910692e-007,5.27045e-005
2.914692e-007,5.27045e-005
2.918692e-007,-0.00230017
2.922692e-007,5.27045e-005
2.926692e-007,-0.00465305
2.930692e-007,0.00240558
2.934692e-007,0.00711134
2.938692e-007,0.00475846
2.942692e-007,-0.00230017
2.946692e-007,5.27045e-005
2.950692e-007,-0.00465305
2.954692e-007,-0.00230017
2.958692e-007,5.27045e-005
2.962692e-007,0.00240558
2.966692e-007,5.27045e-005
2.970692e-007,-0.00935881
2.974692e-007,0.00240558
2.978692e-007,0.01417
2.982692e-007,0.00240558
2.986692e-007,0.00240558
2.990692e-007,0.00475846
2.994692e-007,0.00475846
2.998692e-007,0.00475846
3.002692e-007,0.00946422
3.006692e-007,0.00711134
3.010692e-007,-0.00465305
3.014692e-007,0.00711134
3.018692e-007,-0.00230017
3.022692e-007,0.00475846
3.026692e-007,-0.00935881
3.030692e-007,5.27045e-005
3.034692e-007,0.00711134
3.038692e-007,0.0118171
3.042692e-007,0.00240558
3.046692e-007,0.00240558
3.050692e-007,-0.00230017
3.054692e-007,0.00240558
3.058692e-007,-0.00465305
3.062692e-007,0.00711134
3.066692e-007,0.00240558
3.070692e-007,5.27045e-005
3.074692e-007,0.00475846
3.078692e-007,0.00475846
3.082692e-007,0.0118171
3.086692e-007,0.0165229
3.090692e-007,-0.00465305
3.094692e-007,0.0188757
3.098692e-007,-0.00935881
3.102692e-007,0.00240558
3.106692e-007,0.00475846
3.110692e-007,0.00946422
3.114692e-007,0.00240558
3.118692e-007,-0.00230017
3.122692e-007,5.27045e-005
3.126692e-007,5.27045e-005
3.130692e-007,0.00475846
3.134692e-007,5.27045e-005
3.138692e-007,0.00946422
3.142692e-007,0.00240558
3.146692e-007,-0.00465305
3.150692e-007,0.0118171
3.154692e-007,5.27045e-005
3.158692e-007,0.00946422
3.162692e-007,0.00240558
3.166692e-007,-0.00230017
3.170692e-007,0.00946422
3.174692e-007,-0.00700593
3.178692e-007,0.00475846
3.182692e-007,0.00711134
3.186692e-007,-0.00230017
3.190692e-007,-0.00230017
3.194692e-007,5.27045e-005
3.198692e-007,0.00240558
3.202692e-007,5.27045e-005
3.206692e-007,-0.00465305
3.210692e-007,0.00946422
3.214692e-007,0.00946422
3.218692e-007,5.27045e-005
3.222692e-007,5.27045e-005
3.226692e-007,-0.00230017
3.230692e-007,0.00240558
3.234692e-007,0.00475846
3.238692e-007,-0.00230017
3.242692e-007,0.00711134
3.246692e-007,0.00711134
3.250692e-007,0.00240558
3.254692e-007,5.27045e-005
3.258692e-007,0.00475846
3.262692e-007,5.27045e-005
3.266692e-007,-0.00465305
3.270692e-007,-0.00465305
3.274692e-007,0.00946422
3.278692e-007,-0.00700593
3.282692e-007,-0.00230017
3.286692e-007,0.00475846
3.290692e-007,0.00711134
3.294692e-007,0.0118171
3.298692e-007,0.0165229
3.302692e-007,0.00240558
3.306692e-007,0.00711134
3.310692e-007,-0.00465305
3.314692e-007,0.00711134
3.318692e-007,0.00475846
3.322692e-007,0.00946422
3.326692e-007,0.00240558
3.330692e-007,5.27045e-005
3.334692e-007,0.00475846
3.338692e-007,5.27045e-005
3.342692e-007,0.00946422
3.346692e-007,-0.0117117
3.350692e-007,0.00946422
3.354692e-007,0.00240558
3.358692e-007,5.27045e-005
3.362692e-007,0.00946422
3.366692e-007,-0.00230017
3.370692e-007,-0.00230017
3.374692e-007,0.00240558
3.378692e-007,0.00240558
3.382692e-007,0.00711134
3.386692e-007,5.27045e-005
3.390692e-007,0.00475846
3.394692e-007,-0.00465305
3.398692e-007,-0.00230017
3.402692e-007,-0.00465305
3.406692e-007,-0.00465305
3.410692e-007,-0.00230017
3.414692e-007,0.00475846
3.418692e-007,5.27045e-005
3.422692e-007,0.00475846
3.426692e-007,5.27045e-005
3.430692e-007,-0.00230017
3.434692e-007,5.27045e-005
3.438692e-007,0.00711134
3.442692e-007,-0.00935881
3.446692e-007,0.00475846
3.450692e-007,-0.00230017
3.454692e-007,5.27045e-005
3.458692e-007,-0.0117117
3.462692e-007,0.00711134
3.466692e-007,0.00946422
3.470692e-007,0.0212286
3.474692e-007,0.00240558
3.478692e-007,0.00475846
3.482692e-007,-0.00465305
3.486692e-007,0.00240558
3.490692e-007,0.00946422
3.494692e-007,-0.00230017
3.498692e-007,0.00475846
3.502692e-007,0.00475846
3.506692e-007,0.00475846
3.510692e-007,0.00475846
3.514692e-007,0.00475846
3.518692e-007,5.27045e-005
3.522692e-007,0.00240558
3.526692e-007,-0.00465305
3.530692e-007,5.27045e-005
3.534692e-007,0.00240558
3.538692e-007,-0.00230017
3.542692e-007,5.27045e-005
3.546692e-007,0.00240558
3.550692e-007,0.0118171
3.554692e-007,0.00240558
3.558692e-007,0.00711134
3.562692e-007,-0.00700593
3.566692e-007,0.00475846
3.570692e-007,-0.00465305
3.574692e-007,0.00711134
3.578692e-007,0.00946422
3.582692e-007,0.00711134
3.586692e-007,-0.00230017
3.590692e-007,0.00946422
3.594692e-007,0.00475846
3.598692e-007,0.00475846
3.602692e-007,0.00475846
3.606692e-007,0.01417
3.610692e-007,-0.00465305
3.614692e-007,0.01417
3.618692e-007,5.27045e-005
3.622692e-007,0.00240558
3.626692e-007,0.00475846
3.630692e-007,-0.00230017
3.634692e-007,0.00475846
3.638692e-007,0.00240558
3.642692e-007,5.27045e-005
3.646692e-007,0.00946422
3.650692e-007,-0.00465305
3.654692e-007,-0.00230017
3.658692e-007,5.27045e-005
3.662692e-007,0.00475846
3.666692e-007,5.27045e-005
3.670692e-007,0.00475846
3.674692e-007,5.27045e-005
3.678692e-007,0.00240558
3.682692e-007,0.00946422
3.686692e-007,-0.00230017
3.690692e-007,0.00946422
3.694692e-007,0.00475846
3.698692e-007,0.00240558
3.702692e-007,0.00475846
3.706692e-007,0.00475846
3.710692e-007,5.27045e-005
3.714692e-007,0.00711134
3.718692e-007,0.00711134
3.722692e-007,0.00475846
3.726692e-007,0.00946422
3.730692e-007,0.00711134
3.734692e-007,-0.00230017
3.738692e-007,-0.00230017
3.742692e-007,0.0118171
3.746692e-007,5.27045e-005
3.750692e-007,0.00711134
3.754692e-007,-0.00230017
3.758692e-007,0.00711134
3.762692e-007,5.27045e-005
3.766692e-007,0.00475846
3.770692e-007,-0.00230017
3.774692e-007,0.00240558
3.778692e-007,0.00240558
3.782692e-007,-0.00700593
3.786692e-007,5.27045e-005
3.790692e-007,0.00240558
3.794692e-007,-0.00230017
3.798692e-007,0.00240558
3.802692e-007,0.00240558
3.806692e-007,0.0118171
3.810692e-007,0.00475846
3.814692e-007,0.00946422
3.818692e-007,0.00711134
3.822692e-007,0.00475846
3.826692e-007,5.27045e-005
3.830692e-007,0.00240558
3.834692e-007,0.00475846
3.838692e-007,0.00946422
3.842692e-007,0.0165229
3.846692e-007,-0.00230017
3.850692e-007,-0.00465305
3.854692e-007,0.00946422
3.858692e-007,-0.00935881
3.862692e-007,0.00711134
3.866692e-007,0.00240558
3.870692e-007,0.00711134
3.874692e-007,5.27045e-005
3.878692e-007,0.00475846
3.882692e-007,-0.00465305
3.886692e-007,-0.00230017
3.890692e-007,0.00240558
3.894692e-007,-0.00230017
3.898692e-007,0.00240558
3.902692e-007,0.00240558
3.906692e-007,0.00240558
3.910692e-007,-0.00230017
3.914692e-007,0.00240558
3.918692e-007,0.00240558
3.922692e-007,0.00475846
3.926692e-007,0.00711134
3.930692e-007,5.27045e-005
3.934692e-007,0.00711134
3.938692e-007,0.0165229
3.942692e-007,-0.00230017
3.946692e-007,5.27045e-005
3.950692e-007,0.00475846
3.954692e-007,-0.00465305
3.958692e-007,0.00946422
3.962692e-007,5.27045e-005
3.966692e-007,-0.00230017
3.970692e-007,-0.00465305
3.974692e-007,-0.00465305
3.978692e-007,5.27045e-005
3.982692e-007,0.0118171
3.986692e-007,0.00240558
3.990692e-007,-0.00465305
3.994692e-007,5.27045e-005
3.998692e-007,0.00240558
4.002692e-007,0.00240558
4.006692e-007,0.00946422
4.010692e-007,-0.00230017
4.014692e-007,-0.00230017
4.018692e-007,0.00240558
4.022692e-007,0.00475846
4.026692e-007,-0.00465305
4.030692e-007,5.27045e-005
4.034692e-007,0.00240558
4.038692e-007,-0.00230017
4.042692e-007,0.00946422
4.046692e-007,0.00475846
4.050692e-007,-0.00465305
4.054692e-007,0.00240558
4.058692e-007,0.00946422
4.062692e-007,0.00240558
4.066692e-007,0.00475846
4.070692e-007,0.00240558
4.074692e-007,0.00475846
4.078692e-007,-0.00465305
4.082692e-007,0.00711134
4.086692e-007,0.00240558
4.090692e-007,0.00240558
4.094692e-007,0.00711134
4.098692e-007,0.00475846
4.102692e-007,-0.00935881
4.106692e-007,5.27045e-005
4.110692e-007,5.27045e-005
4.114692e-007,0.00240558
4.118692e-007,0.00475846
4.122692e-007,-0.00465305
4.126692e-007,0.00946422
4.130692e-007,-0.00465305
4.134692e-007,0.00475846
4.138692e-007,-0.00465305
4.142692e-007,-0.00230017
4.146692e-007,-0.00230017
4.150692e-007,0.00711134
4.154692e-007,0.00711134
4.158692e-007,-0.00700593
4.162692e-007,0.00946422
4.166692e-007,-0.00230017
4.170692e-007,-0.00465305
4.174692e-007,0.00475846
4.178692e-007,5.27045e-005
4.182692e-007,0.00475846
4.186692e-007,5.27045e-005
4.190692e-007,0.00711134
4.194692e-007,0.0118171
4.198692e-007,-0.00230017
4.202692e-007,-0.00700593
4.206692e-007,0.00475846
4.210692e-007,0.00240558
4.214692e-007,-0.00230017
4.218692e-007,0.00475846
4.222692e-007,0.00946422
4.226692e-007,-0.00465305
4.230692e-007,0.00711134
4.234692e-007,0.00475846
4.238692e-007,0.00946422
4.242692e-007,5.27045e-005
4.246692e-007,0.00711134
4.250692e-007,-0.00230017
4.254692e-007,0.00240558
4.258692e-007,0.00240558
4.262692e-007,-0.00230017
4.266692e-007,0.00946422
4.270692e-007,0.00946422
4.274692e-007,0.00240558
4.278692e-007,0.0118171
4.282692e-007,-0.00230017
4.286692e-007,-0.00465305
4.290692e-007,0.00240558
4.294692e-007,0.00711134
4.298692e-007,0.00475846
4.302692e-007,5.27045e-005
4.306692e-007,-0.00230017
4.310692e-007,0.00711134
4.314692e-007,5.27045e-005
4.318692e-007,0.00711134
4.322692e-007,5.27045e-005
4.326692e-007,-0.00700593
4.330692e-007,-0.00465305
4.334692e-007,0.00475846
4.338692e-007,-0.0117117
4.342692e-007,-0.00230017
4.346692e-007,0.00240558
4.350692e-007,0.00946422
4.354692e-007,0.00475846
4.358692e-007,0.00475846
4.362692e-007,5.27045e-005
4.366692e-007,0.00946422
4.370692e-007,-0.00935881
4.374692e-007,0.01417
4.378692e-007,-0.00230017
4.382692e-007,0.01417
4.386692e-007,0.00475846
4.390692e-007,-0.00230017
4.394692e-007,0.00475846
4.398692e-007,0.00240558
4.402692e-007,-0.00465305
4.406692e-007,0.00711134
4.410692e-007,5.27045e-005
4.414692e-007,0.00711134
4.418692e-007,-0.00230017
4.422692e-007,-0.00465305
4.426692e-007,5.27045e-005
4.430692e-007,0.00240558
4.434692e-007,-0.00935881
4.438692e-007,0.00475846
4.442692e-007,0.00475846
4.446692e-007,0.00711134
4.450692e-007,0.01417
4.454692e-007,-0.00230017
4.458692e-007,0.00475846
4.462692e-007,0.00711134
4.466692e-007,-0.00230017
4.470692e-007,5.27045e-005
4.474692e-007,-0.00700593
4.478692e-007,-0.00230017
4.482692e-007,5.27045e-005
4.486692e-007,-0.00230017
4.490692e-007,0.00475846
4.494692e-007,0.0188757
4.498692e-007,5.27045e-005
4.502692e-007,0.00240558
4.506692e-007,0.00475846
4.510692e-007,0.00475846
4.514692e-007,0.00240558
4.518692e-007,0.00240558
4.522692e-007,-0.00465305
4.526692e-007,0.00711134
4.530692e-007,0.0118171
4.534692e-007,0.00475846
4.538692e-007,0.00475846
4.542692e-007,0.00240558
4.546692e-007,0.00240558
4.550692e-007,-0.00700593
4.554692e-007,0.00946422
4.558692e-007,0.00475846
4.562692e-007,-0.00230017
4.566692e-007,5.27045e-005
4.570692e-007,0.00711134
4.574692e-007,0.0165229
4.578692e-007,0.00240558
4.582692e-007,0.00475846
4.586692e-007,5.27045e-005
4.590692e-007,0.0118171
4.594692e-007,0.00240558
4.598692e-007,0.00711134
4.602692e-007,0.00946422
4.606692e-007,0.00946422
4.610692e-007,0.0118171
4.614692e-007,-0.00230017
4.618692e-007,-0.00230017
4.622692e-007,0.0165229
4.626692e-007,-0.00230017
4.630692e-007,0.0118171
4.634692e-007,-0.00465305
4.638692e-007,0.01417
4.642692e-007,0.00711134
4.646692e-007,0.00240558
4.650692e-007,0.0118171
4.654692e-007,-0.00230017
4.658692e-007,-0.00935881
4.662692e-007,-0.00465305
4.666692e-007,5.27045e-005
4.670692e-007,0.00475846
4.674692e-007,0.00946422
4.678692e-007,5.27045e-005
4.682692e-007,5.27045e-005
4.686692e-007,0.00475846
4.690692e-007,-0.00935881
4.694692e-007,0.01417
4.698692e-007,0.00475846
4.702692e-007,0.00711134
4.706692e-007,0.00240558
4.710692e-007,-0.00230017
4.714692e-007,0.00475846
4.718692e-007,0.00711134
4.722692e-007,0.00240558
4.726692e-007,0.00240558
4.730692e-007,-0.00700593
4.734692e-007,-0.00230017
4.738692e-007,5.27045e-005
4.742692e-007,-0.00230017
4.746692e-007,0.00946422
4.750692e-007,0.00946422
4.754692e-007,0.00240558
4.758692e-007,0.00240558
4.762692e-007,-0.00230017
4.766692e-007,0.00711134
4.770692e-007,0.00946422
4.774692e-007,0.00240558
4.778692e-007,-0.00230017
4.782692e-007,0.01417
4.786692e-007,0.00240558
4.790692e-007,-0.00465305
4.794692e-007,0.00475846
4.798692e-007,0.00240558
4.802692e-007,0.00240558
4.806692e-007,-0.00465305
4.810692e-007,5.27045e-005
4.814692e-007,0.00946422
4.818692e-007,-0.00465305
4.822692e-007,0.00475846
4.826692e-007,0.00711134
4.830692e-007,0.0188757
4.834692e-007,0.00240558
4.838692e-007,-0.00935881
4.842692e-007,0.00946422
4.846692e-007,-0.00465305
4.850692e-007,0.00240558
4.854692e-007,0.00475846
4.858692e-007,5.27045e-005
4.862692e-007,0.00240558
4.866692e-007,0.0118171
4.870692e-007,-0.00230017
4.874692e-007,-0.00465305
4.878692e-007,0.0165229
4.882692e-007,-0.00935881
4.886692e-007,0.00946422
4.890692e-007,-0.00465305
4.894692e-007,0.00240558
4.898692e-007,5.27045e-005
4.902692e-007,0.00475846
4.906692e-007,0.0118171
4.910692e-007,5.27045e-005
4.914692e-007,-0.00700593
4.918692e-007,0.00946422
4.922692e-007,0.00946422
4.926692e-007,0.00475846
4.930692e-007,5.27045e-005
4.934692e-007,5.27045e-005
4.938692e-007,5.27045e-005
4.942692e-007,-0.00230017
4.946692e-007,-0.00230017
4.950692e-007,0.00946422
4.954692e-007,-0.00700593
4.958692e-007,0.00946422
4.962692e-007,0.00240558
4.966692e-007,-0.00230017
4.970692e-007,5.27045e-005
4.974692e-007,0.00946422
4.978692e-007,-0.00700593
4.982692e-007,0.00946422
4.986692e-007,0.00475846
4.990692e-007,-0.00230017
4.994692e-007,5.27045e-005
4.998692e-007,-0.00465305
5.002692e-007,0.0118171
5.006692e-007,0.00475846
5.010692e-007,0.00946422
5.014692e-007,0.00711134
5.018692e-007,-0.00230017
5.022692e-007,0.00711134
5.026692e-007,0.00946422
5.030692e-007,0.00240558
5.034692e-007,-0.00700593
5.038692e-007,-0.00230017
5.042692e-007,-0.00465305
5.046692e-007,0.00475846
5.050692e-007,0.00946422
5.054692e-007,-0.00465305
5.058692e-007,0.00240558
5.062692e-007,-0.00465305
5.066692e-007,-0.00465305
5.070692e-007,0.00946422
5.074692e-007,-0.00230017
5.078692e-007,0.00475846
5.082692e-007,0.00711134
5.086692e-007,0.0165229
5.090692e-007,-0.00230017
5.094692e-007,0.00240558
5.098692e-007,0.00711134
5.102692e-007,-0.00230017
5.106692e-007,0.00711134
5.110692e-007,0.00240558
5.114692e-007,0.00946422
5.118692e-007,0.0118171
5.122692e-007,0.00475846
5.126692e-007,0.00240558
5.130692e-007,0.00240558
5.134692e-007,0.00946422
5.138692e-007,-0.00465305
5.142692e-007,0.0165229
5.146692e-007,-0.00465305
5.150692e-007,0.00240558
5.154692e-007,0.00946422
5.158692e-007,0.00946422
5.162692e-007,0.00475846
5.166692e-007,5.27045e-005
5.170692e-007,0.00475846
5.174692e-007,0.00946422
5.178692e-007,5.27045e-005
5.182692e-007,0.00946422
5.186692e-007,0.00240558
5.190692e-007,0.00240558
5.194692e-007,0.00475846
5.198692e-007,0.00475846
5.202692e-007,-0.00230017
5.206692e-007,0.00475846
5.210692e-007,-0.00230017
5.214692e-007,0.00240558
5.218692e-007,0.00711134
5.222692e-007,-0.00465305
5.226692e-007,5.27045e-005
5.230692e-007,0.00240558
5.234692e-007,5.27045e-005
5.238692e-007,0.00475846
5.242692e-007,0.00475846
5.246692e-007,5.27045e-005
5.250692e-007,-0.00465305
5.254692e-007,-0.00465305
5.258692e-007,0.00711134
5.262692e-007,0.0118171
5.266692e-007,-0.00230017
5.270692e-007,5.27045e-005
5.274692e-007,0.00475846
5.278692e-007,-0.00230017
5.282692e-007,0.00475846
5.286692e-007,0.00240558
5.290692e-007,5.27045e-005
5.294692e-007,-0.00465305
5.298692e-007,0.00240558
5.302692e-007,0.0118171
5.306692e-007,0.00475846
5.310692e-007,0.00711134
5.314692e-007,0.00240558
5.318692e-007,-0.00465305
5.322692e-007,5.27045e-005
5.326692e-007,0.00475846
5.330692e-007,5.27045e-005
5.334692e-007,0.00240558
5.338692e-007,0.0118171
5.342692e-007,0.00240558
5.346692e-007,0.00240558
5.350692e-007,0.00475846
5.354692e-007,0.00946422
5.358692e-007,0.00240558
5.362692e-007,0.00240558
5.366692e-007,0.00711134
5.370692e-007,0.00475846
5.374692e-007,5.27045e-005
5.378692e-007,0.00946422
5.382692e-007,-0.00935881
5.386692e-007,0.00475846
5.390692e-007,0.00946422
5.394692e-007,-0.00465305
5.398692e-007,0.01417
5.402692e-007,5.27045e-005
5.406692e-007,0.01417
5.410692e-007,0.00240558
5.414692e-007,0.00946422
5.418692e-007,0.00475846
5.422692e-007,0.00240558
5.426692e-007,0.00240558
5.430692e-007,0.00240558
5.434692e-007,0.00946422
5.438692e-007,-0.00230017
5.442692e-007,0.00711134
5.446692e-007,0.00475846
5.450692e-007,5.27045e-005
5.454692e-007,-0.00230017
5.458692e-007,5.27045e-005
5.462692e-007,0.01417
5.466692e-007,-0.00230017
5.470692e-007,0.00711134
5.474692e-007,0.00711134
5.478692e-007,0.00946422
5.482692e-007,0.00475846
5.486692e-007,0.00475846
5.490692e-007,-0.00230017
5.494692e-007,0.00240558
5.498692e-007,-0.00230017
5.502692e-007,0.00711134
5.506692e-007,-0.00465305
5.510692e-007,-0.00230017
5.514692e-007,0.00475846
5.518692e-007,0.00946422
5.522692e-007,0.00946422
5.526692e-007,0.00240558
5.530692e-007,-0.00230017
5.534692e-007,0.00240558
5.538692e-007,0.00240558
5.542692e-007,0.00946422
5.546692e-007,-0.00230017
5.550692e-007,0.00711134
5.554692e-007,5.27045e-005
5.558692e-007,0.00240558
5.562692e-007,-0.00700593
5.566692e-007,0.00240558
5.570692e-007,0.0118171
5.574692e-007,0.00240558
5.578692e-007,0.00946422
5.582692e-007,0.00946422
5.586692e-007,5.27045e-005
5.590692e-007,0.00240558
5.594692e-007,0.00711134
5.598692e-007,0.00711134
5.602692e-007,-0.00230017
5.606692e-007,-0.00700593
5.610692e-007,-0.00230017
5.614692e-007,-0.00465305
5.618692e-007,5.27045e-005
5.622692e-007,5.27045e-005
5.626692e-007,0.00475846
5.630692e-007,0.00240558
5.634692e-007,5.27045e-005
5.638692e-007,-0.00230017
5.642692e-007,0.00475846
5.646692e-007,0.00946422
5.650692e-007,-0.00230017
5.654692e-007,0.0118171
5.658692e-007,0.00240558
5.662692e-007,0.01417
5.666692e-007,0.00240558
5.670692e-007,0.0188757
5.674692e-007,0.0118171
5.678692e-007,5.27045e-005
5.682692e-007,0.00240558
5.686692e-007,0.00946422
5.690692e-007,5.27045e-005
5.694692e-007,0.00711134
5.698692e-007,5.27045e-005
5.702692e-007,5.27045e-005
5.706692e-007,0.01417
5.710692e-007,0.00475846
5.714692e-007,5.27045e-005
5.718692e-007,0.00475846
5.722692e-007,0.00475846
5.726692e-007,-0.00230017
5.730692e-007,0.00946422
5.734692e-007,-0.00230017
5.738692e-007,5.27045e-005
5.742692e-007,0.00475846
5.746692e-007,0.00240558
5.750692e-007,-0.00230017
5.754692e-007,0.00240558
5.758692e-007,-0.00230017
5.762692e-007,5.27045e-005
5.766692e-007,-0.00465305
5.770692e-007,5.27045e-005
5.774692e-007,0.00946422
5.778692e-007,-0.00935881
5.782692e-007,5.27045e-005
5.786692e-007,-0.00230017
5.790692e-007,0.01417
5.794692e-007,0.00240558
5.798692e-007,0.00946422
5.802692e-007,0.00240558
5.806692e-007,0.00711134
5.810692e-007,5.27045e-005
5.814692e-007,0.00475846
5.818692e-007,-0.00230017
5.822692e-007,0.00240558
5.826692e-007,0.00240558
5.830692e-007,-0.00465305
5.834692e-007,0.00946422
5.838692e-007,0.00946422
5.842692e-007,0.00475846
5.846692e-007,0.00475846
5.850692e-007,-0.00230017
5.854692e-007,0.00711134
5.858692e-007,0.00240558
5.862692e-007,0.00240558
5.866692e-007,-0.00230017
5.870692e-007,0.0118171
5.874692e-007,0.00711134
5.878692e-007,-0.00700593
5.882692e-007,0.00946422
5.886692e-007,0.00946422
5.890692e-007,0.0118171
5.894692e-007,-0.00230017
5.898692e-007,0.00475846
5.902692e-007,5.27045e-005
5.906692e-007,-0.00935881
5.910692e-007,0.0165229
5.914692e-007,-0.00230017
5.918692e-007,0.00946422
5.922692e-007,0.00946422
5.926692e-007,0.00946422
5.930692e-007,0.00475846
5.934692e-007,5.27045e-005
5.938692e-007,0.00475846
5.942692e-007,0.00946422
5.946692e-007,5.27045e-005
5.950692e-007,0.00711134
5.954692e-007,0.00240558
5.958692e-007,5.27045e-005
5.962692e-007,5.27045e-005
5.966692e-007,0.00475846
5.970692e-007,-0.00230017
5.974692e-007,-0.00465305
5.978692e-007,5.27045e-005
5.982692e-007,0.00711134
5.986692e-007,0.00240558
5.990692e-007,-0.00230017
5.994692e-007,5.27045e-005
5.998692e-007,0.00946422
6.002692e-007,5.27045e-005
6.006692e-007,0.00946422
6.010692e-007,5.27045e-005
6.014692e-007,-0.00700593
6.018692e-007,-0.00465305
6.022692e-007,-0.00230017
6.026692e-007,5.27045e-005
6.030692e-007,0.00946422
6.034692e-007,-0.00935881
6.038692e-007,0.00711134
6.042692e-007,-0.00465305
6.046692e-007,-0.00230017
6.050692e-007,0.00240558
6.054692e-007,0.00946422
6.058692e-007,5.27045e-005
6.062692e-007,0.00475846
6.066692e-007,0.00946422
6.070692e-007,0.00475846
6.074692e-007,0.00475846
6.078692e-007,5.27045e-005
6.082692e-007,0.00475846
6.086692e-007,-0.00230017
6.090692e-007,0.00946422
6.094692e-007,0.01417
6.098692e-007,-0.00700593
6.102692e-007,0.00240558
6.106692e-007,0.00711134
6.110692e-007,0.00240558
6.114692e-007,5.27045e-005
6.118692e-007,0.00240558
6.122692e-007,-0.00230017
6.126692e-007,0.00240558
6.130692e-007,5.27045e-005
6.134692e-007,0.00475846
6.138692e-007,5.27045e-005
6.142692e-007,0.00711134
6.146692e-007,0.00711134
6.150692e-007,-0.00700593
6.154692e-007,0.00475846
6.158692e-007,0.00946422
6.162692e-007,-0.00935881
6.166692e-007,0.01417
6.170692e-007,5.27045e-005
6.174692e-007,0.01417
6.178692e-007,0.00240558
6.182692e-007,0.00240558
6.186692e-007,-0.00230017
6.190692e-007,0.00240558
6.194692e-007,-0.00935881
6.198692e-007,0.00240558
6.202692e-007,5.27045e-005
6.206692e-007,0.00240558
6.210692e-007,0.00711134
6.214692e-007,5.27045e-005
6.218692e-007,0.00946422
6.222692e-007,0.00240558
6.226692e-007,-0.00230017
6.230692e-007,0.00475846
6.234692e-007,-0.00230017
6.238692e-007,0.00475846
6.242692e-007,-0.00465305
6.246692e-007,-0.00230017
6.250692e-007,5.27045e-005
6.254692e-007,0.00946422
6.258692e-007,0.00240558
6.262692e-007,0.00475846
6.266692e-007,-0.00935881
6.270692e-007,0.00946422
6.274692e-007,5.27045e-005
6.278692e-007,0.00240558
6.282692e-007,0.0118171
6.286692e-007,0.00711134
6.290692e-007,0.00946422
6.294692e-007,-0.00465305
6.298692e-007,-0.00230017
6.302692e-007,0.00946422
6.306692e-007,0.01417
6.310692e-007,5.27045e-005
6.314692e-007,0.00240558
6.318692e-007,-0.00230017
6.322692e-007,0.00240558
6.326692e-007,0.00946422
6.330692e-007,0.00946422
6.334692e-007,0.00240558
6.338692e-007,0.00240558
6.342692e-007,-0.00465305
6.346692e-007,0.00240558
6.350692e-007,0.00946422
6.354692e-007,-0.00935881
6.358692e-007,0.00240558
6.362692e-007,0.00711134
6.366692e-007,0.00240558
6.370692e-007,0.0118171
6.374692e-007,-0.00700593
6.378692e-007,5.27045e-005
6.382692e-007,-0.00230017
6.386692e-007,-0.00935881
6.390692e-007,0.00240558
6.394692e-007,0.00240558
6.398692e-007,0.00475846
6.402692e-007,0.0165229
6.406692e-007,-0.00230017
6.410692e-007,0.00946422
6.414692e-007,0.00475846
6.418692e-007,-0.00700593
6.422692e-007,0.0165229
6.426692e-007,-0.00230017
6.430692e-007,0.00946422
6.434692e-007,-0.00230017
6.438692e-007,0.00475846
6.442692e-007,-0.00230017
6.446692e-007,0.00240558
6.450692e-007,0.00240558
6.454692e-007,0.00711134
6.458692e-007,-0.00465305
6.462692e-007,0.00475846
6.466692e-007,-0.00465305
6.470692e-007,-0.00465305
6.474692e-007,0.00946422
6.478692e-007,0.00946422
6.482692e-007,0.00475846
6.486692e-007,-0.00465305
6.490692e-007,-0.00230017
6.494692e-007,0.00475846
6.498692e-007,0.00711134
6.502692e-007,0.00711134
6.506692e-007,0.00946422
6.510692e-007,5.27045e-005
6.514692e-007,-0.00230017
6.518692e-007,0.00240558
6.522692e-007,0.00475846
6.526692e-007,0.00711134
6.530692e-007,0.00946422
6.534692e-007,0.00240558
6.538692e-007,0.00711134
6.542692e-007,0.00946422
6.546692e-007,-0.00465305
6.550692e-007,0.00240558
6.554692e-007,-0.00230017
6.558692e-007,0.00946422
6.562692e-007,0.00711134
6.566692e-007,0.00711134
6.570692e-007,-0.00230017
6.574692e-007,5.27045e-005
6.578692e-007,0.00240558
6.582692e-007,5.27045e-005
6.586692e-007,0.00946422
6.590692e-007,0.00240558
6.594692e-007,0.00240558
6.598692e-007,-0.00465305
6.602692e-007,0.00711134
6.606692e-007,0.00475846
6.610692e-007,-0.00230017
6.614692e-007,0.00475846
6.618692e-007,-0.00230017
6.622692e-007,0.0118171
6.626692e-007,0.00475846
6.630692e-007,0.00475846
6.634692e-007,0.00711134
6.638692e-007,5.27045e-005
6.642692e-007,0.00240558
6.646692e-007,0.00475846
6.650692e-007,5.27045e-005
6.654692e-007,5.27045e-005
6.658692e-007,0.0165229
6.662692e-007,0.00946422
6.666692e-007,0.00475846
6.670692e-007,0.00475846
6.674692e-007,5.27045e-005
6.678692e-007,0.0165229
6.682692e-007,-0.00465305
6.686692e-007,0.00711134
6.690692e-007,-0.00230017
6.694692e-007,-0.00230017
6.698692e-007,0.0118171
6.702692e-007,0.00711134
6.706692e-007,0.00240558
6.710692e-007,0.00240558
6.714692e-007,0.00946422
6.718692e-007,-0.00700593
6.722692e-007,-0.00230017
6.726692e-007,-0.00465305
6.730692e-007,0.00946422
6.734692e-007,0.00475846
6.738692e-007,-0.00230017
6.742692e-007,-0.00465305
6.746692e-007,-0.00230017
6.750692e-007,0.00240558
6.754692e-007,0.0118171
6.758692e-007,-0.00230017
6.762692e-007,-0.00230017
6.766692e-007,0.00711134
6.770692e-007,5.27045e-005
6.774692e-007,-0.00230017
6.778692e-007,0.00475846
6.782692e-007,-0.00230017
6.786692e-007,5.27045e-005
6.790692e-007,-0.00230017
6.794692e-007,0.0118171
6.798692e-007,0.00240558
6.802692e-007,-0.00465305
6.806692e-007,-0.00230017
6.810692e-007,5.27045e-005
6.814692e-007,0.00946422
6.818692e-007,-0.00700593
6.822692e-007,0.00711134
6.826692e-007,-0.00465305
6.830692e-007,0.00711134
6.834692e-007,0.00240558
6.838692e-007,0.00475846
6.842692e-007,0.00475846
6.846692e-007,-0.00230017
6.850692e-007,0.00240558
6.854692e-007,0.0118171
6.858692e-007,0.00946422
6.862692e-007,0.00946422
6.866692e-007,-0.00465305
6.870692e-007,5.27045e-005
6.874692e-007,0.00711134
6.878692e-007,0.0188757
6.882692e-007,-0.00230017
6.886692e-007,0.00240558
6.890692e-007,5.27045e-005
6.894692e-007,0.00475846
6.898692e-007,0.00711134
6.902692e-007,0.00711134
6.906692e-007,0.00240558
6.910692e-007,0.00711134
6.914692e-007,0.00475846
6.918692e-007,0.00475846
6.922692e-007,0.00711134
6.926692e-007,0.00946422
6.930692e-007,-0.00935881
6.934692e-007,0.00946422
6.938692e-007,-0.00935881
6.942692e-007,0.00711134
6.946692e-007,0.00946422
6.950692e-007,-0.00465305
6.954692e-007,0.0118171
6.958692e-007,0.00240558
6.962692e-007,0.00475846
6.966692e-007,0.00711134
6.970692e-007,5.27045e-005
6.974692e-007,0.00475846
6.978692e-007,0.00475846
6.982692e-007,-0.00465305
6.986692e-007,-0.00700593
6.990692e-007,0.00240558
6.994692e-007,5.27045e-005
6.998692e-007,0.00946422
7.002692e-007,5.27045e-005
7.006692e-007,0.00240558
7.010692e-007,5.27045e-005
7.014692e-007,-0.00230017
7.018692e-007,5.27045e-005
7.022692e-007,0.00946422
7.026692e-007,0.00240558
7.030692e-007,5.27045e-005
7.034692e-007,-0.00465305
7.038692e-007,-0.00230017
7.042692e-007,0.00711134
7.046692e-007,-0.00230017
7.050692e-007,0.00946422
7.054692e-007,0.0118171
7.058692e-007,5.27045e-005
7.062692e-007,-0.00465305
7.066692e-007,-0.00230017
7.070692e-007,-0.00230017
7.074692e-007,0.00240558
7.078692e-007,0.00240558
7.082692e-007,0.00240558
7.086692e-007,5.27045e-005
7.090692e-007,0.00475846
7.094692e-007,-0.00465305
7.098692e-007,0.00240558
7.102692e-007,5.27045e-005
7.106692e-007,0.00475846
7.110692e-007,-0.00700593
7.114692e-007,0.00946422
7.118692e-007,0.00475846
7.122692e-007,-0.00465305
7.126692e-007,-0.00935881
7.130692e-007,0.00240558
7.134692e-007,0.0118171
7.138692e-007,0.00240558
7.142692e-007,-0.00700593
7.146692e-007,5.27045e-005
7.150692e-007,0.00475846
7.154692e-007,0.00240558
7.158692e-007,-0.00230017
7.162692e-007,0.00240558
7.166692e-007,0.00946422
7.170692e-007,0.0118171
7.174692e-007,-0.00700593
7.178692e-007,0.00475846
7.182692e-007,0.00475846
7.186692e-007,5.27045e-005
7.190692e-007,0.00711134
7.194692e-007,-0.00935881
7.198692e-007,0.00946422
7.202692e-007,0.00711134
7.206692e-007,0.00946422
7.210692e-007,0.00475846
7.214692e-007,0.00240558
7.218692e-007,-0.00230017
7.222692e-007,0.00946422
7.226692e-007,5.27045e-005
7.230692e-007,0.00475846
7.234692e-007,-0.00935881
7.238692e-007,5.27045e-005
7.242692e-007,5.27045e-005
7.246692e-007,0.00946422
7.250692e-007,-0.00935881
7.254692e-007,0.00946422
7.258692e-007,-0.00465305
7.262692e-007,-0.00230017
7.266692e-007,5.27045e-005
7.270692e-007,-0.00935881
7.274692e-007,5.27045e-005
7.278692e-007,-0.00230017
7.282692e-007,-0.00230017
7.286692e-007,0.00946422
7.290692e-007,0.00240558
7.294692e-007,5.27045e-005
7.298692e-007,-0.00465305
7.302692e-007,-0.00465305
7.306692e-007,0.00946422
7.310692e-007,0.0118171
7.314692e-007,-0.00230017
7.318692e-007,0.00240558
7.322692e-007,-0.00465305
7.326692e-007,0.00240558
7.330692e-007,0.00946422
7.334692e-007,-0.00230017
7.338692e-007,-0.00230017
7.342692e-007,0.00711134
7.346692e-007,-0.00465305
7.350692e-007,0.0118171
7.354692e-007,0.00475846
7.358692e-007,5.27045e-005
7.362692e-007,-0.00230017
7.366692e-007,-0.00230017
7.370692e-007,0.0118171
7.374692e-007,0.01417
7.378692e-007,-0.00465305
7.382692e-007,0.00240558
7.386692e-007,0.00711134
7.390692e-007,0.0118171
7.394692e-007,5.27045e-005
7.398692e-007,-0.00700593
7.402692e-007,5.27045e-005
7.406692e-007,-0.00465305
7.410692e-007,-0.00465305
7.414692e-007,-0.00465305
7.418692e-007,0.00240558
7.422692e-007,5.27045e-005
7.426692e-007,5.27045e-005
7.430692e-007,0.00475846
7.434692e-007,0.00240558
7.438692e-007,0.00946422
7.442692e-007,-0.00465305
7.446692e-007,0.00475846
7.450692e-007,5.27045e-005
7.454692e-007,0.00240558
7.458692e-007,-0.00230017
7.462692e-007,0.00240558
7.466692e-007,0.00475846
7.470692e-007,5.27045e-005
7.474692e-007,-0.00465305
7.478692e-007,0.00240558
7.482692e-007,0.00946422
7.486692e-007,0.0118171
7.490692e-007,0.00240558
7.494692e-007,5.27045e-005
7.498692e-007,-0.00465305
7.502692e-007,0.00475846
7.506692e-007,-0.00700593
7.510692e-007,0.00946422
7.514692e-007,-0.00465305
7.518692e-007,0.00946422
7.522692e-007,0.00711134
7.526692e-007,0.00711134
7.530692e-007,0.00475846
7.534692e-007,0.0118171
7.538692e-007,5.27045e-005
7.542692e-007,5.27045e-005
7.546692e-007,-0.00465305
7.550692e-007,5.27045e-005
7.554692e-007,5.27045e-005
7.558692e-007,-0.00465305
7.562692e-007,0.00946422
7.566692e-007,0.01417
7.570692e-007,0.00711134
7.574692e-007,5.27045e-005
7.578692e-007,-0.00230017
7.582692e-007,0.00240558
7.586692e-007,0.00240558
7.590692e-007,0.00475846
7.594692e-007,-0.00230017
7.598692e-007,5.27045e-005
7.602692e-007,5.27045e-005
7.606692e-007,5.27045e-005
7.610692e-007,0.00475846
7.614692e-007,0.00240558
7.618692e-007,0.00240558
7.622692e-007,0.00711134
7.626692e-007,-0.00465305
7.630692e-007,0.00475846
7.634692e-007,-0.00935881
7.638692e-007,5.27045e-005
7.642692e-007,0.00240558
7.646692e-007,0.00475846
7.650692e-007,0.00240558
7.654692e-007,0.00711134
7.658692e-007,5.27045e-005
7.662692e-007,5.27045e-005
7.666692e-007,0.00711134
7.670692e-007,0.00711134
7.674692e-007,0.00475846
7.678692e-007,0.00946422
7.682692e-007,5.27045e-005
7.686692e-007,-0.00230017
7.690692e-007,-0.00230017
7.694692e-007,0.00946422
7.698692e-007,5.27045e-005
7.702692e-007,0.00475846
7.706692e-007,5.27045e-005
7.710692e-007,0.01417
7.714692e-007,0.00711134
7.718692e-007,-0.00230017
7.722692e-007,0.00475846
7.726692e-007,0.00240558
7.730692e-007,-0.00465305
7.734692e-007,5.27045e-005
7.738692e-007,0.0118171
7.742692e-007,0.00475846
7.746692e-007,0.00240558
7.750692e-007,-0.00230017
7.754692e-007,-0.00465305
7.758692e-007,0.00475846
7.762692e-007,-0.0140646
7.766692e-007,0.00475846
7.770692e-007,5.27045e-005
7.774692e-007,-0.00230017
7.778692e-007,0.00946422
7.782692e-007,-0.00700593
7.786692e-007,5.27045e-005
7.790692e-007,5.27045e-005
7.794692e-007,-0.00230017
7.798692e-007,0.00240558
7.802692e-007,-0.00700593
7.806692e-007,0.00711134
7.810692e-007,-0.00700593
7.814692e-007,-0.00230017
7.818692e-007,-0.00230017
7.822692e-007,0.00475846
7.826692e-007,-0.00230017
7.830692e-007,0.00240558
7.834692e-007,0.00475846
7.838692e-007,-0.00230017
7.842692e-007,0.00240558
7.846692e-007,0.00475846
7.850692e-007,-0.00230017
7.854692e-007,0.00711134
7.858692e-007,5.27045e-005
7.862692e-007,0.00240558
7.866692e-007,-0.00230017
7.870692e-007,-0.00230017
7.874692e-007,0.00475846
7.878692e-007,5.27045e-005
7.882692e-007,-0.00230017
7.886692e-007,5.27045e-005
7.890692e-007,-0.00465305
7.894692e-007,0.00475846
7.898692e-007,0.00711134
7.902692e-007,0.0118171
7.906692e-007,0.00711134
7.910692e-007,-0.00700593
7.914692e-007,0.00946422
7.918692e-007,-0.00465305
7.922692e-007,5.27045e-005
7.926692e-007,0.00711134
7.930692e-007,0.00475846
7.934692e-007,5.27045e-005
7.938692e-007,0.0165229
7.942692e-007,0.00711134
7.946692e-007,0.00240558
7.950692e-007,0.00475846
7.954692e-007,-0.00465305
7.958692e-007,0.00475846
7.962692e-007,5.27045e-005
7.966692e-007,0.0118171
7.970692e-007,0.00240558
7.974692e-007,0.00946422
7.978692e-007,0.0118171
7.982692e-007,0.00946422
7.986692e-007,-0.0117117
7.990692e-007,0.00711134
7.994692e-007,0.00946422
7.998692e-007,0.0118171
8.002692e-007,0.00946422
