LECROYWS4104HD,18971,Waveform
Segments,1,SegmentSize,2502
Segment,TrigTime,TimeSinceSegment1
#1,14-Jan-2025 18:33:00,0                 
Time,Ampl
-2.001308e-007,0.00711134
-1.997308e-007,5.27045e-005
-1.993308e-007,0.00946422
-1.989308e-007,0.00240558
-1.985308e-007,0.00946422
-1.981308e-007,0.00711134
-1.977308e-007,0.00475846
-1.973308e-007,-0.00230017
-1.969308e-007,0.00475846
-1.965308e-007,0.00240558
-1.961308e-007,-0.00230017
-1.957308e-007,-0.00465305
-1.953308e-007,5.27045e-005
-1.949308e-007,5.27045e-005
-1.945308e-007,0.00475846
-1.941308e-007,0.00240558
-1.937308e-007,0.00711134
-1.933308e-007,0.00240558
-1.929308e-007,-0.00230017
-1.925308e-007,0.00711134
-1.921308e-007,0.00946422
-1.917308e-007,0.00475846
-1.913308e-007,0.00240558
-1.909308e-007,0.00240558
-1.905308e-007,0.0118171
-1.901308e-007,0.00240558
-1.897308e-007,0.00240558
-1.893308e-007,5.27045e-005
-1.889308e-007,0.00475846
-1.885308e-007,5.27045e-005
-1.881308e-007,-0.00465305
-1.877308e-007,-0.00465305
-1.873308e-007,0.00946422
-1.869308e-007,0.00946422
-1.865308e-007,0.00475846
-1.861308e-007,0.00240558
-1.857308e-007,0.00946422
-1.853308e-007,-0.00465305
-1.849308e-007,0.0118171
-1.845308e-007,0.00240558
-1.841308e-007,0.00711134
-1.837308e-007,0.00946422
-1.833308e-007,0.00475846
-1.829308e-007,0.00711134
-1.825308e-007,0.00711134
-1.821308e-007,0.00475846
-1.817308e-007,0.00475846
-1.813308e-007,5.27045e-005
-1.809308e-007,0.00711134
-1.805308e-007,0.00240558
-1.801308e-007,-0.00230017
-1.797308e-007,0.0118171
-1.793308e-007,0.00946422
-1.789308e-007,-0.00935881
-1.785308e-007,0.00711134
-1.781308e-007,-0.00230017
-1.777308e-007,0.00711134
-1.773308e-007,0.00946422
-1.769308e-007,0.00475846
-1.765308e-007,-0.00700593
-1.761308e-007,5.27045e-005
-1.757308e-007,-0.00465305
-1.753308e-007,0.00946422
-1.749308e-007,0.00946422
-1.745308e-007,5.27045e-005
-1.741308e-007,5.27045e-005
-1.737308e-007,0.00240558
-1.733308e-007,0.0118171
-1.729308e-007,0.00240558
-1.725308e-007,5.27045e-005
-1.721308e-007,0.00711134
-1.717308e-007,5.27045e-005
-1.713308e-007,0.0165229
-1.709308e-007,0.00475846
-1.705308e-007,0.00711134
-1.701308e-007,-0.00230017
-1.697308e-007,0.00711134
-1.693308e-007,5.27045e-005
-1.689308e-007,0.00475846
-1.685308e-007,0.00475846
-1.681308e-007,0.00240558
-1.677308e-007,0.00240558
-1.673308e-007,-0.00465305
-1.669308e-007,0.00240558
-1.665308e-007,0.00946422
-1.661308e-007,-0.0117117
-1.657308e-007,0.00240558
-1.653308e-007,-0.00230017
-1.649308e-007,0.0118171
-1.645308e-007,0.00240558
-1.641308e-007,0.0165229
-1.637308e-007,0.00475846
-1.633308e-007,0.00946422
-1.629308e-007,5.27045e-005
-1.625308e-007,0.00240558
-1.621308e-007,0.00240558
-1.617308e-007,0.00711134
-1.613308e-007,0.00946422
-1.609308e-007,0.00475846
-1.605308e-007,0.00475846
-1.601308e-007,0.0165229
-1.597308e-007,-0.00935881
-1.593308e-007,0.0118171
-1.589308e-007,0.00240558
-1.585308e-007,0.01417
-1.581308e-007,0.00711134
-1.577308e-007,0.00946422
-1.573308e-007,0.00711134
-1.569308e-007,-0.00230017
-1.565308e-007,-0.00465305
-1.561308e-007,0.00240558
-1.557308e-007,0.00946422
-1.553308e-007,0.00946422
-1.549308e-007,-0.00465305
-1.545308e-007,0.00475846
-1.541308e-007,0.00946422
-1.537308e-007,0.01417
-1.533308e-007,-0.00700593
-1.529308e-007,0.00946422
-1.525308e-007,0.00475846
-1.521308e-007,0.00240558
-1.517308e-007,5.27045e-005
-1.513308e-007,-0.00230017
-1.509308e-007,5.27045e-005
-1.505308e-007,5.27045e-005
-1.501308e-007,5.27045e-005
-1.497308e-007,-0.00230017
-1.493308e-007,0.00475846
-1.489308e-007,-0.00230017
-1.485308e-007,0.00711134
-1.481308e-007,0.00240558
-1.477308e-007,0.0212286
-1.473308e-007,0.00946422
-1.469308e-007,5.27045e-005
-1.465308e-007,-0.00230017
-1.461308e-007,-0.00230017
-1.457308e-007,-0.00230017
-1.453308e-007,0.00711134
-1.449308e-007,0.00946422
-1.445308e-007,-0.00935881
-1.441308e-007,0.00711134
-1.437308e-007,0.00946422
-1.433308e-007,0.00240558
-1.429308e-007,0.00946422
-1.425308e-007,-0.00230017
-1.421308e-007,0.00240558
-1.417308e-007,-0.00465305
-1.413308e-007,0.0165229
-1.409308e-007,-0.00230017
-1.405308e-007,-0.00230017
-1.401308e-007,0.00475846
-1.397308e-007,0.00711134
-1.393308e-007,0.0118171
-1.389308e-007,0.00475846
-1.385308e-007,0.00240558
-1.381308e-007,-0.00230017
-1.377308e-007,0.00475846
-1.373308e-007,0.00711134
-1.369308e-007,0.00240558
-1.365308e-007,5.27045e-005
-1.361308e-007,0.00711134
-1.357308e-007,5.27045e-005
-1.353308e-007,0.00475846
-1.349308e-007,5.27045e-005
-1.345308e-007,0.0165229
-1.341308e-007,-0.0117117
-1.337308e-007,0.00475846
-1.333308e-007,0.0118171
-1.329308e-007,0.00946422
-1.325308e-007,0.00946422
-1.321308e-007,0.00475846
-1.317308e-007,0.00240558
-1.313308e-007,0.00240558
-1.309308e-007,5.27045e-005
-1.305308e-007,0.00711134
-1.301308e-007,0.00240558
-1.297308e-007,0.00946422
-1.293308e-007,-0.00465305
-1.289308e-007,0.00240558
-1.285308e-007,0.01417
-1.281308e-007,0.00475846
-1.277308e-007,-0.00230017
-1.273308e-007,0.00475846
-1.269308e-007,0.00711134
-1.265308e-007,0.0118171
-1.261308e-007,0.00711134
-1.257308e-007,-0.00230017
-1.253308e-007,5.27045e-005
-1.249308e-007,-0.00935881
-1.245308e-007,-0.00230017
-1.241308e-007,0.00240558
-1.237308e-007,0.00475846
-1.233308e-007,5.27045e-005
-1.229308e-007,0.00475846
-1.225308e-007,0.00946422
-1.221308e-007,0.00946422
-1.217308e-007,0.01417
-1.213308e-007,0.00240558
-1.209308e-007,-0.00230017
-1.205308e-007,-0.00230017
-1.201308e-007,0.00711134
-1.197308e-007,0.00711134
-1.193308e-007,0.0118171
-1.189308e-007,0.00240558
-1.185308e-007,0.00711134
-1.181308e-007,0.00240558
-1.177308e-007,-0.00230017
-1.173308e-007,0.00946422
-1.169308e-007,0.00240558
-1.165308e-007,0.00240558
-1.161308e-007,-0.00465305
-1.157308e-007,5.27045e-005
-1.153308e-007,-0.00700593
-1.149308e-007,-0.00700593
-1.145308e-007,0.00475846
-1.141308e-007,0.00711134
-1.137308e-007,0.00475846
-1.133308e-007,5.27045e-005
-1.129308e-007,0.00711134
-1.125308e-007,-0.00230017
-1.121308e-007,0.00475846
-1.117308e-007,5.27045e-005
-1.113308e-007,0.00711134
-1.109308e-007,0.00475846
-1.105308e-007,0.0165229
-1.101308e-007,0.0118171
-1.097308e-007,0.00475846
-1.093308e-007,0.00240558
-1.089308e-007,0.00946422
-1.085308e-007,-0.0164174
-1.081308e-007,0.00711134
-1.077308e-007,5.27045e-005
-1.073308e-007,0.01417
-1.069308e-007,5.27045e-005
-1.065308e-007,-0.00230017
-1.061308e-007,0.00475846
-1.057308e-007,-0.00230017
-1.053308e-007,-0.00230017
-1.049308e-007,0.00240558
-1.045308e-007,0.00475846
-1.041308e-007,0.0118171
-1.037308e-007,0.00711134
-1.033308e-007,0.0118171
-1.029308e-007,0.00946422
-1.025308e-007,0.00711134
-1.021308e-007,5.27045e-005
-1.017308e-007,0.00711134
-1.013308e-007,5.27045e-005
-1.009308e-007,0.00240558
-1.005308e-007,5.27045e-005
-1.001308e-007,-0.00230017
-9.97308e-008,5.27045e-005
-9.93308e-008,0.00946422
-9.89308e-008,0.00240558
-9.85308e-008,0.00946422
-9.81308e-008,0.0165229
-9.77308e-008,0.0188757
-9.73308e-008,0.00475846
-9.69308e-008,-0.00935881
-9.65308e-008,0.00946422
-9.61308e-008,0.00946422
-9.57308e-008,-0.00465305
-9.53308e-008,0.00711134
-9.49308e-008,-0.00935881
-9.45308e-008,0.00475846
-9.41308e-008,-0.00230017
-9.37308e-008,0.01417
-9.33308e-008,0.00240558
-9.29308e-008,5.27045e-005
-9.25308e-008,-0.00700593
-9.21308e-008,5.27045e-005
-9.17308e-008,0.00946422
-9.13308e-008,5.27045e-005
-9.09308e-008,-0.00230017
-9.05308e-008,0.00240558
-9.01308e-008,0.00240558
-8.97308e-008,0.00946422
-8.93308e-008,-0.00465305
-8.89308e-008,0.00240558
-8.85308e-008,0.00946422
-8.81308e-008,0.0118171
-8.77308e-008,0.00711134
-8.73308e-008,0.00711134
-8.69308e-008,5.27045e-005
-8.65308e-008,5.27045e-005
-8.61308e-008,5.27045e-005
-8.57308e-008,0.00240558
-8.53308e-008,0.00240558
-8.49308e-008,0.00711134
-8.45308e-008,0.0165229
-8.41308e-008,-0.00230017
-8.37308e-008,0.00475846
-8.33308e-008,0.00946422
-8.29308e-008,-0.00465305
-8.25308e-008,0.00711134
-8.21308e-008,0.00240558
-8.17308e-008,0.01417
-8.13308e-008,0.00475846
-8.09308e-008,0.00946422
-8.05308e-008,0.0165229
-8.01308e-008,-0.00230017
-7.97308e-008,-0.00465305
-7.93308e-008,0.00240558
-7.89308e-008,5.27045e-005
-7.85308e-008,0.00946422
-7.81308e-008,0.00240558
-7.77308e-008,0.00711134
-7.73308e-008,-0.00465305
-7.69308e-008,0.00946422
-7.65308e-008,-0.00935881
-7.61308e-008,-0.00465305
-7.57308e-008,5.27045e-005
-7.53308e-008,0.00240558
-7.49308e-008,0.00946422
-7.45308e-008,-0.00230017
-7.41308e-008,5.27045e-005
-7.37308e-008,0.00711134
-7.33308e-008,-0.00700593
-7.29308e-008,0.00240558
-7.25308e-008,0.00475846
-7.21308e-008,-0.00230017
-7.17308e-008,0.00946422
-7.13308e-008,0.00240558
-7.09308e-008,0.00946422
-7.05308e-008,0.00711134
-7.01308e-008,0.00240558
-6.97308e-008,0.00240558
-6.93308e-008,-0.00230017
-6.89308e-008,0.00240558
-6.85308e-008,0.00946422
-6.81308e-008,5.27045e-005
-6.77308e-008,0.00711134
-6.73308e-008,0.00475846
-6.69308e-008,0.00240558
-6.65308e-008,5.27045e-005
-6.61308e-008,0.00946422
-6.57308e-008,0.00711134
-6.53308e-008,0.00240558
-6.49308e-008,-0.00465305
-6.45308e-008,5.27045e-005
-6.41308e-008,0.00475846
-6.37308e-008,-0.00465305
-6.33308e-008,0.00711134
-6.29308e-008,0.00240558
-6.25308e-008,0.0165229
-6.21308e-008,-0.00230017
-6.17308e-008,0.00711134
-6.13308e-008,-0.00230017
-6.09308e-008,5.27045e-005
-6.05308e-008,5.27045e-005
-6.01308e-008,0.00711134
-5.97308e-008,-0.00230017
-5.93308e-008,0.00240558
-5.89308e-008,0.00711134
-5.85308e-008,-0.00700593
-5.81308e-008,0.00240558
-5.77308e-008,0.00475846
-5.73308e-008,-0.00935881
-5.69308e-008,0.0188757
-5.65308e-008,-0.00465305
-5.61308e-008,0.00711134
-5.57308e-008,-0.00230017
-5.53308e-008,0.00946422
-5.49308e-008,0.00475846
-5.45308e-008,0.00946422
-5.41308e-008,0.00240558
-5.37308e-008,0.00240558
-5.33308e-008,5.27045e-005
-5.29308e-008,-0.00230017
-5.25308e-008,0.00240558
-5.21308e-008,0.00711134
-5.17308e-008,0.00475846
-5.13308e-008,0.0118171
-5.09308e-008,-0.00230017
-5.05308e-008,0.00711134
-5.01308e-008,-0.00230017
-4.97308e-008,0.00240558
-4.93308e-008,0.00711134
-4.89308e-008,0.00475846
-4.85308e-008,0.00946422
-4.81308e-008,0.00711134
-4.77308e-008,-0.00935881
-4.73308e-008,5.27045e-005
-4.69308e-008,0.00240558
-4.65308e-008,5.27045e-005
-4.61308e-008,-0.0117117
-4.57308e-008,0.00240558
-4.53308e-008,0.00475846
-4.49308e-008,0.00946422
-4.45308e-008,0.00711134
-4.41308e-008,0.00240558
-4.37308e-008,0.00475846
-4.33308e-008,0.00946422
-4.29308e-008,0.00946422
-4.25308e-008,0.00711134
-4.21308e-008,0.00475846
-4.17308e-008,0.00711134
-4.13308e-008,0.00240558
-4.09308e-008,0.00240558
-4.05308e-008,0.00240558
-4.01308e-008,0.00711134
-3.97308e-008,0.00240558
-3.93308e-008,-0.00465305
-3.89308e-008,0.00946422
-3.85308e-008,5.27045e-005
-3.81308e-008,0.00475846
-3.77308e-008,5.27045e-005
-3.73308e-008,-0.00230017
-3.69308e-008,0.00711134
-3.65308e-008,0.00240558
-3.61308e-008,5.27045e-005
-3.57308e-008,-0.00230017
-3.53308e-008,5.27045e-005
-3.49308e-008,0.00711134
-3.45308e-008,0.00711134
-3.41308e-008,0.00946422
-3.37308e-008,0.00711134
-3.33308e-008,0.0165229
-3.29308e-008,-0.00230017
-3.25308e-008,0.00475846
-3.21308e-008,0.00946422
-3.17308e-008,0.00475846
-3.13308e-008,0.00711134
-3.09308e-008,5.27045e-005
-3.05308e-008,0.00946422
-3.01308e-008,0.00475846
-2.97308e-008,0.00946422
-2.93308e-008,0.0118171
-2.89308e-008,-0.00230017
-2.85308e-008,5.27045e-005
-2.81308e-008,0.00240558
-2.77308e-008,5.27045e-005
-2.73308e-008,0.00475846
-2.69308e-008,0.00711134
-2.65308e-008,5.27045e-005
-2.61308e-008,0.00475846
-2.57308e-008,-0.00230017
-2.53308e-008,-0.00230017
-2.49308e-008,0.00475846
-2.45308e-008,0.00475846
-2.41308e-008,0.00711134
-2.37308e-008,0.00711134
-2.33308e-008,-0.00230017
-2.29308e-008,0.00475846
-2.25308e-008,5.27045e-005
-2.21308e-008,0.00240558
-2.17308e-008,0.00240558
-2.13308e-008,0.00475846
-2.09308e-008,0.00240558
-2.05308e-008,-0.0117117
-2.01308e-008,0.00240558
-1.97308e-008,0.00475846
-1.93308e-008,0.00475846
-1.89308e-008,-0.00230017
-1.85308e-008,5.27045e-005
-1.81308e-008,-0.00465305
-1.77308e-008,0.0118171
-1.73308e-008,0.00946422
-1.69308e-008,0.00711134
-1.65308e-008,0.00240558
-1.61308e-008,0.00475846
-1.57308e-008,5.27045e-005
-1.53308e-008,0.0118171
-1.49308e-008,-0.00230017
-1.45308e-008,-0.00230017
-1.41308e-008,0.00475846
-1.37308e-008,0.00711134
-1.33308e-008,5.27045e-005
-1.29308e-008,0.00240558
-1.25308e-008,5.27045e-005
-1.21308e-008,0.00240558
-1.17308e-008,0.00711134
-1.13308e-008,0.00711134
-1.09308e-008,0.00240558
-1.05308e-008,0.00475846
-1.01308e-008,-0.00230017
-9.7308e-009,-0.00465305
-9.3308e-009,0.00711134
-8.9308e-009,0.00240558
-8.5308e-009,-0.00230017
-8.1308e-009,0.00946422
-7.7308e-009,0.00711134
-7.3308e-009,0.00475846
-6.9308e-009,-0.00465305
-6.5308e-009,-0.00700593
-6.1308e-009,-0.00465305
-5.7308e-009,0.0165229
-5.3308e-009,5.27045e-005
-4.9308e-009,0.00946422
-4.5308e-009,0.00946422
-4.1308e-009,0.01417
-3.7308e-009,0.0118171
-3.3308e-009,5.27045e-005
-2.9308e-009,0.00240558
-2.5308e-009,0.00475846
-2.1308e-009,0.0165229
-1.7308e-009,5.27045e-005
-1.3308e-009,5.27045e-005
-9.308e-010,0.00711134
-5.308e-010,0.00475846
-1.308e-010,0.00475846
2.692e-010,-0.00230017
6.692e-010,0.00475846
1.0692e-009,5.27045e-005
1.4692e-009,0.00240558
1.8692e-009,0.0118171
2.2692e-009,-0.00230017
2.6692e-009,0.0118171
3.0692e-009,5.27045e-005
3.4692e-009,5.27045e-005
3.8692e-009,-0.00465305
4.2692e-009,0.00240558
4.6692e-009,0.00711134
5.0692e-009,0.00711134
5.4692e-009,-0.00465305
5.8692e-009,0.0118171
6.2692e-009,0.00946422
6.6692e-009,5.27045e-005
7.0692e-009,0.00711134
7.4692e-009,0.00475846
7.8692e-009,0.00240558
8.2692e-009,0.00240558
8.6692e-009,0.00475846
9.0692e-009,0.00711134
9.4692e-009,0.00475846
9.8692e-009,0.00475846
1.02692e-008,0.00475846
1.06692e-008,-0.00230017
1.10692e-008,-0.00230017
1.14692e-008,0.00240558
1.18692e-008,-0.00700593
1.22692e-008,0.00475846
1.26692e-008,0.00946422
1.30692e-008,-0.00230017
1.34692e-008,0.00475846
1.38692e-008,0.0165229
1.42692e-008,0.0165229
1.46692e-008,0.00240558
1.50692e-008,0.00711134
1.54692e-008,0.00711134
1.58692e-008,5.27045e-005
1.62692e-008,0.0118171
1.66692e-008,0.00711134
1.70692e-008,0.0118171
1.74692e-008,0.00240558
1.78692e-008,0.0165229
1.82692e-008,0.00475846
1.86692e-008,0.0118171
1.90692e-008,5.27045e-005
1.94692e-008,-0.00465305
1.98692e-008,0.00475846
2.02692e-008,0.00240558
2.06692e-008,0.0212286
2.10692e-008,5.27045e-005
2.14692e-008,0.00946422
2.18692e-008,0.0165229
2.22692e-008,0.00240558
2.26692e-008,0.00240558
2.30692e-008,-0.00230017
2.34692e-008,0.00711134
2.38692e-008,0.00946422
2.42692e-008,-0.00230017
2.46692e-008,-0.00230017
2.50692e-008,5.27045e-005
2.54692e-008,0.00946422
2.58692e-008,-0.00230017
2.62692e-008,0.0118171
2.66692e-008,0.00946422
2.70692e-008,0.00475846
2.74692e-008,0.01417
2.78692e-008,-0.00230017
2.82692e-008,0.00946422
2.86692e-008,0.00711134
2.90692e-008,-0.00230017
2.94692e-008,0.00475846
2.98692e-008,0.00475846
3.02692e-008,0.00711134
3.06692e-008,-0.0117117
3.10692e-008,0.00711134
3.14692e-008,-0.00700593
3.18692e-008,0.00240558
3.22692e-008,0.00475846
3.26692e-008,0.00711134
3.30692e-008,-0.00230017
3.34692e-008,0.00240558
3.38692e-008,-0.00465305
3.42692e-008,0.00240558
3.46692e-008,0.00240558
3.50692e-008,0.00946422
3.54692e-008,5.27045e-005
3.58692e-008,0.00475846
3.62692e-008,0.00475846
3.66692e-008,0.00711134
3.70692e-008,0.00240558
3.74692e-008,0.00240558
3.78692e-008,0.00711134
3.82692e-008,0.00240558
3.86692e-008,-0.0117117
3.90692e-008,0.00475846
3.94692e-008,5.27045e-005
3.98692e-008,0.00240558
4.02692e-008,0.00711134
4.06692e-008,0.00475846
4.10692e-008,-0.00230017
4.14692e-008,-0.00230017
4.18692e-008,0.00711134
4.22692e-008,0.00475846
4.26692e-008,-0.00700593
4.30692e-008,0.00711134
4.34692e-008,0.00946422
4.38692e-008,0.00475846
4.42692e-008,0.00475846
4.46692e-008,5.27045e-005
4.50692e-008,-0.00935881
4.54692e-008,0.00475846
4.58692e-008,5.27045e-005
4.62692e-008,0.01417
4.66692e-008,0.00946422
4.70692e-008,0.01417
4.74692e-008,0.0118171
4.78692e-008,0.00946422
4.82692e-008,5.27045e-005
4.86692e-008,0.00475846
4.90692e-008,0.00475846
4.94692e-008,0.0118171
4.98692e-008,5.27045e-005
5.02692e-008,0.00240558
5.06692e-008,0.00946422
5.10692e-008,0.00475846
5.14692e-008,-0.00230017
5.18692e-008,0.00946422
5.22692e-008,5.27045e-005
5.26692e-008,0.00240558
5.30692e-008,0.0118171
5.34692e-008,0.00475846
5.38692e-008,5.27045e-005
5.42692e-008,0.00475846
5.46692e-008,-0.00700593
5.50692e-008,0.00475846
5.54692e-008,0.00711134
5.58692e-008,5.27045e-005
5.62692e-008,0.00711134
5.66692e-008,-0.00465305
5.70692e-008,0.00475846
5.74692e-008,0.00946422
5.78692e-008,5.27045e-005
5.82692e-008,0.00240558
5.86692e-008,-0.00230017
5.90692e-008,0.00475846
5.94692e-008,0.0118171
5.98692e-008,0.00240558
6.02692e-008,0.00711134
6.06692e-008,0.00711134
6.10692e-008,0.00240558
6.14692e-008,0.00475846
6.18692e-008,-0.00230017
6.22692e-008,-0.00465305
6.26692e-008,0.00240558
6.30692e-008,0.0118171
6.34692e-008,0.00240558
6.38692e-008,0.00240558
6.42692e-008,-0.00230017
6.46692e-008,0.00240558
6.50692e-008,0.00240558
6.54692e-008,0.00711134
6.58692e-008,-0.00465305
6.62692e-008,0.00240558
6.66692e-008,-0.00230017
6.70692e-008,0.00240558
6.74692e-008,0.00711134
6.78692e-008,0.00240558
6.82692e-008,0.00240558
6.86692e-008,0.00240558
6.90692e-008,0.00711134
6.94692e-008,0.00946422
6.98692e-008,5.27045e-005
7.02692e-008,0.00946422
7.06692e-008,-0.00465305
7.10692e-008,0.00475846
7.14692e-008,0.00475846
7.18692e-008,0.00240558
7.22692e-008,0.00946422
7.26692e-008,0.00475846
7.30692e-008,0.00240558
7.34692e-008,0.0118171
7.38692e-008,0.00475846
7.42692e-008,0.00475846
7.46692e-008,-0.00465305
7.50692e-008,0.00475846
7.54692e-008,0.00711134
7.58692e-008,5.27045e-005
7.62692e-008,0.00946422
7.66692e-008,5.27045e-005
7.70692e-008,-0.00230017
7.74692e-008,-0.00465305
7.78692e-008,-0.00230017
7.82692e-008,0.0118171
7.86692e-008,0.00711134
7.90692e-008,5.27045e-005
7.94692e-008,0.00946422
7.98692e-008,0.00711134
8.02692e-008,0.00240558
8.06692e-008,-0.00465305
8.10692e-008,5.27045e-005
8.14692e-008,0.00240558
8.18692e-008,-0.00700593
8.22692e-008,-0.00230017
8.26692e-008,0.00475846
8.30692e-008,0.00946422
8.34692e-008,5.27045e-005
8.38692e-008,0.00475846
8.42692e-008,0.00475846
8.46692e-008,0.00240558
8.50692e-008,0.00475846
8.54692e-008,0.00475846
8.58692e-008,-0.00230017
8.62692e-008,0.00475846
8.66692e-008,5.27045e-005
8.70692e-008,0.0165229
8.74692e-008,0.00475846
8.78692e-008,0.00240558
8.82692e-008,0.00946422
8.86692e-008,-0.00230017
8.90692e-008,5.27045e-005
8.94692e-008,0.00946422
8.98692e-008,0.00711134
9.02692e-008,-0.00230017
9.06692e-008,5.27045e-005
9.10692e-008,0.00475846
9.14692e-008,0.00711134
9.18692e-008,0.00240558
9.22692e-008,-0.00465305
9.26692e-008,5.27045e-005
9.30692e-008,5.27045e-005
9.34692e-008,0.00240558
9.38692e-008,-0.00230017
9.42692e-008,5.27045e-005
9.46692e-008,0.0118171
9.50692e-008,0.00475846
9.54692e-008,-0.00230017
9.58692e-008,0.00475846
9.62692e-008,5.27045e-005
9.66692e-008,0.0188757
9.70692e-008,0.00240558
9.74692e-008,0.0118171
9.78692e-008,0.00711134
9.82692e-008,0.00475846
9.86692e-008,-0.00230017
9.90692e-008,0.00240558
9.94692e-008,0.00240558
9.98692e-008,0.00711134
1.002692e-007,0.00475846
1.006692e-007,5.27045e-005
1.010692e-007,-0.0140646
1.014692e-007,0.00240558
1.018692e-007,-0.00465305
1.022692e-007,0.01417
1.026692e-007,5.27045e-005
1.030692e-007,0.00946422
1.034692e-007,-0.00465305
1.038692e-007,-0.00465305
1.042692e-007,0.01417
1.046692e-007,-0.00230017
1.050692e-007,0.00946422
1.054692e-007,-0.00230017
1.058692e-007,-0.00935881
1.062692e-007,0.00711134
1.066692e-007,-0.0117117
1.070692e-007,5.27045e-005
1.074692e-007,5.27045e-005
1.078692e-007,0.00240558
1.082692e-007,0.0118171
1.086692e-007,0.00711134
1.090692e-007,-0.0117117
1.094692e-007,-0.00465305
1.098692e-007,-0.00230017
1.102692e-007,-0.00230017
1.106692e-007,0.00946422
1.110692e-007,0.00711134
1.114692e-007,-0.00230017
1.118692e-007,0.00475846
1.122692e-007,5.27045e-005
1.126692e-007,5.27045e-005
1.130692e-007,0.00946422
1.134692e-007,0.00240558
1.138692e-007,0.00240558
1.142692e-007,-0.00230017
1.146692e-007,-0.00230017
1.150692e-007,-0.00230017
1.154692e-007,0.00711134
1.158692e-007,0.00475846
1.162692e-007,0.00711134
1.166692e-007,0.0118171
1.170692e-007,0.00711134
1.174692e-007,0.00240558
1.178692e-007,5.27045e-005
1.182692e-007,5.27045e-005
1.186692e-007,0.00711134
1.190692e-007,5.27045e-005
1.194692e-007,0.0118171
1.198692e-007,0.00240558
1.202692e-007,0.00711134
1.206692e-007,0.00475846
1.210692e-007,-0.00230017
1.214692e-007,0.0165229
1.218692e-007,-0.00465305
1.222692e-007,0.0118171
1.226692e-007,0.00240558
1.230692e-007,0.01417
1.234692e-007,0.00946422
1.238692e-007,0.00475846
1.242692e-007,0.00475846
1.246692e-007,0.00946422
1.250692e-007,-0.00465305
1.254692e-007,0.00240558
1.258692e-007,0.00946422
1.262692e-007,0.00946422
1.266692e-007,0.00711134
1.270692e-007,5.27045e-005
1.274692e-007,5.27045e-005
1.278692e-007,0.00711134
1.282692e-007,-0.00230017
1.286692e-007,0.00946422
1.290692e-007,0.00475846
1.294692e-007,0.00711134
1.298692e-007,0.00946422
1.302692e-007,-0.00230017
1.306692e-007,0.00475846
1.310692e-007,0.00711134
1.314692e-007,0.00240558
1.318692e-007,0.00475846
1.322692e-007,0.00475846
1.326692e-007,5.27045e-005
1.330692e-007,0.00711134
1.334692e-007,-0.00230017
1.338692e-007,0.0118171
1.342692e-007,0.00240558
1.346692e-007,0.00475846
1.350692e-007,0.00240558
1.354692e-007,5.27045e-005
1.358692e-007,0.00946422
1.362692e-007,0.00240558
1.366692e-007,0.00711134
1.370692e-007,0.00240558
1.374692e-007,0.01417
1.378692e-007,0.00475846
1.382692e-007,0.00475846
1.386692e-007,0.00946422
1.390692e-007,0.00240558
1.394692e-007,0.01417
1.398692e-007,-0.00465305
1.402692e-007,0.00946422
1.406692e-007,0.00475846
1.410692e-007,-0.00230017
1.414692e-007,0.00475846
1.418692e-007,-0.00230017
1.422692e-007,0.00240558
1.426692e-007,0.00475846
1.430692e-007,-0.00465305
1.434692e-007,0.00711134
1.438692e-007,-0.00230017
1.442692e-007,0.00711134
1.446692e-007,5.27045e-005
1.450692e-007,-0.00465305
1.454692e-007,0.00711134
1.458692e-007,5.27045e-005
1.462692e-007,-0.00465305
1.466692e-007,5.27045e-005
1.470692e-007,0.00946422
1.474692e-007,0.00240558
1.478692e-007,0.01417
1.482692e-007,-0.00230017
1.486692e-007,0.00946422
1.490692e-007,0.00946422
1.494692e-007,0.00240558
1.498692e-007,0.00475846
1.502692e-007,5.27045e-005
1.506692e-007,-0.00230017
1.510692e-007,-0.00230017
1.514692e-007,0.00711134
1.518692e-007,-0.00230017
1.522692e-007,0.00240558
1.526692e-007,0.0118171
1.530692e-007,0.00946422
1.534692e-007,0.00475846
1.538692e-007,-0.00700593
1.542692e-007,0.00711134
1.546692e-007,5.27045e-005
1.550692e-007,0.00475846
1.554692e-007,0.01417
1.558692e-007,-0.00230017
1.562692e-007,5.27045e-005
1.566692e-007,0.00475846
1.570692e-007,5.27045e-005
1.574692e-007,0.00946422
1.578692e-007,5.27045e-005
1.582692e-007,-0.00230017
1.586692e-007,5.27045e-005
1.590692e-007,0.00240558
1.594692e-007,0.00711134
1.598692e-007,0.00946422
1.602692e-007,-0.00935881
1.606692e-007,0.00240558
1.610692e-007,-0.00230017
1.614692e-007,0.01417
1.618692e-007,0.00946422
1.622692e-007,0.00711134
1.626692e-007,0.00946422
1.630692e-007,0.00946422
1.634692e-007,0.00240558
1.638692e-007,0.00475846
1.642692e-007,-0.00230017
1.646692e-007,0.00240558
1.650692e-007,0.00240558
1.654692e-007,0.00711134
1.658692e-007,5.27045e-005
1.662692e-007,5.27045e-005
1.666692e-007,0.00475846
1.670692e-007,0.00240558
1.674692e-007,0.00946422
1.678692e-007,0.0188757
1.682692e-007,0.00240558
1.686692e-007,0.00946422
1.690692e-007,0.00475846
1.694692e-007,0.00711134
1.698692e-007,0.00240558
1.702692e-007,0.00711134
1.706692e-007,0.00475846
1.710692e-007,0.0118171
1.714692e-007,0.00946422
1.718692e-007,-0.00230017
1.722692e-007,5.27045e-005
1.726692e-007,0.00475846
1.730692e-007,-0.00700593
1.734692e-007,0.00475846
1.738692e-007,0.00240558
1.742692e-007,0.0188757
1.746692e-007,0.00475846
1.750692e-007,0.00240558
1.754692e-007,0.0118171
1.758692e-007,0.00946422
1.762692e-007,0.00946422
1.766692e-007,5.27045e-005
1.770692e-007,0.0118171
1.774692e-007,0.0118171
1.778692e-007,0.00946422
1.782692e-007,5.27045e-005
1.786692e-007,0.00240558
1.790692e-007,0.0118171
1.794692e-007,-0.00230017
1.798692e-007,0.00475846
1.802692e-007,0.00946422
1.806692e-007,0.00475846
1.810692e-007,0.00711134
1.814692e-007,5.27045e-005
1.818692e-007,-0.00230017
1.822692e-007,0.00475846
1.826692e-007,-0.00230017
1.830692e-007,0.00240558
1.834692e-007,0.00475846
1.838692e-007,-0.00230017
1.842692e-007,-0.00465305
1.846692e-007,0.00240558
1.850692e-007,0.00946422
1.854692e-007,0.0165229
1.858692e-007,5.27045e-005
1.862692e-007,0.0118171
1.866692e-007,-0.00230017
1.870692e-007,0.01417
1.874692e-007,-0.00700593
1.878692e-007,0.00946422
1.882692e-007,-0.00230017
1.886692e-007,0.01417
1.890692e-007,0.00240558
1.894692e-007,0.0118171
1.898692e-007,0.00475846
1.902692e-007,0.00240558
1.906692e-007,0.00946422
1.910692e-007,-0.00935881
1.914692e-007,-0.00230017
1.918692e-007,0.0118171
1.922692e-007,-0.00465305
1.926692e-007,0.00240558
1.930692e-007,0.00240558
1.934692e-007,0.0118171
1.938692e-007,0.00240558
1.942692e-007,0.00240558
1.946692e-007,0.00475846
1.950692e-007,0.00240558
1.954692e-007,5.27045e-005
1.958692e-007,5.27045e-005
1.962692e-007,0.00946422
1.966692e-007,0.00240558
1.970692e-007,0.00711134
1.974692e-007,0.00475846
1.978692e-007,0.00475846
1.982692e-007,0.00946422
1.986692e-007,-0.00465305
1.990692e-007,0.00711134
1.994692e-007,0.00240558
1.998692e-007,0.00711134
2.002692e-007,-0.00230017
2.006692e-007,0.00946422
2.010692e-007,0.00475846
2.014692e-007,0.00240558
2.018692e-007,5.27045e-005
2.022692e-007,5.27045e-005
2.026692e-007,0.0118171
2.030692e-007,0.00475846
2.034692e-007,0.00240558
2.038692e-007,0.00240558
2.042692e-007,5.27045e-005
2.046692e-007,0.00946422
2.050692e-007,-0.00230017
2.054692e-007,0.00946422
2.058692e-007,0.00946422
2.062692e-007,0.00711134
2.066692e-007,0.00711134
2.070692e-007,0.00711134
2.074692e-007,5.27045e-005
2.078692e-007,5.27045e-005
2.082692e-007,-0.00935881
2.086692e-007,-0.00230017
2.090692e-007,0.00475846
2.094692e-007,5.27045e-005
2.098692e-007,5.27045e-005
2.102692e-007,0.00240558
2.106692e-007,5.27045e-005
2.110692e-007,0.00946422
2.114692e-007,-0.00230017
2.118692e-007,0.00240558
2.122692e-007,5.27045e-005
2.126692e-007,0.0118171
2.130692e-007,0.00946422
2.134692e-007,0.00240558
2.138692e-007,5.27045e-005
2.142692e-007,0.01417
2.146692e-007,0.0118171
2.150692e-007,0.00475846
2.154692e-007,0.00475846
2.158692e-007,0.00240558
2.162692e-007,-0.00465305
2.166692e-007,-0.00465305
2.170692e-007,-0.00230017
2.174692e-007,0.00946422
2.178692e-007,-0.00230017
2.182692e-007,0.00475846
2.186692e-007,0.00711134
2.190692e-007,0.0118171
2.194692e-007,0.00240558
2.198692e-007,0.00475846
2.202692e-007,-0.00230017
2.206692e-007,-0.00230017
2.210692e-007,5.27045e-005
2.214692e-007,5.27045e-005
2.218692e-007,0.00240558
2.222692e-007,0.00240558
2.226692e-007,0.00711134
2.230692e-007,-0.00230017
2.234692e-007,-0.00465305
2.238692e-007,5.27045e-005
2.242692e-007,-0.00935881
2.246692e-007,0.00711134
2.250692e-007,-0.00465305
2.254692e-007,0.00946422
2.258692e-007,0.00946422
2.262692e-007,0.00240558
2.266692e-007,0.0118171
2.270692e-007,0.00240558
2.274692e-007,-0.00935881
2.278692e-007,0.00711134
2.282692e-007,5.27045e-005
2.286692e-007,0.0118171
2.290692e-007,0.00240558
2.294692e-007,0.00475846
2.298692e-007,5.27045e-005
2.302692e-007,0.00475846
2.306692e-007,-0.00935881
2.310692e-007,0.0118171
2.314692e-007,0.00240558
2.318692e-007,5.27045e-005
2.322692e-007,0.01417
2.326692e-007,-0.00935881
2.330692e-007,5.27045e-005
2.334692e-007,0.00711134
2.338692e-007,-0.00230017
2.342692e-007,0.00475846
2.346692e-007,0.00475846
2.350692e-007,-0.00700593
2.354692e-007,5.27045e-005
2.358692e-007,0.00240558
2.362692e-007,-0.00230017
2.366692e-007,0.0188757
2.370692e-007,-0.00465305
2.374692e-007,0.00475846
2.378692e-007,5.27045e-005
2.382692e-007,-0.00230017
2.386692e-007,0.00711134
2.390692e-007,0.00711134
2.394692e-007,0.00711134
2.398692e-007,0.00475846
2.402692e-007,5.27045e-005
2.406692e-007,-0.00465305
2.410692e-007,0.00475846
2.414692e-007,5.27045e-005
2.418692e-007,0.00240558
2.422692e-007,0.00240558
2.426692e-007,0.00475846
2.430692e-007,0.00946422
2.434692e-007,0.00475846
2.438692e-007,0.00240558
2.442692e-007,0.00240558
2.446692e-007,0.00711134
2.450692e-007,0.0188757
2.454692e-007,-0.00465305
2.458692e-007,0.00240558
2.462692e-007,0.00475846
2.466692e-007,0.00711134
2.470692e-007,0.00475846
2.474692e-007,0.0118171
2.478692e-007,0.00711134
2.482692e-007,0.00711134
2.486692e-007,-0.00230017
2.490692e-007,0.00240558
2.494692e-007,0.00946422
2.498692e-007,-0.00935881
2.502692e-007,0.0118171
2.506692e-007,-0.00935881
2.510692e-007,0.0188757
2.514692e-007,0.00240558
2.518692e-007,0.00946422
2.522692e-007,0.00711134
2.526692e-007,0.00711134
2.530692e-007,-0.00935881
2.534692e-007,0.00946422
2.538692e-007,0.00711134
2.542692e-007,0.00475846
2.546692e-007,0.00946422
2.550692e-007,5.27045e-005
2.554692e-007,5.27045e-005
2.558692e-007,0.00946422
2.562692e-007,-0.00230017
2.566692e-007,0.00946422
2.570692e-007,0.00240558
2.574692e-007,0.00711134
2.578692e-007,0.00711134
2.582692e-007,-0.00230017
2.586692e-007,0.00475846
2.590692e-007,5.27045e-005
2.594692e-007,-0.00230017
2.598692e-007,-0.00230017
2.602692e-007,0.00475846
2.606692e-007,5.27045e-005
2.610692e-007,-0.00700593
2.614692e-007,0.00240558
2.618692e-007,0.00240558
2.622692e-007,0.0118171
2.626692e-007,5.27045e-005
2.630692e-007,0.00475846
2.634692e-007,0.00475846
2.638692e-007,0.0118171
2.642692e-007,0.00240558
2.646692e-007,0.00475846
2.650692e-007,0.00475846
2.654692e-007,0.00946422
2.658692e-007,0.00475846
2.662692e-007,5.27045e-005
2.666692e-007,0.00946422
2.670692e-007,-0.00465305
2.674692e-007,0.00240558
2.678692e-007,-0.00465305
2.682692e-007,0.00711134
2.686692e-007,0.00240558
2.690692e-007,-0.00465305
2.694692e-007,0.00946422
2.698692e-007,0.00946422
2.702692e-007,0.00475846
2.706692e-007,0.00240558
2.710692e-007,0.00711134
2.714692e-007,-0.00230017
2.718692e-007,5.27045e-005
2.722692e-007,0.00711134
2.726692e-007,0.00240558
2.730692e-007,0.00240558
2.734692e-007,0.01417
2.738692e-007,0.00475846
2.742692e-007,0.00475846
2.746692e-007,0.00946422
2.750692e-007,0.00475846
2.754692e-007,5.27045e-005
2.758692e-007,0.00475846
2.762692e-007,5.27045e-005
2.766692e-007,0.0118171
2.770692e-007,0.00946422
2.774692e-007,0.00240558
2.778692e-007,0.0118171
2.782692e-007,0.00946422
2.786692e-007,5.27045e-005
2.790692e-007,0.00711134
2.794692e-007,0.00946422
2.798692e-007,0.00475846
2.802692e-007,5.27045e-005
2.806692e-007,5.27045e-005
2.810692e-007,0.00946422
2.814692e-007,0.00711134
2.818692e-007,5.27045e-005
2.822692e-007,0.00475846
2.826692e-007,0.00711134
2.830692e-007,0.00240558
2.834692e-007,0.01417
2.838692e-007,-0.00230017
2.842692e-007,0.00475846
2.846692e-007,0.00240558
2.850692e-007,0.00240558
2.854692e-007,0.00711134
2.858692e-007,0.00475846
2.862692e-007,0.00240558
2.866692e-007,-0.00465305
2.870692e-007,0.00240558
2.874692e-007,0.0165229
2.878692e-007,0.00475846
2.882692e-007,0.00240558
2.886692e-007,0.00475846
2.890692e-007,5.27045e-005
2.894692e-007,0.00240558
2.898692e-007,0.00240558
2.902692e-007,0.00711134
2.906692e-007,0.00475846
2.910692e-007,0.00475846
2.914692e-007,0.00475846
2.918692e-007,0.00240558
2.922692e-007,0.00946422
2.926692e-007,-0.00230017
2.930692e-007,0.00240558
2.934692e-007,-0.00465305
2.938692e-007,0.00946422
2.942692e-007,0.00475846
2.946692e-007,-0.00700593
2.950692e-007,-0.00700593
2.954692e-007,0.00711134
2.958692e-007,0.0118171
2.962692e-007,0.00240558
2.966692e-007,0.00711134
2.970692e-007,-0.00230017
2.974692e-007,0.00240558
2.978692e-007,-0.00465305
2.982692e-007,-0.00230017
2.986692e-007,0.00240558
2.990692e-007,0.00240558
2.994692e-007,0.00946422
2.998692e-007,0.00946422
3.002692e-007,-0.00230017
3.006692e-007,0.00946422
3.010692e-007,-0.00700593
3.014692e-007,0.01417
3.018692e-007,0.00475846
3.022692e-007,0.00946422
3.026692e-007,0.00711134
3.030692e-007,0.00240558
3.034692e-007,0.0118171
3.038692e-007,5.27045e-005
3.042692e-007,-0.00935881
3.046692e-007,0.00240558
3.050692e-007,0.00475846
3.054692e-007,0.00946422
3.058692e-007,-0.00465305
3.062692e-007,0.00240558
3.066692e-007,0.00475846
3.070692e-007,0.00946422
3.074692e-007,5.27045e-005
3.078692e-007,0.00475846
3.082692e-007,0.00475846
3.086692e-007,0.00240558
3.090692e-007,0.00946422
3.094692e-007,-0.00465305
3.098692e-007,0.00475846
3.102692e-007,0.00711134
3.106692e-007,0.00240558
3.110692e-007,-0.00465305
3.114692e-007,0.00475846
3.118692e-007,-0.00230017
3.122692e-007,0.00475846
3.126692e-007,0.00240558
3.130692e-007,0.0118171
3.134692e-007,0.00946422
3.138692e-007,5.27045e-005
3.142692e-007,0.00946422
3.146692e-007,-0.00465305
3.150692e-007,-0.00230017
3.154692e-007,0.00946422
3.158692e-007,-0.00230017
3.162692e-007,0.00240558
3.166692e-007,0.00711134
3.170692e-007,0.00240558
3.174692e-007,0.00240558
3.178692e-007,0.00240558
3.182692e-007,0.00240558
3.186692e-007,0.00240558
3.190692e-007,0.00711134
3.194692e-007,0.00475846
3.198692e-007,0.01417
3.202692e-007,0.00711134
3.206692e-007,0.00711134
3.210692e-007,5.27045e-005
3.214692e-007,0.0188757
3.218692e-007,0.00240558
3.222692e-007,0.00240558
3.226692e-007,-0.00230017
3.230692e-007,5.27045e-005
3.234692e-007,0.00240558
3.238692e-007,5.27045e-005
3.242692e-007,0.00946422
3.246692e-007,0.00711134
3.250692e-007,0.0118171
3.254692e-007,0.00711134
3.258692e-007,0.00946422
3.262692e-007,0.00475846
3.266692e-007,-0.00230017
3.270692e-007,0.00711134
3.274692e-007,0.00946422
3.278692e-007,0.00711134
3.282692e-007,0.01417
3.286692e-007,0.00475846
3.290692e-007,0.01417
3.294692e-007,5.27045e-005
3.298692e-007,0.00475846
3.302692e-007,0.00475846
3.306692e-007,0.00946422
3.310692e-007,0.00475846
3.314692e-007,0.00946422
3.318692e-007,-0.00230017
3.322692e-007,0.00711134
3.326692e-007,0.00475846
3.330692e-007,5.27045e-005
3.334692e-007,0.0118171
3.338692e-007,0.00946422
3.342692e-007,0.00475846
3.346692e-007,0.00711134
3.350692e-007,-0.00230017
3.354692e-007,0.00475846
3.358692e-007,0.00711134
3.362692e-007,0.00240558
3.366692e-007,5.27045e-005
3.370692e-007,0.00475846
3.374692e-007,0.0118171
3.378692e-007,0.00475846
3.382692e-007,-0.0117117
3.386692e-007,0.00946422
3.390692e-007,0.00711134
3.394692e-007,0.00240558
3.398692e-007,0.00711134
3.402692e-007,0.00711134
3.406692e-007,0.00711134
3.410692e-007,-0.00465305
3.414692e-007,0.00475846
3.418692e-007,0.00240558
3.422692e-007,0.00711134
3.426692e-007,0.00946422
3.430692e-007,0.01417
3.434692e-007,0.00240558
3.438692e-007,-0.00465305
3.442692e-007,0.00240558
3.446692e-007,0.00240558
3.450692e-007,0.00946422
3.454692e-007,0.00475846
3.458692e-007,0.00711134
3.462692e-007,0.00711134
3.466692e-007,0.00240558
3.470692e-007,0.00711134
3.474692e-007,0.00711134
3.478692e-007,5.27045e-005
3.482692e-007,5.27045e-005
3.486692e-007,0.00475846
3.490692e-007,0.00240558
3.494692e-007,-0.00465305
3.498692e-007,0.00946422
3.502692e-007,0.00711134
3.506692e-007,0.00946422
3.510692e-007,0.0118171
3.514692e-007,0.00240558
3.518692e-007,0.00946422
3.522692e-007,-0.00465305
3.526692e-007,0.00475846
3.530692e-007,5.27045e-005
3.534692e-007,0.00711134
3.538692e-007,0.0165229
3.542692e-007,0.00946422
3.546692e-007,-0.00230017
3.550692e-007,5.27045e-005
3.554692e-007,-0.00935881
3.558692e-007,0.00711134
3.562692e-007,0.00475846
3.566692e-007,0.00711134
3.570692e-007,-0.00465305
3.574692e-007,0.00711134
3.578692e-007,0.00946422
3.582692e-007,0.0118171
3.586692e-007,-0.00230017
3.590692e-007,0.00240558
3.594692e-007,0.00946422
3.598692e-007,0.0118171
3.602692e-007,0.00946422
3.606692e-007,-0.00465305
3.610692e-007,0.00475846
3.614692e-007,5.27045e-005
3.618692e-007,-0.00230017
3.622692e-007,0.00475846
3.626692e-007,0.00475846
3.630692e-007,0.00946422
3.634692e-007,0.00711134
3.638692e-007,-0.00700593
3.642692e-007,-0.00700593
3.646692e-007,0.00946422
3.650692e-007,0.00711134
3.654692e-007,0.00475846
3.658692e-007,-0.00465305
3.662692e-007,5.27045e-005
3.666692e-007,0.00240558
3.670692e-007,0.00946422
3.674692e-007,0.00946422
3.678692e-007,0.00946422
3.682692e-007,0.00946422
3.686692e-007,5.27045e-005
3.690692e-007,-0.00230017
3.694692e-007,0.00711134
3.698692e-007,0.00240558
3.702692e-007,-0.00230017
3.706692e-007,0.00711134
3.710692e-007,0.00475846
3.714692e-007,-0.00465305
3.718692e-007,0.00475846
3.722692e-007,5.27045e-005
3.726692e-007,0.0118171
3.730692e-007,0.00240558
3.734692e-007,0.00240558
3.738692e-007,-0.00230017
3.742692e-007,5.27045e-005
3.746692e-007,0.00711134
3.750692e-007,0.00240558
3.754692e-007,0.00240558
3.758692e-007,0.00240558
3.762692e-007,0.0118171
3.766692e-007,0.00946422
3.770692e-007,0.00475846
3.774692e-007,0.0118171
3.778692e-007,-0.00465305
3.782692e-007,0.00946422
3.786692e-007,0.00711134
3.790692e-007,0.01417
3.794692e-007,0.00240558
3.798692e-007,0.00946422
3.802692e-007,0.0118171
3.806692e-007,-0.00700593
3.810692e-007,5.27045e-005
3.814692e-007,0.00240558
3.818692e-007,5.27045e-005
3.822692e-007,0.00475846
3.826692e-007,0.00711134
3.830692e-007,0.00240558
3.834692e-007,0.00711134
3.838692e-007,-0.00230017
3.842692e-007,-0.00935881
3.846692e-007,0.00946422
3.850692e-007,0.0118171
3.854692e-007,-0.00230017
3.858692e-007,0.01417
3.862692e-007,0.00475846
3.866692e-007,5.27045e-005
3.870692e-007,0.00240558
3.874692e-007,-0.00465305
3.878692e-007,0.00475846
3.882692e-007,0.00711134
3.886692e-007,-0.00230017
3.890692e-007,0.00711134
3.894692e-007,-0.00700593
3.898692e-007,5.27045e-005
3.902692e-007,0.00240558
3.906692e-007,0.00240558
3.910692e-007,0.00240558
3.914692e-007,0.00475846
3.918692e-007,-0.00230017
3.922692e-007,-0.00230017
3.926692e-007,0.0118171
3.930692e-007,-0.00230017
3.934692e-007,0.00475846
3.938692e-007,5.27045e-005
3.942692e-007,0.0165229
3.946692e-007,-0.00230017
3.950692e-007,0.00240558
3.954692e-007,-0.00465305
3.958692e-007,5.27045e-005
3.962692e-007,5.27045e-005
3.966692e-007,5.27045e-005
3.970692e-007,-0.00465305
3.974692e-007,0.00475846
3.978692e-007,0.00240558
3.982692e-007,0.00711134
3.986692e-007,0.00946422
3.990692e-007,0.00240558
3.994692e-007,0.00711134
3.998692e-007,0.0118171
4.002692e-007,0.00240558
4.006692e-007,0.00711134
4.010692e-007,0.00946422
4.014692e-007,0.00946422
4.018692e-007,5.27045e-005
4.022692e-007,0.00946422
4.026692e-007,5.27045e-005
4.030692e-007,0.00946422
4.034692e-007,-0.00465305
4.038692e-007,0.00711134
4.042692e-007,0.00475846
4.046692e-007,0.00711134
4.050692e-007,0.00946422
4.054692e-007,0.00240558
4.058692e-007,0.00475846
4.062692e-007,5.27045e-005
4.066692e-007,-0.00230017
4.070692e-007,0.00240558
4.074692e-007,0.00711134
4.078692e-007,5.27045e-005
4.082692e-007,0.00240558
4.086692e-007,0.00475846
4.090692e-007,0.00240558
4.094692e-007,-0.00230017
4.098692e-007,-0.00230017
4.102692e-007,0.00711134
4.106692e-007,-0.00230017
4.110692e-007,5.27045e-005
4.114692e-007,0.00946422
4.118692e-007,-0.00230017
4.122692e-007,0.00475846
4.126692e-007,-0.00700593
4.130692e-007,5.27045e-005
4.134692e-007,0.00475846
4.138692e-007,-0.00465305
4.142692e-007,5.27045e-005
4.146692e-007,-0.00700593
4.150692e-007,-0.00700593
4.154692e-007,0.00475846
4.158692e-007,0.00946422
4.162692e-007,5.27045e-005
4.166692e-007,0.00475846
4.170692e-007,0.00946422
4.174692e-007,-0.00230017
4.178692e-007,0.00240558
4.182692e-007,0.00240558
4.186692e-007,-0.00230017
4.190692e-007,-0.00230017
4.194692e-007,0.00240558
4.198692e-007,0.0118171
4.202692e-007,0.00240558
4.206692e-007,0.00711134
4.210692e-007,0.00240558
4.214692e-007,-0.00465305
4.218692e-007,5.27045e-005
4.222692e-007,-0.00230017
4.226692e-007,-0.00230017
4.230692e-007,0.00240558
4.234692e-007,5.27045e-005
4.238692e-007,0.00475846
4.242692e-007,0.00711134
4.246692e-007,0.00475846
4.250692e-007,0.00711134
4.254692e-007,0.00240558
4.258692e-007,0.00711134
4.262692e-007,-0.00230017
4.266692e-007,0.00711134
4.270692e-007,0.00475846
4.274692e-007,0.0118171
4.278692e-007,-0.00700593
4.282692e-007,0.0118171
4.286692e-007,0.00475846
4.290692e-007,-0.00935881
4.294692e-007,0.00475846
4.298692e-007,0.00240558
4.302692e-007,0.00240558
4.306692e-007,0.00946422
4.310692e-007,0.00240558
4.314692e-007,0.00475846
4.318692e-007,0.00240558
4.322692e-007,-0.00700593
4.326692e-007,0.00240558
4.330692e-007,-0.00465305
4.334692e-007,0.00475846
4.338692e-007,0.00711134
4.342692e-007,0.00240558
4.346692e-007,-0.00465305
4.350692e-007,5.27045e-005
4.354692e-007,5.27045e-005
4.358692e-007,0.00475846
4.362692e-007,-0.00465305
4.366692e-007,0.00711134
4.370692e-007,0.00711134
4.374692e-007,-0.00230017
4.378692e-007,5.27045e-005
4.382692e-007,0.00475846
4.386692e-007,-0.00230017
4.390692e-007,0.00475846
4.394692e-007,0.00240558
4.398692e-007,0.0118171
4.402692e-007,-0.00465305
4.406692e-007,0.00711134
4.410692e-007,0.0118171
4.414692e-007,0.00475846
4.418692e-007,0.00240558
4.422692e-007,0.0118171
4.426692e-007,0.00711134
4.430692e-007,0.00946422
4.434692e-007,0.00946422
4.438692e-007,0.00946422
4.442692e-007,-0.00230017
4.446692e-007,0.00475846
4.450692e-007,5.27045e-005
4.454692e-007,0.00475846
4.458692e-007,0.00946422
4.462692e-007,0.00711134
4.466692e-007,0.00240558
4.470692e-007,0.0118171
4.474692e-007,0.00946422
4.478692e-007,5.27045e-005
4.482692e-007,-0.00935881
4.486692e-007,0.00240558
4.490692e-007,0.00711134
4.494692e-007,0.00475846
4.498692e-007,0.00240558
4.502692e-007,0.00240558
4.506692e-007,-0.00230017
4.510692e-007,5.27045e-005
4.514692e-007,0.00711134
4.518692e-007,0.00475846
4.522692e-007,0.00240558
4.526692e-007,0.00240558
4.530692e-007,0.00475846
4.534692e-007,0.00475846
4.538692e-007,-0.00230017
4.542692e-007,0.00475846
4.546692e-007,-0.00465305
4.550692e-007,0.00240558
4.554692e-007,5.27045e-005
4.558692e-007,0.00946422
4.562692e-007,0.00946422
4.566692e-007,0.00475846
4.570692e-007,0.0165229
4.574692e-007,0.00240558
4.578692e-007,-0.00230017
4.582692e-007,5.27045e-005
4.586692e-007,0.00475846
4.590692e-007,0.00475846
4.594692e-007,5.27045e-005
4.598692e-007,-0.00230017
4.602692e-007,0.00711134
4.606692e-007,0.00711134
4.610692e-007,-0.00935881
4.614692e-007,-0.00465305
4.618692e-007,5.27045e-005
4.622692e-007,0.00475846
4.626692e-007,5.27045e-005
4.630692e-007,-0.00230017
4.634692e-007,5.27045e-005
4.638692e-007,-0.00465305
4.642692e-007,0.00240558
4.646692e-007,0.00946422
4.650692e-007,0.00240558
4.654692e-007,-0.00230017
4.658692e-007,-0.00700593
4.662692e-007,-0.00935881
4.666692e-007,0.0118171
4.670692e-007,0.00711134
4.674692e-007,0.00946422
4.678692e-007,0.00240558
4.682692e-007,0.00475846
4.686692e-007,5.27045e-005
4.690692e-007,0.00240558
4.694692e-007,0.00475846
4.698692e-007,0.00711134
4.702692e-007,-0.00230017
4.706692e-007,5.27045e-005
4.710692e-007,0.00711134
4.714692e-007,0.00946422
4.718692e-007,5.27045e-005
4.722692e-007,0.00240558
4.726692e-007,0.00711134
4.730692e-007,5.27045e-005
4.734692e-007,0.00475846
4.738692e-007,-0.00465305
4.742692e-007,-0.00700593
4.746692e-007,0.00711134
4.750692e-007,0.00240558
4.754692e-007,0.00240558
4.758692e-007,0.00475846
4.762692e-007,-0.00230017
4.766692e-007,0.00475846
4.770692e-007,0.00240558
4.774692e-007,5.27045e-005
4.778692e-007,0.00240558
4.782692e-007,0.0118171
4.786692e-007,0.00711134
4.790692e-007,0.00475846
4.794692e-007,5.27045e-005
4.798692e-007,0.0165229
4.802692e-007,-0.00935881
4.806692e-007,0.0165229
4.810692e-007,5.27045e-005
4.814692e-007,0.01417
4.818692e-007,0.00711134
4.822692e-007,0.00946422
4.826692e-007,0.0118171
4.830692e-007,-0.00230017
4.834692e-007,0.00475846
4.838692e-007,-0.00230017
4.842692e-007,0.00711134
4.846692e-007,0.00475846
4.850692e-007,0.00240558
4.854692e-007,-0.00230017
4.858692e-007,0.01417
4.862692e-007,0.00475846
4.866692e-007,0.00946422
4.870692e-007,0.00946422
4.874692e-007,0.00475846
4.878692e-007,0.01417
4.882692e-007,0.00946422
4.886692e-007,-0.00230017
4.890692e-007,0.00475846
4.894692e-007,-0.0117117
4.898692e-007,-0.00465305
4.902692e-007,0.00946422
4.906692e-007,0.00946422
4.910692e-007,5.27045e-005
4.914692e-007,0.00946422
4.918692e-007,0.00240558
4.922692e-007,5.27045e-005
4.926692e-007,0.00946422
4.930692e-007,0.00711134
4.934692e-007,-0.00230017
4.938692e-007,0.00475846
4.942692e-007,0.0118171
4.946692e-007,0.01417
4.950692e-007,0.00946422
4.954692e-007,0.00240558
4.958692e-007,0.00475846
4.962692e-007,0.01417
4.966692e-007,5.27045e-005
4.970692e-007,0.00475846
4.974692e-007,5.27045e-005
4.978692e-007,0.00240558
4.982692e-007,0.00711134
4.986692e-007,5.27045e-005
4.990692e-007,0.00946422
4.994692e-007,0.00475846
4.998692e-007,0.00475846
5.002692e-007,0.00240558
5.006692e-007,0.00475846
5.010692e-007,0.00240558
5.014692e-007,5.27045e-005
5.018692e-007,5.27045e-005
5.022692e-007,-0.00465305
5.026692e-007,-0.00465305
5.030692e-007,5.27045e-005
5.034692e-007,0.00240558
5.038692e-007,5.27045e-005
5.042692e-007,0.0165229
5.046692e-007,-0.00230017
5.050692e-007,5.27045e-005
5.054692e-007,0.00475846
5.058692e-007,-0.00465305
5.062692e-007,0.00946422
5.066692e-007,0.00240558
5.070692e-007,0.0118171
5.074692e-007,0.00946422
5.078692e-007,0.01417
5.082692e-007,0.00475846
5.086692e-007,0.00240558
5.090692e-007,0.00475846
5.094692e-007,5.27045e-005
5.098692e-007,0.00475846
5.102692e-007,0.00240558
5.106692e-007,-0.00465305
5.110692e-007,5.27045e-005
5.114692e-007,0.00240558
5.118692e-007,0.00475846
5.122692e-007,5.27045e-005
5.126692e-007,5.27045e-005
5.130692e-007,0.00475846
5.134692e-007,0.00946422
5.138692e-007,0.00711134
5.142692e-007,0.00711134
5.146692e-007,5.27045e-005
5.150692e-007,0.00475846
5.154692e-007,-0.00230017
5.158692e-007,0.01417
5.162692e-007,5.27045e-005
5.166692e-007,-0.00230017
5.170692e-007,5.27045e-005
5.174692e-007,-0.00465305
5.178692e-007,0.00946422
5.182692e-007,0.0118171
5.186692e-007,0.00946422
5.190692e-007,-0.00230017
5.194692e-007,-0.00465305
5.198692e-007,0.00240558
5.202692e-007,0.00946422
5.206692e-007,-0.00230017
5.210692e-007,5.27045e-005
5.214692e-007,0.00475846
5.218692e-007,5.27045e-005
5.222692e-007,5.27045e-005
5.226692e-007,-0.00230017
5.230692e-007,5.27045e-005
5.234692e-007,0.00475846
5.238692e-007,5.27045e-005
5.242692e-007,5.27045e-005
5.246692e-007,0.00946422
5.250692e-007,-0.00465305
5.254692e-007,0.00475846
5.258692e-007,0.00240558
5.262692e-007,0.0118171
5.266692e-007,0.00475846
5.270692e-007,0.00711134
5.274692e-007,5.27045e-005
5.278692e-007,-0.00230017
5.282692e-007,5.27045e-005
5.286692e-007,0.00711134
5.290692e-007,0.00240558
5.294692e-007,-0.00230017
5.298692e-007,0.00946422
5.302692e-007,0.00711134
5.306692e-007,0.00475846
5.310692e-007,0.0118171
5.314692e-007,0.00240558
5.318692e-007,0.0118171
5.322692e-007,-0.00465305
5.326692e-007,0.01417
5.330692e-007,0.01417
5.334692e-007,0.00946422
5.338692e-007,0.00240558
5.342692e-007,-0.00230017
5.346692e-007,0.00240558
5.350692e-007,0.00240558
5.354692e-007,0.00946422
5.358692e-007,-0.00230017
5.362692e-007,0.00946422
5.366692e-007,0.00475846
5.370692e-007,0.00240558
5.374692e-007,0.00711134
5.378692e-007,-0.00230017
5.382692e-007,0.00240558
5.386692e-007,0.00711134
5.390692e-007,5.27045e-005
5.394692e-007,0.01417
5.398692e-007,-0.00230017
5.402692e-007,0.00475846
5.406692e-007,0.00711134
5.410692e-007,0.00475846
5.414692e-007,5.27045e-005
5.418692e-007,5.27045e-005
5.422692e-007,5.27045e-005
5.426692e-007,0.00711134
5.430692e-007,0.00711134
5.434692e-007,0.00946422
5.438692e-007,5.27045e-005
5.442692e-007,0.00240558
5.446692e-007,-0.00465305
5.450692e-007,0.00475846
5.454692e-007,0.00711134
5.458692e-007,0.01417
5.462692e-007,0.00240558
5.466692e-007,0.00946422
5.470692e-007,0.00475846
5.474692e-007,0.00240558
5.478692e-007,0.00475846
5.482692e-007,5.27045e-005
5.486692e-007,0.00240558
5.490692e-007,-0.00465305
5.494692e-007,-0.00465305
5.498692e-007,5.27045e-005
5.502692e-007,0.0118171
5.506692e-007,-0.00700593
5.510692e-007,0.00475846
5.514692e-007,0.00240558
5.518692e-007,0.0118171
5.522692e-007,0.00475846
5.526692e-007,0.00711134
5.530692e-007,0.01417
5.534692e-007,0.00240558
5.538692e-007,-0.00465305
5.542692e-007,-0.00230017
5.546692e-007,0.00240558
5.550692e-007,5.27045e-005
5.554692e-007,5.27045e-005
5.558692e-007,0.00475846
5.562692e-007,0.00475846
5.566692e-007,0.00946422
5.570692e-007,-0.00465305
5.574692e-007,0.0165229
5.578692e-007,-0.00230017
5.582692e-007,0.00711134
5.586692e-007,0.00475846
5.590692e-007,0.00240558
5.594692e-007,0.00475846
5.598692e-007,0.00240558
5.602692e-007,0.00240558
5.606692e-007,0.00240558
5.610692e-007,-0.00230017
5.614692e-007,0.00240558
5.618692e-007,5.27045e-005
5.622692e-007,5.27045e-005
5.626692e-007,5.27045e-005
5.630692e-007,0.0165229
5.634692e-007,-0.00700593
5.638692e-007,0.00946422
5.642692e-007,5.27045e-005
5.646692e-007,5.27045e-005
5.650692e-007,0.00240558
5.654692e-007,-0.00935881
5.658692e-007,0.00475846
5.662692e-007,0.00711134
5.666692e-007,-0.00230017
5.670692e-007,0.00946422
5.674692e-007,0.00475846
5.678692e-007,-0.00230017
5.682692e-007,0.00475846
5.686692e-007,0.00240558
5.690692e-007,0.00240558
5.694692e-007,0.00240558
5.698692e-007,0.00240558
5.702692e-007,0.00475846
5.706692e-007,-0.00230017
5.710692e-007,0.00946422
5.714692e-007,0.00946422
5.718692e-007,0.00946422
5.722692e-007,0.00711134
5.726692e-007,0.00711134
5.730692e-007,0.00240558
5.734692e-007,0.00475846
5.738692e-007,0.00240558
5.742692e-007,0.00240558
5.746692e-007,-0.00465305
5.750692e-007,-0.00230017
5.754692e-007,0.01417
5.758692e-007,0.00240558
5.762692e-007,-0.00700593
5.766692e-007,0.00475846
5.770692e-007,0.00711134
5.774692e-007,0.0118171
5.778692e-007,0.00240558
5.782692e-007,0.00240558
5.786692e-007,5.27045e-005
5.790692e-007,0.00711134
5.794692e-007,0.0165229
5.798692e-007,0.00711134
5.802692e-007,5.27045e-005
5.806692e-007,0.00946422
5.810692e-007,5.27045e-005
5.814692e-007,-0.00230017
5.818692e-007,0.00240558
5.822692e-007,0.0118171
5.826692e-007,-0.00465305
5.830692e-007,0.00475846
5.834692e-007,0.00240558
5.838692e-007,0.00711134
5.842692e-007,0.00946422
5.846692e-007,0.00946422
5.850692e-007,0.00475846
5.854692e-007,0.00240558
5.858692e-007,-0.00935881
5.862692e-007,0.00711134
5.866692e-007,-0.00230017
5.870692e-007,0.00475846
5.874692e-007,0.00711134
5.878692e-007,-0.00230017
5.882692e-007,0.00240558
5.886692e-007,0.00711134
5.890692e-007,5.27045e-005
5.894692e-007,-0.00465305
5.898692e-007,-0.00230017
5.902692e-007,-0.00465305
5.906692e-007,0.01417
5.910692e-007,5.27045e-005
5.914692e-007,5.27045e-005
5.918692e-007,0.00711134
5.922692e-007,0.00240558
5.926692e-007,-0.00230017
5.930692e-007,0.00475846
5.934692e-007,5.27045e-005
5.938692e-007,-0.00935881
5.942692e-007,-0.00465305
5.946692e-007,0.00475846
5.950692e-007,0.00946422
5.954692e-007,0.00240558
5.958692e-007,0.00240558
5.962692e-007,-0.00935881
5.966692e-007,0.00475846
5.970692e-007,0.01417
5.974692e-007,0.00946422
5.978692e-007,0.00711134
5.982692e-007,0.00711134
5.986692e-007,0.00946422
5.990692e-007,5.27045e-005
5.994692e-007,-0.00230017
5.998692e-007,-0.00230017
6.002692e-007,0.00240558
6.006692e-007,0.00711134
6.010692e-007,0.00711134
6.014692e-007,0.00475846
6.018692e-007,0.00475846
6.022692e-007,0.00475846
6.026692e-007,0.00240558
6.030692e-007,0.01417
6.034692e-007,0.00240558
6.038692e-007,0.00240558
6.042692e-007,0.01417
6.046692e-007,5.27045e-005
6.050692e-007,-0.00465305
6.054692e-007,0.00475846
6.058692e-007,0.00240558
6.062692e-007,0.0118171
6.066692e-007,0.00711134
6.070692e-007,-0.00230017
6.074692e-007,0.0118171
6.078692e-007,0.0165229
6.082692e-007,-0.00465305
6.086692e-007,0.0118171
6.090692e-007,0.00475846
6.094692e-007,0.00711134
6.098692e-007,0.00946422
6.102692e-007,0.00946422
6.106692e-007,0.0165229
6.110692e-007,-0.00465305
6.114692e-007,-0.00465305
6.118692e-007,-0.00230017
6.122692e-007,5.27045e-005
6.126692e-007,0.00475846
6.130692e-007,-0.00465305
6.134692e-007,-0.00465305
6.138692e-007,-0.00465305
6.142692e-007,0.00475846
6.146692e-007,-0.00700593
6.150692e-007,0.00711134
6.154692e-007,0.00946422
6.158692e-007,0.00240558
6.162692e-007,0.01417
6.166692e-007,0.00475846
6.170692e-007,0.00946422
6.174692e-007,0.00240558
6.178692e-007,-0.00230017
6.182692e-007,0.00946422
6.186692e-007,5.27045e-005
6.190692e-007,5.27045e-005
6.194692e-007,0.00711134
6.198692e-007,-0.00465305
6.202692e-007,0.01417
6.206692e-007,0.00946422
6.210692e-007,5.27045e-005
6.214692e-007,0.00240558
6.218692e-007,-0.00230017
6.222692e-007,0.00475846
6.226692e-007,0.00711134
6.230692e-007,0.00240558
6.234692e-007,0.00240558
6.238692e-007,0.00711134
6.242692e-007,5.27045e-005
6.246692e-007,0.00475846
6.250692e-007,5.27045e-005
6.254692e-007,0.00711134
6.258692e-007,-0.00230017
6.262692e-007,0.00711134
6.266692e-007,0.00946422
6.270692e-007,0.00475846
6.274692e-007,-0.00700593
6.278692e-007,5.27045e-005
6.282692e-007,5.27045e-005
6.286692e-007,0.00240558
6.290692e-007,0.00240558
6.294692e-007,0.00240558
6.298692e-007,5.27045e-005
6.302692e-007,0.00475846
6.306692e-007,0.00711134
6.310692e-007,-0.00465305
6.314692e-007,0.00475846
6.318692e-007,0.00240558
6.322692e-007,0.00475846
6.326692e-007,0.00946422
6.330692e-007,5.27045e-005
6.334692e-007,0.00946422
6.338692e-007,-0.00465305
6.342692e-007,0.00240558
6.346692e-007,5.27045e-005
6.350692e-007,0.00946422
6.354692e-007,0.00711134
6.358692e-007,0.00240558
6.362692e-007,0.00475846
6.366692e-007,0.00240558
6.370692e-007,0.00711134
6.374692e-007,0.0118171
6.378692e-007,5.27045e-005
6.382692e-007,0.00475846
6.386692e-007,0.00946422
6.390692e-007,0.0118171
6.394692e-007,5.27045e-005
6.398692e-007,0.00946422
6.402692e-007,-0.00230017
6.406692e-007,0.00946422
6.410692e-007,-0.00230017
6.414692e-007,0.0118171
6.418692e-007,0.0118171
6.422692e-007,-0.00230017
6.426692e-007,5.27045e-005
6.430692e-007,-0.00230017
6.434692e-007,0.00240558
6.438692e-007,-0.0140646
6.442692e-007,-0.00700593
6.446692e-007,0.00946422
6.450692e-007,0.00946422
6.454692e-007,-0.00230017
6.458692e-007,0.0118171
6.462692e-007,0.0118171
6.466692e-007,0.00475846
6.470692e-007,0.00946422
6.474692e-007,0.00475846
6.478692e-007,-0.00230017
6.482692e-007,0.00946422
6.486692e-007,0.00946422
6.490692e-007,0.00475846
6.494692e-007,0.00711134
6.498692e-007,0.00946422
6.502692e-007,0.00240558
6.506692e-007,0.00475846
6.510692e-007,0.00711134
6.514692e-007,-0.00465305
6.518692e-007,-0.00230017
6.522692e-007,-0.00230017
6.526692e-007,0.00946422
6.530692e-007,-0.00230017
6.534692e-007,0.00475846
6.538692e-007,0.00711134
6.542692e-007,0.0165229
6.546692e-007,0.0118171
6.550692e-007,-0.00700593
6.554692e-007,-0.00230017
6.558692e-007,0.00475846
6.562692e-007,5.27045e-005
6.566692e-007,0.00240558
6.570692e-007,5.27045e-005
6.574692e-007,0.00711134
6.578692e-007,0.0118171
6.582692e-007,-0.00700593
6.586692e-007,0.00946422
6.590692e-007,5.27045e-005
6.594692e-007,-0.0164174
6.598692e-007,0.00946422
6.602692e-007,0.00475846
6.606692e-007,0.0188757
6.610692e-007,0.00946422
6.614692e-007,0.00946422
6.618692e-007,0.00240558
6.622692e-007,0.00711134
6.626692e-007,0.00240558
6.630692e-007,-0.00230017
6.634692e-007,0.00475846
6.638692e-007,0.00946422
6.642692e-007,5.27045e-005
6.646692e-007,5.27045e-005
6.650692e-007,0.00711134
6.654692e-007,0.00475846
6.658692e-007,-0.00230017
6.662692e-007,0.00946422
6.666692e-007,5.27045e-005
6.670692e-007,0.01417
6.674692e-007,0.01417
6.678692e-007,5.27045e-005
6.682692e-007,5.27045e-005
6.686692e-007,-0.00935881
6.690692e-007,-0.00700593
6.694692e-007,-0.00465305
6.698692e-007,0.00475846
6.702692e-007,-0.00230017
6.706692e-007,5.27045e-005
6.710692e-007,0.00711134
6.714692e-007,0.00475846
6.718692e-007,0.00711134
6.722692e-007,0.00240558
6.726692e-007,-0.00465305
6.730692e-007,-0.00230017
6.734692e-007,0.0118171
6.738692e-007,0.00946422
6.742692e-007,-0.00230017
6.746692e-007,0.00711134
6.750692e-007,0.00475846
6.754692e-007,5.27045e-005
6.758692e-007,0.00240558
6.762692e-007,-0.00230017
6.766692e-007,0.00711134
6.770692e-007,0.00240558
6.774692e-007,-0.00230017
6.778692e-007,0.00240558
6.782692e-007,5.27045e-005
6.786692e-007,-0.00230017
6.790692e-007,0.00475846
6.794692e-007,0.00711134
6.798692e-007,0.00475846
6.802692e-007,0.00946422
6.806692e-007,0.00240558
6.810692e-007,5.27045e-005
6.814692e-007,0.00946422
6.818692e-007,0.00240558
6.822692e-007,0.00240558
6.826692e-007,0.00711134
6.830692e-007,-0.00230017
6.834692e-007,5.27045e-005
6.838692e-007,0.00475846
6.842692e-007,0.01417
6.846692e-007,0.00475846
6.850692e-007,-0.00465305
6.854692e-007,0.0118171
6.858692e-007,0.00240558
6.862692e-007,0.0118171
6.866692e-007,0.00946422
6.870692e-007,0.00946422
6.874692e-007,0.0118171
6.878692e-007,-0.00230017
6.882692e-007,0.00240558
6.886692e-007,0.00240558
6.890692e-007,0.00946422
6.894692e-007,0.0165229
6.898692e-007,0.00240558
6.902692e-007,5.27045e-005
6.906692e-007,5.27045e-005
6.910692e-007,0.00946422
6.914692e-007,5.27045e-005
6.918692e-007,0.00946422
6.922692e-007,5.27045e-005
6.926692e-007,0.00240558
6.930692e-007,0.00946422
6.934692e-007,-0.00230017
6.938692e-007,0.00475846
6.942692e-007,5.27045e-005
6.946692e-007,5.27045e-005
6.950692e-007,0.00711134
6.954692e-007,0.00475846
6.958692e-007,5.27045e-005
6.962692e-007,0.00946422
6.966692e-007,-0.0164174
6.970692e-007,0.00240558
6.974692e-007,0.00946422
6.978692e-007,0.00711134
6.982692e-007,0.00475846
6.986692e-007,-0.00230017
6.990692e-007,5.27045e-005
6.994692e-007,0.00711134
6.998692e-007,0.00711134
7.002692e-007,0.0165229
7.006692e-007,0.00946422
7.010692e-007,0.00240558
7.014692e-007,0.00475846
7.018692e-007,0.00475846
7.022692e-007,0.0118171
7.026692e-007,0.00240558
7.030692e-007,-0.00465305
7.034692e-007,5.27045e-005
7.038692e-007,0.00240558
7.042692e-007,-0.00465305
7.046692e-007,-0.00230017
7.050692e-007,0.00240558
7.054692e-007,0.0118171
7.058692e-007,0.00240558
7.062692e-007,0.00240558
7.066692e-007,-0.00230017
7.070692e-007,5.27045e-005
7.074692e-007,-0.00465305
7.078692e-007,5.27045e-005
7.082692e-007,0.00711134
7.086692e-007,0.00946422
7.090692e-007,0.00946422
7.094692e-007,-0.00700593
7.098692e-007,0.00240558
7.102692e-007,0.00475846
7.106692e-007,-0.00465305
7.110692e-007,0.0118171
7.114692e-007,0.00475846
7.118692e-007,0.00711134
7.122692e-007,0.00711134
7.126692e-007,0.00946422
7.130692e-007,-0.00230017
7.134692e-007,0.00711134
7.138692e-007,0.00475846
7.142692e-007,0.0118171
7.146692e-007,5.27045e-005
7.150692e-007,0.0118171
7.154692e-007,-0.00465305
7.158692e-007,0.00240558
7.162692e-007,-0.00465305
7.166692e-007,0.0165229
7.170692e-007,0.00946422
7.174692e-007,0.00475846
7.178692e-007,5.27045e-005
7.182692e-007,5.27045e-005
7.186692e-007,0.00946422
7.190692e-007,5.27045e-005
7.194692e-007,5.27045e-005
7.198692e-007,0.00475846
7.202692e-007,-0.00465305
7.206692e-007,0.00240558
7.210692e-007,5.27045e-005
7.214692e-007,0.00711134
7.218692e-007,-0.00465305
7.222692e-007,-0.00465305
7.226692e-007,0.00475846
7.230692e-007,0.0165229
7.234692e-007,0.00240558
7.238692e-007,0.00475846
7.242692e-007,-0.00230017
7.246692e-007,0.00240558
7.250692e-007,0.00240558
7.254692e-007,0.00711134
7.258692e-007,0.00711134
7.262692e-007,0.00475846
7.266692e-007,0.00946422
7.270692e-007,0.00475846
7.274692e-007,0.00946422
7.278692e-007,5.27045e-005
7.282692e-007,0.00240558
7.286692e-007,0.00711134
7.290692e-007,5.27045e-005
7.294692e-007,0.00946422
7.298692e-007,-0.00465305
7.302692e-007,0.00475846
7.306692e-007,0.00240558
7.310692e-007,0.00475846
7.314692e-007,0.00946422
7.318692e-007,0.00475846
7.322692e-007,5.27045e-005
7.326692e-007,-0.00230017
7.330692e-007,-0.00465305
7.334692e-007,0.00475846
7.338692e-007,0.00240558
7.342692e-007,5.27045e-005
7.346692e-007,0.00946422
7.350692e-007,-0.00230017
7.354692e-007,0.00240558
7.358692e-007,5.27045e-005
7.362692e-007,5.27045e-005
7.366692e-007,0.00946422
7.370692e-007,0.00240558
7.374692e-007,0.01417
7.378692e-007,0.00946422
7.382692e-007,0.00946422
7.386692e-007,0.00475846
7.390692e-007,0.00711134
7.394692e-007,0.00475846
7.398692e-007,0.0118171
7.402692e-007,0.00946422
7.406692e-007,0.00475846
7.410692e-007,0.0118171
7.414692e-007,0.0118171
7.418692e-007,0.00240558
7.422692e-007,0.00946422
7.426692e-007,-0.00230017
7.430692e-007,0.00240558
7.434692e-007,-0.00230017
7.438692e-007,0.01417
7.442692e-007,0.01417
7.446692e-007,0.00475846
7.450692e-007,5.27045e-005
7.454692e-007,0.00240558
7.458692e-007,5.27045e-005
7.462692e-007,0.00240558
7.466692e-007,0.0165229
7.470692e-007,0.00946422
7.474692e-007,0.00711134
7.478692e-007,-0.00465305
7.482692e-007,0.00475846
7.486692e-007,0.00711134
7.490692e-007,0.00711134
7.494692e-007,0.00240558
7.498692e-007,0.00475846
7.502692e-007,0.00946422
7.506692e-007,0.00240558
7.510692e-007,0.00946422
7.514692e-007,0.00475846
7.518692e-007,0.00711134
7.522692e-007,0.00475846
7.526692e-007,0.00475846
7.530692e-007,5.27045e-005
7.534692e-007,-0.00465305
7.538692e-007,0.0118171
7.542692e-007,-0.00465305
7.546692e-007,5.27045e-005
7.550692e-007,0.00946422
7.554692e-007,0.00711134
7.558692e-007,5.27045e-005
7.562692e-007,0.00711134
7.566692e-007,0.0118171
7.570692e-007,0.00240558
7.574692e-007,-0.00935881
7.578692e-007,-0.00230017
7.582692e-007,-0.00465305
7.586692e-007,0.00711134
7.590692e-007,5.27045e-005
7.594692e-007,0.00240558
7.598692e-007,0.00711134
7.602692e-007,0.00711134
7.606692e-007,0.0118171
7.610692e-007,-0.00230017
7.614692e-007,5.27045e-005
7.618692e-007,-0.00230017
7.622692e-007,0.01417
7.626692e-007,0.0118171
7.630692e-007,0.01417
7.634692e-007,0.00711134
7.638692e-007,0.00240558
7.642692e-007,0.00711134
7.646692e-007,5.27045e-005
7.650692e-007,0.0118171
7.654692e-007,0.00240558
7.658692e-007,0.00946422
7.662692e-007,0.0118171
7.666692e-007,5.27045e-005
7.670692e-007,5.27045e-005
7.674692e-007,0.00711134
7.678692e-007,0.00946422
7.682692e-007,5.27045e-005
7.686692e-007,0.00475846
7.690692e-007,-0.00230017
7.694692e-007,0.00240558
7.698692e-007,0.00711134
7.702692e-007,-0.00935881
7.706692e-007,0.00711134
7.710692e-007,5.27045e-005
7.714692e-007,0.00240558
7.718692e-007,-0.00230017
7.722692e-007,0.00475846
7.726692e-007,0.0118171
7.730692e-007,5.27045e-005
7.734692e-007,0.00240558
7.738692e-007,0.00240558
7.742692e-007,0.00711134
7.746692e-007,0.00475846
7.750692e-007,5.27045e-005
7.754692e-007,-0.00230017
7.758692e-007,0.01417
7.762692e-007,0.00240558
7.766692e-007,0.00240558
7.770692e-007,0.00475846
7.774692e-007,-0.00230017
7.778692e-007,0.00475846
7.782692e-007,0.00475846
7.786692e-007,0.00240558
7.790692e-007,0.00240558
7.794692e-007,0.00946422
7.798692e-007,-0.00935881
7.802692e-007,-0.00230017
7.806692e-007,5.27045e-005
7.810692e-007,0.00946422
7.814692e-007,0.00240558
7.818692e-007,0.00240558
7.822692e-007,0.0165229
7.826692e-007,0.00711134
7.830692e-007,0.00711134
7.834692e-007,-0.00230017
7.838692e-007,-0.00465305
7.842692e-007,5.27045e-005
7.846692e-007,0.01417
7.850692e-007,-0.00230017
7.854692e-007,0.00711134
7.858692e-007,0.0165229
7.862692e-007,0.00946422
7.866692e-007,5.27045e-005
7.870692e-007,0.00946422
7.874692e-007,-0.00935881
7.878692e-007,0.00240558
7.882692e-007,0.00475846
7.886692e-007,0.01417
7.890692e-007,0.00475846
7.894692e-007,-0.00230017
7.898692e-007,0.00475846
7.902692e-007,-0.00700593
7.906692e-007,-0.00700593
7.910692e-007,0.00240558
7.914692e-007,-0.00465305
7.918692e-007,0.00475846
7.922692e-007,5.27045e-005
7.926692e-007,0.00475846
7.930692e-007,0.00946422
7.934692e-007,0.00475846
7.938692e-007,-0.00700593
7.942692e-007,0.00475846
7.946692e-007,0.0118171
7.950692e-007,0.00711134
7.954692e-007,0.0118171
7.958692e-007,0.00711134
7.962692e-007,0.00475846
7.966692e-007,0.00475846
7.970692e-007,-0.00700593
7.974692e-007,0.00946422
7.978692e-007,0.00475846
7.982692e-007,0.00240558
7.986692e-007,-0.00700593
7.990692e-007,0.00711134
7.994692e-007,0.00946422
7.998692e-007,0.00711134
8.002692e-007,-0.00700593
