LECROYWS4104HD,18971,Waveform
Segments,1,SegmentSize,2502
Segment,TrigTime,TimeSinceSegment1
#1,14-Jan-2025 18:03:07,0                 
Time,Ampl
-2.001308e-007,0.00946422
-1.997308e-007,0.00240558
-1.993308e-007,-0.00230017
-1.989308e-007,-0.00230017
-1.985308e-007,0.00711134
-1.981308e-007,0.00240558
-1.977308e-007,0.00475846
-1.973308e-007,0.00711134
-1.969308e-007,0.0118171
-1.965308e-007,0.00240558
-1.961308e-007,-0.00230017
-1.957308e-007,0.00475846
-1.953308e-007,-0.00935881
-1.949308e-007,0.01417
-1.945308e-007,5.27045e-005
-1.941308e-007,0.0118171
-1.937308e-007,0.00240558
-1.933308e-007,0.00946422
-1.929308e-007,0.01417
-1.925308e-007,-0.00230017
-1.921308e-007,5.27045e-005
-1.917308e-007,0.00711134
-1.913308e-007,-0.00465305
-1.909308e-007,0.00475846
-1.905308e-007,0.00240558
-1.901308e-007,-0.00230017
-1.897308e-007,0.00946422
-1.893308e-007,0.00475846
-1.889308e-007,5.27045e-005
-1.885308e-007,-0.00465305
-1.881308e-007,5.27045e-005
-1.877308e-007,0.00475846
-1.873308e-007,0.00711134
-1.869308e-007,-0.0140646
-1.865308e-007,0.00475846
-1.861308e-007,0.00240558
-1.857308e-007,0.00240558
-1.853308e-007,5.27045e-005
-1.849308e-007,-0.00700593
-1.845308e-007,-0.00230017
-1.841308e-007,5.27045e-005
-1.837308e-007,0.00240558
-1.833308e-007,0.00240558
-1.829308e-007,0.00946422
-1.825308e-007,0.00711134
-1.821308e-007,5.27045e-005
-1.817308e-007,0.00475846
-1.813308e-007,0.00475846
-1.809308e-007,0.00240558
-1.805308e-007,0.00475846
-1.801308e-007,-0.00465305
-1.797308e-007,5.27045e-005
-1.793308e-007,-0.00465305
-1.789308e-007,-0.0117117
-1.785308e-007,-0.00465305
-1.781308e-007,0.00711134
-1.777308e-007,-0.00465305
-1.773308e-007,-0.00465305
-1.769308e-007,5.27045e-005
-1.765308e-007,5.27045e-005
-1.761308e-007,0.00475846
-1.757308e-007,5.27045e-005
-1.753308e-007,0.00946422
-1.749308e-007,0.00475846
-1.745308e-007,-0.00230017
-1.741308e-007,-0.00700593
-1.737308e-007,-0.00230017
-1.733308e-007,-0.0140646
-1.729308e-007,0.00711134
-1.725308e-007,-0.00465305
-1.721308e-007,0.00240558
-1.717308e-007,0.00240558
-1.713308e-007,5.27045e-005
-1.709308e-007,-0.00230017
-1.705308e-007,-0.00230017
-1.701308e-007,0.00475846
-1.697308e-007,-0.00465305
-1.693308e-007,0.0118171
-1.689308e-007,0.00475846
-1.685308e-007,0.01417
-1.681308e-007,0.00240558
-1.677308e-007,-0.00230017
-1.673308e-007,-0.00230017
-1.669308e-007,0.00240558
-1.665308e-007,5.27045e-005
-1.661308e-007,0.00711134
-1.657308e-007,-0.00230017
-1.653308e-007,0.00475846
-1.649308e-007,-0.00465305
-1.645308e-007,5.27045e-005
-1.641308e-007,0.00240558
-1.637308e-007,-0.00465305
-1.633308e-007,5.27045e-005
-1.629308e-007,-0.00465305
-1.625308e-007,-0.00230017
-1.621308e-007,0.00240558
-1.617308e-007,5.27045e-005
-1.613308e-007,-0.00230017
-1.609308e-007,-0.00465305
-1.605308e-007,-0.00465305
-1.601308e-007,0.00240558
-1.597308e-007,0.0118171
-1.593308e-007,0.00946422
-1.589308e-007,5.27045e-005
-1.585308e-007,-0.00465305
-1.581308e-007,-0.00230017
-1.577308e-007,0.0118171
-1.573308e-007,0.00240558
-1.569308e-007,5.27045e-005
-1.565308e-007,-0.00465305
-1.561308e-007,5.27045e-005
-1.557308e-007,0.00240558
-1.553308e-007,0.00240558
-1.549308e-007,0.00475846
-1.545308e-007,-0.00230017
-1.541308e-007,0.00475846
-1.537308e-007,0.00240558
-1.533308e-007,-0.00230017
-1.529308e-007,0.00240558
-1.525308e-007,5.27045e-005
-1.521308e-007,-0.00230017
-1.517308e-007,-0.00700593
-1.513308e-007,0.00946422
-1.509308e-007,5.27045e-005
-1.505308e-007,-0.00230017
-1.501308e-007,-0.00230017
-1.497308e-007,0.00711134
-1.493308e-007,0.00240558
-1.489308e-007,0.00240558
-1.485308e-007,5.27045e-005
-1.481308e-007,0.00240558
-1.477308e-007,-0.00465305
-1.473308e-007,-0.00465305
-1.469308e-007,5.27045e-005
-1.465308e-007,-0.00230017
-1.461308e-007,0.00240558
-1.457308e-007,5.27045e-005
-1.453308e-007,0.00475846
-1.449308e-007,0.00475846
-1.445308e-007,0.00475846
-1.441308e-007,-0.00935881
-1.437308e-007,0.00711134
-1.433308e-007,-0.00700593
-1.429308e-007,5.27045e-005
-1.425308e-007,-0.00230017
-1.421308e-007,0.00240558
-1.417308e-007,0.00475846
-1.413308e-007,5.27045e-005
-1.409308e-007,-0.00700593
-1.405308e-007,0.00240558
-1.401308e-007,-0.00465305
-1.397308e-007,5.27045e-005
-1.393308e-007,-0.00465305
-1.389308e-007,-0.00465305
-1.385308e-007,0.00240558
-1.381308e-007,0.00240558
-1.377308e-007,-0.00230017
-1.373308e-007,0.00475846
-1.369308e-007,-0.00230017
-1.365308e-007,0.00240558
-1.361308e-007,0.00711134
-1.357308e-007,-0.00465305
-1.353308e-007,-0.00230017
-1.349308e-007,0.00475846
-1.345308e-007,0.00240558
-1.341308e-007,5.27045e-005
-1.337308e-007,-0.00465305
-1.333308e-007,0.00240558
-1.329308e-007,0.00475846
-1.325308e-007,0.00240558
-1.321308e-007,0.00240558
-1.317308e-007,0.00946422
-1.313308e-007,0.00240558
-1.309308e-007,-0.00230017
-1.305308e-007,5.27045e-005
-1.301308e-007,-0.00230017
-1.297308e-007,-0.00230017
-1.293308e-007,0.00240558
-1.289308e-007,-0.00230017
-1.285308e-007,0.00475846
-1.281308e-007,0.00475846
-1.277308e-007,-0.0117117
-1.273308e-007,0.00240558
-1.269308e-007,0.00711134
-1.265308e-007,0.00240558
-1.261308e-007,-0.00935881
-1.257308e-007,0.00711134
-1.253308e-007,-0.00700593
-1.249308e-007,-0.00700593
-1.245308e-007,0.00240558
-1.241308e-007,0.0118171
-1.237308e-007,0.00475846
-1.233308e-007,0.00240558
-1.229308e-007,5.27045e-005
-1.225308e-007,5.27045e-005
-1.221308e-007,-0.00465305
-1.217308e-007,0.00240558
-1.213308e-007,5.27045e-005
-1.209308e-007,-0.00230017
-1.205308e-007,0.00946422
-1.201308e-007,5.27045e-005
-1.197308e-007,-0.0117117
-1.193308e-007,0.0118171
-1.189308e-007,-0.00230017
-1.185308e-007,5.27045e-005
-1.181308e-007,5.27045e-005
-1.177308e-007,5.27045e-005
-1.173308e-007,5.27045e-005
-1.169308e-007,0.00240558
-1.165308e-007,-0.00465305
-1.161308e-007,0.01417
-1.157308e-007,0.00946422
-1.153308e-007,0.00240558
-1.149308e-007,0.00711134
-1.145308e-007,-0.00935881
-1.141308e-007,0.00946422
-1.137308e-007,-0.00465305
-1.133308e-007,5.27045e-005
-1.129308e-007,0.00475846
-1.125308e-007,-0.00230017
-1.121308e-007,-0.00230017
-1.117308e-007,0.00475846
-1.113308e-007,-0.00230017
-1.109308e-007,0.00475846
-1.105308e-007,0.00711134
-1.101308e-007,-0.00700593
-1.097308e-007,0.00475846
-1.093308e-007,5.27045e-005
-1.089308e-007,-0.00465305
-1.085308e-007,0.00475846
-1.081308e-007,-0.00230017
-1.077308e-007,5.27045e-005
-1.073308e-007,5.27045e-005
-1.069308e-007,0.00240558
-1.065308e-007,5.27045e-005
-1.061308e-007,0.00946422
-1.057308e-007,5.27045e-005
-1.053308e-007,-0.00230017
-1.049308e-007,-0.00935881
-1.045308e-007,0.0118171
-1.041308e-007,0.00240558
-1.037308e-007,0.00475846
-1.033308e-007,-0.00230017
-1.029308e-007,0.00946422
-1.025308e-007,0.00240558
-1.021308e-007,5.27045e-005
-1.017308e-007,5.27045e-005
-1.013308e-007,0.00240558
-1.009308e-007,-0.00465305
-1.005308e-007,-0.00700593
-1.001308e-007,-0.00230017
-9.97308e-008,0.00240558
-9.93308e-008,-0.00230017
-9.89308e-008,0.00240558
-9.85308e-008,0.00946422
-9.81308e-008,0.00475846
-9.77308e-008,0.00240558
-9.73308e-008,0.00711134
-9.69308e-008,0.00240558
-9.65308e-008,0.00240558
-9.61308e-008,0.00240558
-9.57308e-008,0.00475846
-9.53308e-008,0.00240558
-9.49308e-008,0.00475846
-9.45308e-008,0.00946422
-9.41308e-008,0.00475846
-9.37308e-008,-0.00230017
-9.33308e-008,5.27045e-005
-9.29308e-008,-0.00465305
-9.25308e-008,0.00475846
-9.21308e-008,0.00240558
-9.17308e-008,0.00240558
-9.13308e-008,0.00240558
-9.09308e-008,0.00475846
-9.05308e-008,0.00475846
-9.01308e-008,5.27045e-005
-8.97308e-008,-0.00465305
-8.93308e-008,0.00240558
-8.89308e-008,5.27045e-005
-8.85308e-008,-0.00700593
-8.81308e-008,0.00240558
-8.77308e-008,5.27045e-005
-8.73308e-008,0.00240558
-8.69308e-008,-0.00465305
-8.65308e-008,5.27045e-005
-8.61308e-008,0.00946422
-8.57308e-008,5.27045e-005
-8.53308e-008,0.00240558
-8.49308e-008,5.27045e-005
-8.45308e-008,-0.00230017
-8.41308e-008,5.27045e-005
-8.37308e-008,-0.00465305
-8.33308e-008,-0.00465305
-8.29308e-008,-0.00465305
-8.25308e-008,0.00240558
-8.21308e-008,-0.00230017
-8.17308e-008,5.27045e-005
-8.13308e-008,0.00240558
-8.09308e-008,0.00475846
-8.05308e-008,0.00711134
-8.01308e-008,-0.00230017
-7.97308e-008,0.00475846
-7.93308e-008,-0.00465305
-7.89308e-008,-0.00230017
-7.85308e-008,5.27045e-005
-7.81308e-008,0.00240558
-7.77308e-008,0.00240558
-7.73308e-008,5.27045e-005
-7.69308e-008,5.27045e-005
-7.65308e-008,5.27045e-005
-7.61308e-008,0.00475846
-7.57308e-008,-0.00230017
-7.53308e-008,0.00475846
-7.49308e-008,-0.00465305
-7.45308e-008,-0.00230017
-7.41308e-008,0.00240558
-7.37308e-008,-0.00935881
-7.33308e-008,0.00240558
-7.29308e-008,0.00240558
-7.25308e-008,0.0118171
-7.21308e-008,0.00240558
-7.17308e-008,5.27045e-005
-7.13308e-008,-0.00700593
-7.09308e-008,0.00475846
-7.05308e-008,-0.00465305
-7.01308e-008,0.00240558
-6.97308e-008,-0.00230017
-6.93308e-008,0.00240558
-6.89308e-008,0.0118171
-6.85308e-008,0.00240558
-6.81308e-008,-0.00230017
-6.77308e-008,5.27045e-005
-6.73308e-008,-0.0164174
-6.69308e-008,0.01417
-6.65308e-008,0.00240558
-6.61308e-008,5.27045e-005
-6.57308e-008,0.00240558
-6.53308e-008,-0.00465305
-6.49308e-008,0.00475846
-6.45308e-008,5.27045e-005
-6.41308e-008,5.27045e-005
-6.37308e-008,-0.00230017
-6.33308e-008,0.00711134
-6.29308e-008,0.00475846
-6.25308e-008,5.27045e-005
-6.21308e-008,0.00475846
-6.17308e-008,0.00240558
-6.13308e-008,-0.00465305
-6.09308e-008,-0.00230017
-6.05308e-008,0.00475846
-6.01308e-008,5.27045e-005
-5.97308e-008,0.00711134
-5.93308e-008,0.00946422
-5.89308e-008,-0.00230017
-5.85308e-008,5.27045e-005
-5.81308e-008,5.27045e-005
-5.77308e-008,-0.00700593
-5.73308e-008,-0.00700593
-5.69308e-008,0.00711134
-5.65308e-008,-0.00230017
-5.61308e-008,-0.00465305
-5.57308e-008,0.00240558
-5.53308e-008,0.00475846
-5.49308e-008,0.00946422
-5.45308e-008,-0.00230017
-5.41308e-008,-0.0117117
-5.37308e-008,-0.00230017
-5.33308e-008,-0.00230017
-5.29308e-008,0.00240558
-5.25308e-008,0.00475846
-5.21308e-008,0.00240558
-5.17308e-008,0.01417
-5.13308e-008,0.00946422
-5.09308e-008,0.0118171
-5.05308e-008,-0.00230017
-5.01308e-008,0.00711134
-4.97308e-008,0.00240558
-4.93308e-008,-0.00465305
-4.89308e-008,5.27045e-005
-4.85308e-008,-0.00700593
-4.81308e-008,0.00475846
-4.77308e-008,0.00475846
-4.73308e-008,0.00711134
-4.69308e-008,0.00711134
-4.65308e-008,-0.00230017
-4.61308e-008,0.00240558
-4.57308e-008,-0.00230017
-4.53308e-008,0.00475846
-4.49308e-008,0.00711134
-4.45308e-008,-0.00230017
-4.41308e-008,-0.00230017
-4.37308e-008,0.00711134
-4.33308e-008,5.27045e-005
-4.29308e-008,-0.00700593
-4.25308e-008,0.00240558
-4.21308e-008,-0.00230017
-4.17308e-008,5.27045e-005
-4.13308e-008,0.0118171
-4.09308e-008,0.00240558
-4.05308e-008,0.00240558
-4.01308e-008,-0.00700593
-3.97308e-008,0.00475846
-3.93308e-008,0.0118171
-3.89308e-008,0.00711134
-3.85308e-008,0.00946422
-3.81308e-008,0.00946422
-3.77308e-008,0.00946422
-3.73308e-008,0.00240558
-3.69308e-008,-0.00465305
-3.65308e-008,-0.00935881
-3.61308e-008,0.00946422
-3.57308e-008,5.27045e-005
-3.53308e-008,-0.00230017
-3.49308e-008,0.00946422
-3.45308e-008,-0.00230017
-3.41308e-008,-0.00700593
-3.37308e-008,-0.00465305
-3.33308e-008,-0.00230017
-3.29308e-008,5.27045e-005
-3.25308e-008,-0.00465305
-3.21308e-008,0.00240558
-3.17308e-008,0.00475846
-3.13308e-008,0.00475846
-3.09308e-008,-0.00935881
-3.05308e-008,-0.00935881
-3.01308e-008,0.00240558
-2.97308e-008,0.0165229
-2.93308e-008,0.00711134
-2.89308e-008,0.0118171
-2.85308e-008,5.27045e-005
-2.81308e-008,-0.0117117
-2.77308e-008,5.27045e-005
-2.73308e-008,0.00946422
-2.69308e-008,0.00240558
-2.65308e-008,-0.00230017
-2.61308e-008,0.00475846
-2.57308e-008,0.00240558
-2.53308e-008,0.00475846
-2.49308e-008,-0.00230017
-2.45308e-008,5.27045e-005
-2.41308e-008,-0.00465305
-2.37308e-008,-0.00230017
-2.33308e-008,5.27045e-005
-2.29308e-008,5.27045e-005
-2.25308e-008,0.00475846
-2.21308e-008,0.00240558
-2.17308e-008,0.00240558
-2.13308e-008,0.00240558
-2.09308e-008,0.00711134
-2.05308e-008,5.27045e-005
-2.01308e-008,-0.00230017
-1.97308e-008,0.00711134
-1.93308e-008,0.0165229
-1.89308e-008,5.27045e-005
-1.85308e-008,0.00240558
-1.81308e-008,0.00946422
-1.77308e-008,0.00711134
-1.73308e-008,-0.0117117
-1.69308e-008,0.00946422
-1.65308e-008,0.00946422
-1.61308e-008,0.00475846
-1.57308e-008,0.00711134
-1.53308e-008,0.00240558
-1.49308e-008,0.00946422
-1.45308e-008,5.27045e-005
-1.41308e-008,0.00946422
-1.37308e-008,0.00240558
-1.33308e-008,0.00711134
-1.29308e-008,-0.00935881
-1.25308e-008,0.00240558
-1.21308e-008,5.27045e-005
-1.17308e-008,0.00240558
-1.13308e-008,-0.00465305
-1.09308e-008,5.27045e-005
-1.05308e-008,-0.00465305
-1.01308e-008,5.27045e-005
-9.7308e-009,-0.00230017
-9.3308e-009,0.00240558
-8.9308e-009,0.00475846
-8.5308e-009,0.00240558
-8.1308e-009,0.00711134
-7.7308e-009,-0.00935881
-7.3308e-009,5.27045e-005
-6.9308e-009,0.00475846
-6.5308e-009,0.00240558
-6.1308e-009,-0.00230017
-5.7308e-009,-0.00935881
-5.3308e-009,0.00711134
-4.9308e-009,5.27045e-005
-4.5308e-009,-0.00700593
-4.1308e-009,5.27045e-005
-3.7308e-009,5.27045e-005
-3.3308e-009,-0.00230017
-2.9308e-009,-0.00230017
-2.5308e-009,-0.00465305
-2.1308e-009,-0.00465305
-1.7308e-009,-0.00230017
-1.3308e-009,5.27045e-005
-9.308e-010,0.00946422
-5.308e-010,0.00711134
-1.308e-010,0.00240558
2.692e-010,0.00475846
6.692e-010,-0.00230017
1.0692e-009,-0.00465305
1.4692e-009,0.00240558
1.8692e-009,-0.00465305
2.2692e-009,-0.00465305
2.6692e-009,0.00240558
3.0692e-009,0.00475846
3.4692e-009,-0.00935881
3.8692e-009,0.00240558
4.2692e-009,0.00240558
4.6692e-009,-0.00230017
5.0692e-009,0.00240558
5.4692e-009,5.27045e-005
5.8692e-009,-0.00230017
6.2692e-009,5.27045e-005
6.6692e-009,0.00240558
7.0692e-009,-0.00230017
7.4692e-009,0.00711134
7.8692e-009,0.0188757
8.2692e-009,0.00475846
8.6692e-009,0.00946422
9.0692e-009,0.00475846
9.4692e-009,-0.00935881
9.8692e-009,0.00711134
1.02692e-008,0.00475846
1.06692e-008,0.00240558
1.10692e-008,0.00475846
1.14692e-008,-0.00230017
1.18692e-008,0.00475846
1.22692e-008,0.00240558
1.26692e-008,-0.00935881
1.30692e-008,0.00240558
1.34692e-008,5.27045e-005
1.38692e-008,0.00475846
1.42692e-008,-0.00935881
1.46692e-008,0.00240558
1.50692e-008,5.27045e-005
1.54692e-008,0.00475846
1.58692e-008,5.27045e-005
1.62692e-008,0.01417
1.66692e-008,5.27045e-005
1.70692e-008,0.00240558
1.74692e-008,0.00711134
1.78692e-008,-0.00465305
1.82692e-008,-0.00700593
1.86692e-008,5.27045e-005
1.90692e-008,0.0118171
1.94692e-008,0.00240558
1.98692e-008,0.00475846
2.02692e-008,5.27045e-005
2.06692e-008,0.00711134
2.10692e-008,0.00240558
2.14692e-008,5.27045e-005
2.18692e-008,0.00475846
2.22692e-008,-0.00230017
2.26692e-008,5.27045e-005
2.30692e-008,0.00475846
2.34692e-008,5.27045e-005
2.38692e-008,0.00240558
2.42692e-008,0.00946422
2.46692e-008,-0.00230017
2.50692e-008,0.00475846
2.54692e-008,0.00240558
2.58692e-008,5.27045e-005
2.62692e-008,-0.00230017
2.66692e-008,-0.00465305
2.70692e-008,0.00240558
2.74692e-008,-0.00700593
2.78692e-008,-0.00465305
2.82692e-008,0.00240558
2.86692e-008,0.00475846
2.90692e-008,0.00240558
2.94692e-008,0.0212286
2.98692e-008,0.0118171
3.02692e-008,0.00240558
3.06692e-008,0.00240558
3.10692e-008,5.27045e-005
3.14692e-008,5.27045e-005
3.18692e-008,0.00240558
3.22692e-008,-0.00230017
3.26692e-008,0.00240558
3.30692e-008,0.00240558
3.34692e-008,5.27045e-005
3.38692e-008,-0.00700593
3.42692e-008,5.27045e-005
3.46692e-008,5.27045e-005
3.50692e-008,-0.00935881
3.54692e-008,0.00240558
3.58692e-008,-0.00230017
3.62692e-008,0.00240558
3.66692e-008,0.00946422
3.70692e-008,-0.00230017
3.74692e-008,-0.00230017
3.78692e-008,-0.00230017
3.82692e-008,-0.00230017
3.86692e-008,0.00475846
3.90692e-008,-0.00230017
3.94692e-008,0.00475846
3.98692e-008,-0.00465305
4.02692e-008,-0.00465305
4.06692e-008,0.00240558
4.10692e-008,0.00946422
4.14692e-008,5.27045e-005
4.18692e-008,0.00711134
4.22692e-008,-0.00230017
4.26692e-008,0.00711134
4.30692e-008,0.00711134
4.34692e-008,-0.00465305
4.38692e-008,5.27045e-005
4.42692e-008,-0.00700593
4.46692e-008,-0.00700593
4.50692e-008,0.00475846
4.54692e-008,5.27045e-005
4.58692e-008,-0.00230017
4.62692e-008,-0.00935881
4.66692e-008,-0.00230017
4.70692e-008,0.0118171
4.74692e-008,0.00711134
4.78692e-008,0.00475846
4.82692e-008,-0.00230017
4.86692e-008,-0.00230017
4.90692e-008,-0.00230017
4.94692e-008,0.00711134
4.98692e-008,-0.00230017
5.02692e-008,-0.00935881
5.06692e-008,0.00475846
5.10692e-008,5.27045e-005
5.14692e-008,5.27045e-005
5.18692e-008,0.00946422
5.22692e-008,5.27045e-005
5.26692e-008,-0.00230017
5.30692e-008,0.00240558
5.34692e-008,0.00711134
5.38692e-008,5.27045e-005
5.42692e-008,-0.00230017
5.46692e-008,5.27045e-005
5.50692e-008,5.27045e-005
5.54692e-008,0.0165229
5.58692e-008,0.00946422
5.62692e-008,0.00711134
5.66692e-008,0.00711134
5.70692e-008,5.27045e-005
5.74692e-008,5.27045e-005
5.78692e-008,5.27045e-005
5.82692e-008,0.00240558
5.86692e-008,0.00711134
5.90692e-008,0.00475846
5.94692e-008,-0.00230017
5.98692e-008,-0.00700593
6.02692e-008,-0.00230017
6.06692e-008,-0.0187703
6.10692e-008,0.01417
6.14692e-008,-0.00700593
6.18692e-008,0.00240558
6.22692e-008,0.00946422
6.26692e-008,0.00946422
6.30692e-008,0.0118171
6.34692e-008,0.00711134
6.38692e-008,-0.00230017
6.42692e-008,0.00711134
6.46692e-008,0.00711134
6.50692e-008,5.27045e-005
6.54692e-008,-0.0140646
6.58692e-008,5.27045e-005
6.62692e-008,-0.00465305
6.66692e-008,-0.00230017
6.70692e-008,-0.00700593
6.74692e-008,0.00946422
6.78692e-008,-0.00230017
6.82692e-008,-0.00230017
6.86692e-008,0.00711134
6.90692e-008,-0.0117117
6.94692e-008,5.27045e-005
6.98692e-008,0.00475846
7.02692e-008,-0.00230017
7.06692e-008,5.27045e-005
7.10692e-008,0.00475846
7.14692e-008,-0.00230017
7.18692e-008,5.27045e-005
7.22692e-008,-0.00935881
7.26692e-008,0.00475846
7.30692e-008,5.27045e-005
7.34692e-008,0.00711134
7.38692e-008,0.00711134
7.42692e-008,-0.00935881
7.46692e-008,5.27045e-005
7.50692e-008,0.00946422
7.54692e-008,0.00475846
7.58692e-008,-0.00465305
7.62692e-008,0.00475846
7.66692e-008,0.00240558
7.70692e-008,0.00475846
7.74692e-008,-0.00465305
7.78692e-008,0.00240558
7.82692e-008,-0.00465305
7.86692e-008,-0.00465305
7.90692e-008,-0.00230017
7.94692e-008,-0.00700593
7.98692e-008,0.00711134
8.02692e-008,-0.00230017
8.06692e-008,0.00711134
8.10692e-008,0.00711134
8.14692e-008,0.00240558
8.18692e-008,-0.00465305
8.22692e-008,5.27045e-005
8.26692e-008,0.00240558
8.30692e-008,0.00711134
8.34692e-008,0.00240558
8.38692e-008,0.00240558
8.42692e-008,0.00711134
8.46692e-008,0.0118171
8.50692e-008,0.00475846
8.54692e-008,0.0118171
8.58692e-008,0.00475846
8.62692e-008,-0.00465305
8.66692e-008,0.00711134
8.70692e-008,5.27045e-005
8.74692e-008,0.00711134
8.78692e-008,-0.00465305
8.82692e-008,-0.00230017
8.86692e-008,0.00475846
8.90692e-008,5.27045e-005
8.94692e-008,0.00711134
8.98692e-008,0.00711134
9.02692e-008,0.01417
9.06692e-008,0.00240558
9.10692e-008,0.00475846
9.14692e-008,-0.00230017
9.18692e-008,0.00240558
9.22692e-008,0.00240558
9.26692e-008,5.27045e-005
9.30692e-008,0.00475846
9.34692e-008,-0.00700593
9.38692e-008,0.00475846
9.42692e-008,-0.00700593
9.46692e-008,-0.00230017
9.50692e-008,0.00475846
9.54692e-008,0.00475846
9.58692e-008,5.27045e-005
9.62692e-008,-0.00465305
9.66692e-008,0.00475846
9.70692e-008,-0.00230017
9.74692e-008,0.00711134
9.78692e-008,-0.00935881
9.82692e-008,5.27045e-005
9.86692e-008,0.00475846
9.90692e-008,-0.00935881
9.94692e-008,5.27045e-005
9.98692e-008,-0.00230017
1.002692e-007,0.00946422
1.006692e-007,0.00711134
1.010692e-007,0.00240558
1.014692e-007,5.27045e-005
1.018692e-007,5.27045e-005
1.022692e-007,5.27045e-005
1.026692e-007,0.00475846
1.030692e-007,-0.00465305
1.034692e-007,-0.00700593
1.038692e-007,0.00240558
1.042692e-007,-0.00465305
1.046692e-007,0.00711134
1.050692e-007,5.27045e-005
1.054692e-007,-0.00230017
1.058692e-007,-0.00230017
1.062692e-007,0.00711134
1.066692e-007,0.00475846
1.070692e-007,0.00240558
1.074692e-007,-0.00935881
1.078692e-007,0.00240558
1.082692e-007,5.27045e-005
1.086692e-007,0.00240558
1.090692e-007,-0.00465305
1.094692e-007,5.27045e-005
1.098692e-007,-0.00230017
1.102692e-007,0.0165229
1.106692e-007,5.27045e-005
1.110692e-007,0.00240558
1.114692e-007,5.27045e-005
1.118692e-007,-0.00700593
1.122692e-007,0.01417
1.126692e-007,5.27045e-005
1.130692e-007,0.00946422
1.134692e-007,0.00240558
1.138692e-007,0.00240558
1.142692e-007,0.00475846
1.146692e-007,-0.00230017
1.150692e-007,-0.00700593
1.154692e-007,-0.00230017
1.158692e-007,0.00711134
1.162692e-007,0.00475846
1.166692e-007,0.00240558
1.170692e-007,5.27045e-005
1.174692e-007,5.27045e-005
1.178692e-007,-0.00230017
1.182692e-007,5.27045e-005
1.186692e-007,0.00475846
1.190692e-007,-0.00230017
1.194692e-007,0.00475846
1.198692e-007,0.0118171
1.202692e-007,-0.00700593
1.206692e-007,5.27045e-005
1.210692e-007,-0.0117117
1.214692e-007,0.00240558
1.218692e-007,0.00240558
1.222692e-007,0.01417
1.226692e-007,-0.00230017
1.230692e-007,-0.00465305
1.234692e-007,0.00240558
1.238692e-007,5.27045e-005
1.242692e-007,0.00946422
1.246692e-007,0.00240558
1.250692e-007,0.00475846
1.254692e-007,5.27045e-005
1.258692e-007,-0.00230017
1.262692e-007,0.00240558
1.266692e-007,0.0165229
1.270692e-007,-0.00230017
1.274692e-007,0.00475846
1.278692e-007,5.27045e-005
1.282692e-007,0.00475846
1.286692e-007,0.00475846
1.290692e-007,0.00240558
1.294692e-007,0.00240558
1.298692e-007,-0.00465305
1.302692e-007,0.00475846
1.306692e-007,-0.00230017
1.310692e-007,5.27045e-005
1.314692e-007,0.00240558
1.318692e-007,0.00711134
1.322692e-007,0.00711134
1.326692e-007,-0.00230017
1.330692e-007,-0.0117117
1.334692e-007,-0.00230017
1.338692e-007,0.00475846
1.342692e-007,0.00240558
1.346692e-007,0.00240558
1.350692e-007,-0.00230017
1.354692e-007,5.27045e-005
1.358692e-007,5.27045e-005
1.362692e-007,-0.00700593
1.366692e-007,0.00240558
1.370692e-007,-0.00700593
1.374692e-007,-0.00465305
1.378692e-007,0.01417
1.382692e-007,5.27045e-005
1.386692e-007,0.00711134
1.390692e-007,0.00240558
1.394692e-007,-0.00465305
1.398692e-007,0.00475846
1.402692e-007,5.27045e-005
1.406692e-007,-0.00935881
1.410692e-007,5.27045e-005
1.414692e-007,0.00711134
1.418692e-007,5.27045e-005
1.422692e-007,5.27045e-005
1.426692e-007,5.27045e-005
1.430692e-007,-0.00700593
1.434692e-007,-0.00465305
1.438692e-007,0.00475846
1.442692e-007,-0.00700593
1.446692e-007,5.27045e-005
1.450692e-007,-0.00465305
1.454692e-007,5.27045e-005
1.458692e-007,-0.00230017
1.462692e-007,-0.00230017
1.466692e-007,-0.00700593
1.470692e-007,-0.00230017
1.474692e-007,0.00946422
1.478692e-007,0.00711134
1.482692e-007,-0.00230017
1.486692e-007,-0.00465305
1.490692e-007,-0.00230017
1.494692e-007,5.27045e-005
1.498692e-007,0.00711134
1.502692e-007,0.00240558
1.506692e-007,5.27045e-005
1.510692e-007,5.27045e-005
1.514692e-007,0.00240558
1.518692e-007,0.00946422
1.522692e-007,0.00711134
1.526692e-007,0.00475846
1.530692e-007,-0.00230017
1.534692e-007,5.27045e-005
1.538692e-007,-0.00465305
1.542692e-007,-0.00230017
1.546692e-007,5.27045e-005
1.550692e-007,0.0118171
1.554692e-007,-0.00465305
1.558692e-007,5.27045e-005
1.562692e-007,5.27045e-005
1.566692e-007,-0.00230017
1.570692e-007,0.00240558
1.574692e-007,-0.00700593
1.578692e-007,0.0118171
1.582692e-007,0.00240558
1.586692e-007,5.27045e-005
1.590692e-007,-0.00465305
1.594692e-007,-0.00230017
1.598692e-007,5.27045e-005
1.602692e-007,0.00475846
1.606692e-007,0.00946422
1.610692e-007,-0.00465305
1.614692e-007,0.00946422
1.618692e-007,-0.00230017
1.622692e-007,0.00946422
1.626692e-007,5.27045e-005
1.630692e-007,-0.00465305
1.634692e-007,0.01417
1.638692e-007,-0.00465305
1.642692e-007,-0.00230017
1.646692e-007,0.00475846
1.650692e-007,0.00240558
1.654692e-007,0.00240558
1.658692e-007,0.00240558
1.662692e-007,0.00240558
1.666692e-007,-0.00465305
1.670692e-007,-0.00465305
1.674692e-007,0.00240558
1.678692e-007,5.27045e-005
1.682692e-007,-0.00465305
1.686692e-007,0.00475846
1.690692e-007,-0.00230017
1.694692e-007,0.00475846
1.698692e-007,0.00475846
1.702692e-007,0.00240558
1.706692e-007,0.00711134
1.710692e-007,0.01417
1.714692e-007,-0.00230017
1.718692e-007,5.27045e-005
1.722692e-007,0.00475846
1.726692e-007,5.27045e-005
1.730692e-007,-0.00230017
1.734692e-007,-0.00230017
1.738692e-007,-0.00230017
1.742692e-007,5.27045e-005
1.746692e-007,-0.00465305
1.750692e-007,0.00946422
1.754692e-007,0.00946422
1.758692e-007,5.27045e-005
1.762692e-007,5.27045e-005
1.766692e-007,-0.00230017
1.770692e-007,5.27045e-005
1.774692e-007,0.00240558
1.778692e-007,0.00240558
1.782692e-007,-0.00230017
1.786692e-007,5.27045e-005
1.790692e-007,0.00475846
1.794692e-007,5.27045e-005
1.798692e-007,0.00475846
1.802692e-007,5.27045e-005
1.806692e-007,0.00240558
1.810692e-007,-0.00465305
1.814692e-007,5.27045e-005
1.818692e-007,-0.00700593
1.822692e-007,-0.00465305
1.826692e-007,0.00240558
1.830692e-007,-0.00230017
1.834692e-007,0.00711134
1.838692e-007,0.00711134
1.842692e-007,0.00240558
1.846692e-007,5.27045e-005
1.850692e-007,0.00240558
1.854692e-007,-0.00465305
1.858692e-007,-0.00230017
1.862692e-007,0.00240558
1.866692e-007,0.00711134
1.870692e-007,5.27045e-005
1.874692e-007,0.00475846
1.878692e-007,-0.00230017
1.882692e-007,5.27045e-005
1.886692e-007,-0.00935881
1.890692e-007,0.00240558
1.894692e-007,-0.00230017
1.898692e-007,0.00240558
1.902692e-007,0.00240558
1.906692e-007,-0.00230017
1.910692e-007,-0.00230017
1.914692e-007,-0.00700593
1.918692e-007,5.27045e-005
1.922692e-007,0.00240558
1.926692e-007,0.00475846
1.930692e-007,0.00475846
1.934692e-007,-0.00465305
1.938692e-007,-0.00230017
1.942692e-007,5.27045e-005
1.946692e-007,5.27045e-005
1.950692e-007,-0.00230017
1.954692e-007,0.00475846
1.958692e-007,-0.00230017
1.962692e-007,0.00711134
1.966692e-007,0.00946422
1.970692e-007,-0.00230017
1.974692e-007,-0.00935881
1.978692e-007,0.00475846
1.982692e-007,0.00240558
1.986692e-007,0.00240558
1.990692e-007,0.00946422
1.994692e-007,0.00711134
1.998692e-007,0.00475846
2.002692e-007,0.00240558
2.006692e-007,0.00946422
2.010692e-007,0.00711134
2.014692e-007,-0.00230017
2.018692e-007,0.00475846
2.022692e-007,-0.00230017
2.026692e-007,5.27045e-005
2.030692e-007,0.00946422
2.034692e-007,0.00711134
2.038692e-007,-0.00230017
2.042692e-007,0.00475846
2.046692e-007,0.00240558
2.050692e-007,5.27045e-005
2.054692e-007,-0.00230017
2.058692e-007,5.27045e-005
2.062692e-007,0.00946422
2.066692e-007,5.27045e-005
2.070692e-007,0.00711134
2.074692e-007,-0.00230017
2.078692e-007,-0.00465305
2.082692e-007,0.00240558
2.086692e-007,0.00711134
2.090692e-007,0.00711134
2.094692e-007,5.27045e-005
2.098692e-007,5.27045e-005
2.102692e-007,-0.00230017
2.106692e-007,-0.00935881
2.110692e-007,0.00711134
2.114692e-007,5.27045e-005
2.118692e-007,0.00240558
2.122692e-007,-0.00465305
2.126692e-007,5.27045e-005
2.130692e-007,0.00946422
2.134692e-007,0.00475846
2.138692e-007,0.00475846
2.142692e-007,-0.00465305
2.146692e-007,0.0118171
2.150692e-007,0.00240558
2.154692e-007,0.00946422
2.158692e-007,0.00946422
2.162692e-007,0.00946422
2.166692e-007,0.00475846
2.170692e-007,-0.00230017
2.174692e-007,-0.00465305
2.178692e-007,5.27045e-005
2.182692e-007,-0.00465305
2.186692e-007,0.00475846
2.190692e-007,-0.00465305
2.194692e-007,-0.00465305
2.198692e-007,-0.00465305
2.202692e-007,0.00475846
2.206692e-007,-0.00230017
2.210692e-007,0.00475846
2.214692e-007,-0.00230017
2.218692e-007,-0.00230017
2.222692e-007,0.0118171
2.226692e-007,-0.0234761
2.230692e-007,5.27045e-005
2.234692e-007,-0.00935881
2.238692e-007,-0.00230017
2.242692e-007,0.00240558
2.246692e-007,5.27045e-005
2.250692e-007,5.27045e-005
2.254692e-007,0.00475846
2.258692e-007,-0.00230017
2.262692e-007,0.00240558
2.266692e-007,0.00711134
2.270692e-007,-0.00230017
2.274692e-007,-0.00230017
2.278692e-007,-0.00230017
2.282692e-007,0.00240558
2.286692e-007,0.00946422
2.290692e-007,0.00946422
2.294692e-007,-0.00465305
2.298692e-007,0.00711134
2.302692e-007,0.00946422
2.306692e-007,0.00475846
2.310692e-007,5.27045e-005
2.314692e-007,0.00240558
2.318692e-007,0.00240558
2.322692e-007,-0.00230017
2.326692e-007,-0.00230017
2.330692e-007,5.27045e-005
2.334692e-007,-0.00465305
2.338692e-007,-0.00935881
2.342692e-007,0.00240558
2.346692e-007,0.0118171
2.350692e-007,0.00240558
2.354692e-007,-0.00935881
2.358692e-007,0.00711134
2.362692e-007,-0.00465305
2.366692e-007,0.00711134
2.370692e-007,0.00240558
2.374692e-007,0.00711134
2.378692e-007,5.27045e-005
2.382692e-007,0.00946422
2.386692e-007,0.00475846
2.390692e-007,0.00240558
2.394692e-007,0.00475846
2.398692e-007,-0.00935881
2.402692e-007,0.00475846
2.406692e-007,-0.00465305
2.410692e-007,0.00946422
2.414692e-007,0.00946422
2.418692e-007,0.00475846
2.422692e-007,0.00475846
2.426692e-007,-0.00230017
2.430692e-007,-0.00465305
2.434692e-007,-0.00935881
2.438692e-007,5.27045e-005
2.442692e-007,5.27045e-005
2.446692e-007,0.00475846
2.450692e-007,-0.00230017
2.454692e-007,0.00240558
2.458692e-007,0.00475846
2.462692e-007,-0.00230017
2.466692e-007,0.00946422
2.470692e-007,0.00946422
2.474692e-007,5.27045e-005
2.478692e-007,0.00711134
2.482692e-007,0.00711134
2.486692e-007,5.27045e-005
2.490692e-007,-0.00700593
2.494692e-007,-0.00230017
2.498692e-007,0.00475846
2.502692e-007,0.00475846
2.506692e-007,5.27045e-005
2.510692e-007,0.00946422
2.514692e-007,-0.00230017
2.518692e-007,0.00240558
2.522692e-007,-0.00230017
2.526692e-007,5.27045e-005
2.530692e-007,5.27045e-005
2.534692e-007,-0.00230017
2.538692e-007,5.27045e-005
2.542692e-007,0.00946422
2.546692e-007,0.00475846
2.550692e-007,0.00711134
2.554692e-007,-0.00230017
2.558692e-007,-0.0117117
2.562692e-007,5.27045e-005
2.566692e-007,-0.00465305
2.570692e-007,-0.00465305
2.574692e-007,0.00240558
2.578692e-007,-0.00465305
2.582692e-007,5.27045e-005
2.586692e-007,0.00475846
2.590692e-007,0.00711134
2.594692e-007,-0.00230017
2.598692e-007,5.27045e-005
2.602692e-007,0.00711134
2.606692e-007,0.00240558
2.610692e-007,5.27045e-005
2.614692e-007,-0.00230017
2.618692e-007,-0.00230017
2.622692e-007,0.00711134
2.626692e-007,5.27045e-005
2.630692e-007,0.00240558
2.634692e-007,-0.00230017
2.638692e-007,0.00946422
2.642692e-007,-0.00230017
2.646692e-007,0.00475846
2.650692e-007,0.00946422
2.654692e-007,-0.0140646
2.658692e-007,0.01417
2.662692e-007,5.27045e-005
2.666692e-007,0.00711134
2.670692e-007,0.00475846
2.674692e-007,0.00475846
2.678692e-007,-0.00230017
2.682692e-007,-0.00230017
2.686692e-007,0.00475846
2.690692e-007,0.00946422
2.694692e-007,-0.00230017
2.698692e-007,0.00475846
2.702692e-007,-0.00465305
2.706692e-007,-0.00230017
2.710692e-007,0.00240558
2.714692e-007,-0.00465305
2.718692e-007,5.27045e-005
2.722692e-007,0.00475846
2.726692e-007,5.27045e-005
2.730692e-007,0.00946422
2.734692e-007,0.00711134
2.738692e-007,-0.00700593
2.742692e-007,5.27045e-005
2.746692e-007,-0.00230017
2.750692e-007,-0.00230017
2.754692e-007,-0.00230017
2.758692e-007,5.27045e-005
2.762692e-007,-0.00230017
2.766692e-007,5.27045e-005
2.770692e-007,-0.00230017
2.774692e-007,0.00475846
2.778692e-007,0.00475846
2.782692e-007,5.27045e-005
2.786692e-007,5.27045e-005
2.790692e-007,-0.0117117
2.794692e-007,0.00240558
2.798692e-007,0.00946422
2.802692e-007,0.00711134
2.806692e-007,5.27045e-005
2.810692e-007,0.00475846
2.814692e-007,5.27045e-005
2.818692e-007,5.27045e-005
2.822692e-007,0.00946422
2.826692e-007,-0.00465305
2.830692e-007,0.00946422
2.834692e-007,-0.00700593
2.838692e-007,0.00240558
2.842692e-007,0.00475846
2.846692e-007,0.00711134
2.850692e-007,-0.00230017
2.854692e-007,0.00711134
2.858692e-007,0.00240558
2.862692e-007,0.00711134
2.866692e-007,0.00240558
2.870692e-007,5.27045e-005
2.874692e-007,-0.00465305
2.878692e-007,0.00711134
2.882692e-007,5.27045e-005
2.886692e-007,0.00240558
2.890692e-007,0.00946422
2.894692e-007,5.27045e-005
2.898692e-007,-0.00700593
2.902692e-007,0.00475846
2.906692e-007,5.27045e-005
2.910692e-007,-0.00935881
2.914692e-007,0.00475846
2.918692e-007,0.00240558
2.922692e-007,0.00711134
2.926692e-007,0.00475846
2.930692e-007,-0.00230017
2.934692e-007,-0.00230017
2.938692e-007,-0.00465305
2.942692e-007,-0.00935881
2.946692e-007,0.00240558
2.950692e-007,0.00711134
2.954692e-007,0.00946422
2.958692e-007,-0.00935881
2.962692e-007,5.27045e-005
2.966692e-007,0.0118171
2.970692e-007,-0.00700593
2.974692e-007,-0.00700593
2.978692e-007,0.00946422
2.982692e-007,0.00240558
2.986692e-007,-0.00230017
2.990692e-007,0.00711134
2.994692e-007,-0.00230017
2.998692e-007,0.00475846
3.002692e-007,0.00475846
3.006692e-007,5.27045e-005
3.010692e-007,-0.00465305
3.014692e-007,-0.00465305
3.018692e-007,-0.00700593
3.022692e-007,5.27045e-005
3.026692e-007,-0.00230017
3.030692e-007,0.00475846
3.034692e-007,0.00946422
3.038692e-007,0.00475846
3.042692e-007,5.27045e-005
3.046692e-007,-0.00465305
3.050692e-007,0.00240558
3.054692e-007,0.00240558
3.058692e-007,0.0118171
3.062692e-007,0.00240558
3.066692e-007,0.00711134
3.070692e-007,0.00475846
3.074692e-007,5.27045e-005
3.078692e-007,0.00240558
3.082692e-007,5.27045e-005
3.086692e-007,0.00240558
3.090692e-007,-0.00230017
3.094692e-007,-0.00230017
3.098692e-007,0.00475846
3.102692e-007,-0.00465305
3.106692e-007,-0.00700593
3.110692e-007,0.00240558
3.114692e-007,-0.00465305
3.118692e-007,0.00240558
3.122692e-007,0.00475846
3.126692e-007,0.00711134
3.130692e-007,-0.00700593
3.134692e-007,0.00711134
3.138692e-007,0.00240558
3.142692e-007,0.00240558
3.146692e-007,-0.00230017
3.150692e-007,5.27045e-005
3.154692e-007,-0.00230017
3.158692e-007,5.27045e-005
3.162692e-007,5.27045e-005
3.166692e-007,-0.00935881
3.170692e-007,0.00711134
3.174692e-007,-0.00935881
3.178692e-007,-0.00230017
3.182692e-007,0.00711134
3.186692e-007,-0.00230017
3.190692e-007,0.00475846
3.194692e-007,-0.00700593
3.198692e-007,0.00475846
3.202692e-007,5.27045e-005
3.206692e-007,5.27045e-005
3.210692e-007,5.27045e-005
3.214692e-007,-0.00465305
3.218692e-007,-0.00465305
3.222692e-007,0.00946422
3.226692e-007,0.00475846
3.230692e-007,-0.00700593
3.234692e-007,0.00475846
3.238692e-007,5.27045e-005
3.242692e-007,0.00240558
3.246692e-007,0.00711134
3.250692e-007,-0.00230017
3.254692e-007,5.27045e-005
3.258692e-007,0.00711134
3.262692e-007,5.27045e-005
3.266692e-007,0.00711134
3.270692e-007,5.27045e-005
3.274692e-007,-0.00230017
3.278692e-007,-0.00465305
3.282692e-007,-0.00465305
3.286692e-007,5.27045e-005
3.290692e-007,0.00711134
3.294692e-007,0.00240558
3.298692e-007,-0.00230017
3.302692e-007,0.00475846
3.306692e-007,0.00240558
3.310692e-007,0.00946422
3.314692e-007,0.00711134
3.318692e-007,0.00240558
3.322692e-007,5.27045e-005
3.326692e-007,5.27045e-005
3.330692e-007,-0.00465305
3.334692e-007,-0.00465305
3.338692e-007,5.27045e-005
3.342692e-007,0.00240558
3.346692e-007,-0.00465305
3.350692e-007,0.00946422
3.354692e-007,-0.00700593
3.358692e-007,5.27045e-005
3.362692e-007,0.00475846
3.366692e-007,5.27045e-005
3.370692e-007,0.00475846
3.374692e-007,0.00240558
3.378692e-007,-0.00935881
3.382692e-007,0.00240558
3.386692e-007,5.27045e-005
3.390692e-007,-0.00465305
3.394692e-007,-0.00230017
3.398692e-007,-0.00230017
3.402692e-007,0.00240558
3.406692e-007,5.27045e-005
3.410692e-007,-0.00700593
3.414692e-007,-0.00230017
3.418692e-007,0.00475846
3.422692e-007,-0.00465305
3.426692e-007,0.00711134
3.430692e-007,5.27045e-005
3.434692e-007,0.00711134
3.438692e-007,0.00475846
3.442692e-007,0.00475846
3.446692e-007,0.0118171
3.450692e-007,5.27045e-005
3.454692e-007,-0.00465305
3.458692e-007,-0.00230017
3.462692e-007,0.0118171
3.466692e-007,-0.00230017
3.470692e-007,-0.00465305
3.474692e-007,-0.00465305
3.478692e-007,0.00946422
3.482692e-007,-0.00465305
3.486692e-007,-0.00230017
3.490692e-007,0.00475846
3.494692e-007,-0.00465305
3.498692e-007,-0.00230017
3.502692e-007,5.27045e-005
3.506692e-007,5.27045e-005
3.510692e-007,5.27045e-005
3.514692e-007,0.00240558
3.518692e-007,0.00240558
3.522692e-007,0.00475846
3.526692e-007,5.27045e-005
3.530692e-007,-0.00230017
3.534692e-007,0.00711134
3.538692e-007,-0.00935881
3.542692e-007,-0.00230017
3.546692e-007,5.27045e-005
3.550692e-007,0.00240558
3.554692e-007,0.00240558
3.558692e-007,5.27045e-005
3.562692e-007,-0.00230017
3.566692e-007,0.00240558
3.570692e-007,-0.00465305
3.574692e-007,0.00240558
3.578692e-007,-0.00465305
3.582692e-007,0.00240558
3.586692e-007,-0.00230017
3.590692e-007,-0.00465305
3.594692e-007,-0.00935881
3.598692e-007,0.0118171
3.602692e-007,-0.00700593
3.606692e-007,-0.00230017
3.610692e-007,0.00475846
3.614692e-007,-0.00465305
3.618692e-007,0.00711134
3.622692e-007,0.00711134
3.626692e-007,0.00240558
3.630692e-007,-0.00230017
3.634692e-007,5.27045e-005
3.638692e-007,-0.00230017
3.642692e-007,-0.00700593
3.646692e-007,0.00711134
3.650692e-007,0.00240558
3.654692e-007,0.00240558
3.658692e-007,-0.00700593
3.662692e-007,0.00946422
3.666692e-007,-0.0117117
3.670692e-007,-0.00230017
3.674692e-007,-0.00230017
3.678692e-007,-0.00465305
3.682692e-007,0.00711134
3.686692e-007,-0.00230017
3.690692e-007,0.00711134
3.694692e-007,0.00711134
3.698692e-007,0.00946422
3.702692e-007,0.00475846
3.706692e-007,-0.00230017
3.710692e-007,-0.0117117
3.714692e-007,0.00240558
3.718692e-007,5.27045e-005
3.722692e-007,5.27045e-005
3.726692e-007,-0.00935881
3.730692e-007,5.27045e-005
3.734692e-007,0.00475846
3.738692e-007,0.00475846
3.742692e-007,5.27045e-005
3.746692e-007,0.0118171
3.750692e-007,-0.00230017
3.754692e-007,0.00475846
3.758692e-007,-0.00230017
3.762692e-007,0.00711134
3.766692e-007,5.27045e-005
3.770692e-007,-0.00465305
3.774692e-007,-0.00230017
3.778692e-007,-0.00230017
3.782692e-007,-0.00700593
3.786692e-007,0.00711134
3.790692e-007,5.27045e-005
3.794692e-007,0.00240558
3.798692e-007,0.00946422
3.802692e-007,0.00711134
3.806692e-007,0.00475846
3.810692e-007,0.00475846
3.814692e-007,-0.00230017
3.818692e-007,0.00946422
3.822692e-007,-0.00700593
3.826692e-007,-0.00465305
3.830692e-007,-0.00465305
3.834692e-007,-0.00230017
3.838692e-007,-0.00465305
3.842692e-007,-0.00465305
3.846692e-007,-0.00230017
3.850692e-007,-0.00230017
3.854692e-007,0.00240558
3.858692e-007,-0.00465305
3.862692e-007,-0.00230017
3.866692e-007,0.00946422
3.870692e-007,-0.00230017
3.874692e-007,0.00475846
3.878692e-007,0.00711134
3.882692e-007,0.00240558
3.886692e-007,0.00475846
3.890692e-007,-0.00935881
3.894692e-007,0.00240558
3.898692e-007,5.27045e-005
3.902692e-007,-0.00465305
3.906692e-007,0.00240558
3.910692e-007,0.00240558
3.914692e-007,0.00240558
3.918692e-007,0.00711134
3.922692e-007,-0.00230017
3.926692e-007,0.00475846
3.930692e-007,0.00475846
3.934692e-007,-0.00465305
3.938692e-007,0.0118171
3.942692e-007,5.27045e-005
3.946692e-007,0.00711134
3.950692e-007,0.00240558
3.954692e-007,0.00946422
3.958692e-007,0.0118171
3.962692e-007,0.00240558
3.966692e-007,0.00475846
3.970692e-007,0.00946422
3.974692e-007,0.00240558
3.978692e-007,0.00475846
3.982692e-007,5.27045e-005
3.986692e-007,-0.00465305
3.990692e-007,0.00240558
3.994692e-007,-0.00230017
3.998692e-007,-0.00230017
4.002692e-007,0.00475846
4.006692e-007,0.0118171
4.010692e-007,-0.00465305
4.014692e-007,5.27045e-005
4.018692e-007,0.00711134
4.022692e-007,0.00475846
4.026692e-007,-0.00935881
4.030692e-007,5.27045e-005
4.034692e-007,5.27045e-005
4.038692e-007,0.00240558
4.042692e-007,5.27045e-005
4.046692e-007,5.27045e-005
4.050692e-007,-0.00230017
4.054692e-007,0.00946422
4.058692e-007,-0.00230017
4.062692e-007,5.27045e-005
4.066692e-007,0.00240558
4.070692e-007,0.00475846
4.074692e-007,0.00475846
4.078692e-007,0.00475846
4.082692e-007,0.00711134
4.086692e-007,0.00240558
4.090692e-007,5.27045e-005
4.094692e-007,0.00946422
4.098692e-007,0.00240558
4.102692e-007,-0.00230017
4.106692e-007,5.27045e-005
4.110692e-007,-0.00465305
4.114692e-007,-0.00465305
4.118692e-007,-0.00230017
4.122692e-007,-0.00700593
4.126692e-007,0.00475846
4.130692e-007,-0.00230017
4.134692e-007,0.00240558
4.138692e-007,0.00711134
4.142692e-007,-0.00230017
4.146692e-007,0.00946422
4.150692e-007,-0.0117117
4.154692e-007,5.27045e-005
4.158692e-007,0.00711134
4.162692e-007,0.00240558
4.166692e-007,-0.00230017
4.170692e-007,0.00711134
4.174692e-007,5.27045e-005
4.178692e-007,-0.00230017
4.182692e-007,0.00475846
4.186692e-007,-0.00700593
4.190692e-007,-0.00935881
4.194692e-007,0.00711134
4.198692e-007,0.00240558
4.202692e-007,0.00946422
4.206692e-007,-0.00465305
4.210692e-007,-0.00230017
4.214692e-007,0.0118171
4.218692e-007,-0.00465305
4.222692e-007,-0.00230017
4.226692e-007,0.00240558
4.230692e-007,0.0118171
4.234692e-007,0.00240558
4.238692e-007,0.00946422
4.242692e-007,5.27045e-005
4.246692e-007,0.00240558
4.250692e-007,-0.00700593
4.254692e-007,-0.00700593
4.258692e-007,-0.00465305
4.262692e-007,-0.00935881
4.266692e-007,0.00240558
4.270692e-007,0.00711134
4.274692e-007,-0.00935881
4.278692e-007,5.27045e-005
4.282692e-007,5.27045e-005
4.286692e-007,-0.00700593
4.290692e-007,-0.00230017
4.294692e-007,5.27045e-005
4.298692e-007,-0.00230017
4.302692e-007,0.00711134
4.306692e-007,-0.00700593
4.310692e-007,0.00946422
4.314692e-007,0.00475846
4.318692e-007,5.27045e-005
4.322692e-007,-0.00230017
4.326692e-007,5.27045e-005
4.330692e-007,0.00946422
4.334692e-007,0.00240558
4.338692e-007,0.00946422
4.342692e-007,-0.00465305
4.346692e-007,5.27045e-005
4.350692e-007,-0.00465305
4.354692e-007,-0.00230017
4.358692e-007,0.00475846
4.362692e-007,0.00240558
4.366692e-007,-0.00465305
4.370692e-007,-0.00230017
4.374692e-007,-0.00230017
4.378692e-007,-0.00700593
4.382692e-007,-0.00935881
4.386692e-007,-0.00700593
4.390692e-007,0.00240558
4.394692e-007,0.00711134
4.398692e-007,0.00240558
4.402692e-007,0.00240558
4.406692e-007,5.27045e-005
4.410692e-007,-0.00230017
4.414692e-007,-0.00465305
4.418692e-007,0.00711134
4.422692e-007,-0.00465305
4.426692e-007,5.27045e-005
4.430692e-007,5.27045e-005
4.434692e-007,-0.00700593
4.438692e-007,0.00240558
4.442692e-007,5.27045e-005
4.446692e-007,-0.00700593
4.450692e-007,0.00475846
4.454692e-007,5.27045e-005
4.458692e-007,0.00946422
4.462692e-007,-0.00230017
4.466692e-007,0.00946422
4.470692e-007,0.00475846
4.474692e-007,5.27045e-005
4.478692e-007,0.00475846
4.482692e-007,0.00240558
4.486692e-007,0.00946422
4.490692e-007,0.0118171
4.494692e-007,-0.00465305
4.498692e-007,-0.00935881
4.502692e-007,-0.00465305
4.506692e-007,0.00475846
4.510692e-007,5.27045e-005
4.514692e-007,-0.00465305
4.518692e-007,-0.00935881
4.522692e-007,0.00946422
4.526692e-007,5.27045e-005
4.530692e-007,-0.00230017
4.534692e-007,5.27045e-005
4.538692e-007,0.00240558
4.542692e-007,-0.00700593
4.546692e-007,0.00946422
4.550692e-007,0.00475846
4.554692e-007,-0.00700593
4.558692e-007,5.27045e-005
4.562692e-007,-0.00230017
4.566692e-007,0.00475846
4.570692e-007,0.00475846
4.574692e-007,0.00240558
4.578692e-007,0.00240558
4.582692e-007,-0.00465305
4.586692e-007,0.00240558
4.590692e-007,0.00475846
4.594692e-007,0.00240558
4.598692e-007,-0.00465305
4.602692e-007,0.00475846
4.606692e-007,0.00240558
4.610692e-007,0.00475846
4.614692e-007,5.27045e-005
4.618692e-007,5.27045e-005
4.622692e-007,0.00475846
4.626692e-007,-0.00935881
4.630692e-007,5.27045e-005
4.634692e-007,-0.00700593
4.638692e-007,-0.00230017
4.642692e-007,0.00240558
4.646692e-007,-0.00230017
4.650692e-007,0.0118171
4.654692e-007,0.00240558
4.658692e-007,-0.00700593
4.662692e-007,5.27045e-005
4.666692e-007,0.00240558
4.670692e-007,0.00711134
4.674692e-007,0.00240558
4.678692e-007,0.0118171
4.682692e-007,0.00711134
4.686692e-007,5.27045e-005
4.690692e-007,-0.00230017
4.694692e-007,0.00711134
4.698692e-007,0.00475846
4.702692e-007,-0.00700593
4.706692e-007,0.01417
4.710692e-007,0.00240558
4.714692e-007,0.00240558
4.718692e-007,5.27045e-005
4.722692e-007,-0.00230017
4.726692e-007,0.00475846
4.730692e-007,-0.00700593
4.734692e-007,0.00711134
4.738692e-007,5.27045e-005
4.742692e-007,-0.00230017
4.746692e-007,0.00240558
4.750692e-007,5.27045e-005
4.754692e-007,-0.00465305
4.758692e-007,0.00240558
4.762692e-007,-0.00465305
4.766692e-007,-0.00230017
4.770692e-007,-0.00465305
4.774692e-007,-0.00935881
4.778692e-007,-0.00230017
4.782692e-007,0.00711134
4.786692e-007,0.00711134
4.790692e-007,0.00475846
4.794692e-007,-0.00230017
4.798692e-007,-0.00230017
4.802692e-007,-0.00465305
4.806692e-007,5.27045e-005
4.810692e-007,-0.00230017
4.814692e-007,0.00711134
4.818692e-007,0.00240558
4.822692e-007,0.00946422
4.826692e-007,5.27045e-005
4.830692e-007,-0.00465305
4.834692e-007,0.00240558
4.838692e-007,-0.00230017
4.842692e-007,0.00946422
4.846692e-007,-0.00700593
4.850692e-007,0.00240558
4.854692e-007,-0.00700593
4.858692e-007,5.27045e-005
4.862692e-007,0.00240558
4.866692e-007,0.00240558
4.870692e-007,-0.00230017
4.874692e-007,-0.00700593
4.878692e-007,0.00946422
4.882692e-007,-0.00465305
4.886692e-007,5.27045e-005
4.890692e-007,0.00475846
4.894692e-007,-0.00700593
4.898692e-007,0.00240558
4.902692e-007,0.00240558
4.906692e-007,0.00240558
4.910692e-007,-0.00230017
4.914692e-007,5.27045e-005
4.918692e-007,-0.00230017
4.922692e-007,-0.00465305
4.926692e-007,-0.00465305
4.930692e-007,-0.00465305
4.934692e-007,0.0118171
4.938692e-007,0.00946422
4.942692e-007,0.0118171
4.946692e-007,-0.00230017
4.950692e-007,-0.00230017
4.954692e-007,5.27045e-005
4.958692e-007,-0.00700593
4.962692e-007,-0.00230017
4.966692e-007,0.00240558
4.970692e-007,0.01417
4.974692e-007,0.00240558
4.978692e-007,-0.00230017
4.982692e-007,0.0118171
4.986692e-007,0.00240558
4.990692e-007,-0.00230017
4.994692e-007,-0.00230017
4.998692e-007,0.00711134
5.002692e-007,-0.00230017
5.006692e-007,0.00946422
5.010692e-007,-0.00230017
5.014692e-007,0.00240558
5.018692e-007,5.27045e-005
5.022692e-007,-0.00700593
5.026692e-007,0.00475846
5.030692e-007,5.27045e-005
5.034692e-007,0.00711134
5.038692e-007,0.00711134
5.042692e-007,-0.00935881
5.046692e-007,-0.0117117
5.050692e-007,-0.0117117
5.054692e-007,5.27045e-005
5.058692e-007,0.00475846
5.062692e-007,5.27045e-005
5.066692e-007,-0.00230017
5.070692e-007,0.00711134
5.074692e-007,-0.00230017
5.078692e-007,5.27045e-005
5.082692e-007,5.27045e-005
5.086692e-007,0.00711134
5.090692e-007,5.27045e-005
5.094692e-007,-0.00230017
5.098692e-007,0.00240558
5.102692e-007,0.00240558
5.106692e-007,0.00711134
5.110692e-007,5.27045e-005
5.114692e-007,0.00475846
5.118692e-007,5.27045e-005
5.122692e-007,0.00475846
5.126692e-007,5.27045e-005
5.130692e-007,5.27045e-005
5.134692e-007,0.00240558
5.138692e-007,5.27045e-005
5.142692e-007,5.27045e-005
5.146692e-007,5.27045e-005
5.150692e-007,-0.00465305
5.154692e-007,0.00240558
5.158692e-007,0.00711134
5.162692e-007,0.00475846
5.166692e-007,-0.00700593
5.170692e-007,0.00475846
5.174692e-007,0.00240558
5.178692e-007,0.0118171
5.182692e-007,0.00240558
5.186692e-007,0.00475846
5.190692e-007,0.00240558
5.194692e-007,0.00711134
5.198692e-007,5.27045e-005
5.202692e-007,0.00946422
5.206692e-007,0.00240558
5.210692e-007,0.00946422
5.214692e-007,-0.00935881
5.218692e-007,0.01417
5.222692e-007,-0.00465305
5.226692e-007,0.00240558
5.230692e-007,-0.00465305
5.234692e-007,0.00475846
5.238692e-007,-0.00230017
5.242692e-007,0.00240558
5.246692e-007,0.00240558
5.250692e-007,0.00240558
5.254692e-007,5.27045e-005
5.258692e-007,5.27045e-005
5.262692e-007,-0.00465305
5.266692e-007,5.27045e-005
5.270692e-007,0.00475846
5.274692e-007,0.00475846
5.278692e-007,-0.00230017
5.282692e-007,0.01417
5.286692e-007,-0.00230017
5.290692e-007,5.27045e-005
5.294692e-007,0.00711134
5.298692e-007,-0.00230017
5.302692e-007,0.00475846
5.306692e-007,-0.00230017
5.310692e-007,-0.00700593
5.314692e-007,0.00711134
5.318692e-007,-0.00230017
5.322692e-007,5.27045e-005
5.326692e-007,-0.00700593
5.330692e-007,0.00240558
5.334692e-007,-0.00700593
5.338692e-007,5.27045e-005
5.342692e-007,-0.00465305
5.346692e-007,0.00475846
5.350692e-007,0.00711134
5.354692e-007,-0.00230017
5.358692e-007,0.00240558
5.362692e-007,0.00946422
5.366692e-007,-0.00230017
5.370692e-007,5.27045e-005
5.374692e-007,0.00475846
5.378692e-007,-0.00230017
5.382692e-007,-0.00230017
5.386692e-007,0.00240558
5.390692e-007,0.00240558
5.394692e-007,0.00711134
5.398692e-007,-0.00230017
5.402692e-007,5.27045e-005
5.406692e-007,0.00475846
5.410692e-007,-0.00700593
5.414692e-007,0.00240558
5.418692e-007,0.00711134
5.422692e-007,0.00711134
5.426692e-007,0.00240558
5.430692e-007,0.00711134
5.434692e-007,0.00475846
5.438692e-007,5.27045e-005
5.442692e-007,0.00475846
5.446692e-007,5.27045e-005
5.450692e-007,-0.00465305
5.454692e-007,0.00946422
5.458692e-007,-0.00465305
5.462692e-007,-0.00230017
5.466692e-007,5.27045e-005
5.470692e-007,-0.00935881
5.474692e-007,0.00711134
5.478692e-007,-0.00465305
5.482692e-007,0.00711134
5.486692e-007,-0.00465305
5.490692e-007,0.00240558
5.494692e-007,0.00240558
5.498692e-007,-0.00700593
5.502692e-007,-0.00230017
5.506692e-007,0.0118171
5.510692e-007,-0.00465305
5.514692e-007,0.00475846
5.518692e-007,0.00240558
5.522692e-007,0.00240558
5.526692e-007,0.00240558
5.530692e-007,0.00475846
5.534692e-007,5.27045e-005
5.538692e-007,0.00475846
5.542692e-007,-0.00230017
5.546692e-007,0.00711134
5.550692e-007,0.00946422
5.554692e-007,-0.00935881
5.558692e-007,5.27045e-005
5.562692e-007,-0.00465305
5.566692e-007,-0.00700593
5.570692e-007,0.00475846
5.574692e-007,0.00475846
5.578692e-007,0.00240558
5.582692e-007,-0.00465305
5.586692e-007,0.00240558
5.590692e-007,5.27045e-005
5.594692e-007,0.0165229
5.598692e-007,0.00240558
5.602692e-007,5.27045e-005
5.606692e-007,-0.00465305
5.610692e-007,0.01417
5.614692e-007,0.00240558
5.618692e-007,-0.00230017
5.622692e-007,-0.00230017
5.626692e-007,0.00475846
5.630692e-007,-0.00935881
5.634692e-007,0.00475846
5.638692e-007,-0.00230017
5.642692e-007,-0.00465305
5.646692e-007,0.00240558
5.650692e-007,-0.00700593
5.654692e-007,0.00711134
5.658692e-007,-0.00700593
5.662692e-007,-0.00700593
5.666692e-007,0.00240558
5.670692e-007,0.00711134
5.674692e-007,0.00240558
5.678692e-007,0.00946422
5.682692e-007,-0.00700593
5.686692e-007,-0.00230017
5.690692e-007,0.00240558
5.694692e-007,0.00711134
5.698692e-007,-0.00465305
5.702692e-007,0.00240558
5.706692e-007,-0.00465305
5.710692e-007,0.00711134
5.714692e-007,0.00946422
5.718692e-007,-0.00230017
5.722692e-007,5.27045e-005
5.726692e-007,-0.00935881
5.730692e-007,0.0118171
5.734692e-007,-0.00465305
5.738692e-007,0.00711134
5.742692e-007,0.00946422
5.746692e-007,-0.00230017
5.750692e-007,0.00240558
5.754692e-007,-0.00230017
5.758692e-007,-0.00230017
5.762692e-007,0.00240558
5.766692e-007,-0.00230017
5.770692e-007,5.27045e-005
5.774692e-007,5.27045e-005
5.778692e-007,5.27045e-005
5.782692e-007,-0.00465305
5.786692e-007,0.00475846
5.790692e-007,-0.00700593
5.794692e-007,0.00475846
5.798692e-007,5.27045e-005
5.802692e-007,0.00711134
5.806692e-007,5.27045e-005
5.810692e-007,-0.00935881
5.814692e-007,-0.00700593
5.818692e-007,5.27045e-005
5.822692e-007,5.27045e-005
5.826692e-007,5.27045e-005
5.830692e-007,5.27045e-005
5.834692e-007,5.27045e-005
5.838692e-007,-0.00465305
5.842692e-007,0.00240558
5.846692e-007,0.00240558
5.850692e-007,0.00711134
5.854692e-007,-0.00465305
5.858692e-007,-0.00465305
5.862692e-007,-0.00465305
5.866692e-007,0.00475846
5.870692e-007,0.00946422
5.874692e-007,0.00946422
5.878692e-007,-0.00465305
5.882692e-007,0.00711134
5.886692e-007,0.00475846
5.890692e-007,0.00475846
5.894692e-007,5.27045e-005
5.898692e-007,-0.0164174
5.902692e-007,0.00240558
5.906692e-007,-0.00465305
5.910692e-007,-0.00465305
5.914692e-007,5.27045e-005
5.918692e-007,-0.00700593
5.922692e-007,0.00240558
5.926692e-007,-0.00700593
5.930692e-007,-0.00465305
5.934692e-007,0.00711134
5.938692e-007,0.00475846
5.942692e-007,5.27045e-005
5.946692e-007,0.00475846
5.950692e-007,5.27045e-005
5.954692e-007,-0.00230017
5.958692e-007,-0.00230017
5.962692e-007,0.00475846
5.966692e-007,5.27045e-005
5.970692e-007,-0.00230017
5.974692e-007,5.27045e-005
5.978692e-007,5.27045e-005
5.982692e-007,-0.0140646
5.986692e-007,0.0118171
5.990692e-007,-0.00465305
5.994692e-007,0.00711134
5.998692e-007,0.00475846
6.002692e-007,0.00946422
6.006692e-007,-0.00700593
6.010692e-007,0.00240558
6.014692e-007,-0.00935881
6.018692e-007,0.00240558
6.022692e-007,0.00475846
6.026692e-007,5.27045e-005
6.030692e-007,-0.00465305
6.034692e-007,-0.00230017
6.038692e-007,-0.00465305
6.042692e-007,5.27045e-005
6.046692e-007,5.27045e-005
6.050692e-007,0.00711134
6.054692e-007,0.00946422
6.058692e-007,-0.00230017
6.062692e-007,0.0118171
6.066692e-007,-0.00230017
6.070692e-007,-0.00700593
6.074692e-007,-0.00700593
6.078692e-007,-0.00230017
6.082692e-007,0.00711134
6.086692e-007,0.00475846
6.090692e-007,0.00946422
6.094692e-007,-0.00465305
6.098692e-007,0.00711134
6.102692e-007,0.00475846
6.106692e-007,0.00946422
6.110692e-007,-0.00935881
6.114692e-007,0.00475846
6.118692e-007,-0.00935881
6.122692e-007,5.27045e-005
6.126692e-007,0.00240558
6.130692e-007,0.00475846
6.134692e-007,-0.00465305
6.138692e-007,-0.00230017
6.142692e-007,0.00240558
6.146692e-007,5.27045e-005
6.150692e-007,0.00946422
6.154692e-007,-0.00230017
6.158692e-007,0.00240558
6.162692e-007,-0.00465305
6.166692e-007,-0.00230017
6.170692e-007,0.00475846
6.174692e-007,-0.00230017
6.178692e-007,5.27045e-005
6.182692e-007,0.00240558
6.186692e-007,0.00240558
6.190692e-007,0.00946422
6.194692e-007,5.27045e-005
6.198692e-007,-0.00230017
6.202692e-007,-0.00465305
6.206692e-007,5.27045e-005
6.210692e-007,0.00711134
6.214692e-007,-0.00230017
6.218692e-007,0.00711134
6.222692e-007,-0.00465305
6.226692e-007,0.00475846
6.230692e-007,0.00475846
6.234692e-007,-0.00700593
6.238692e-007,-0.0164174
6.242692e-007,0.00475846
6.246692e-007,-0.00465305
6.250692e-007,0.00240558
6.254692e-007,0.00946422
6.258692e-007,0.00240558
6.262692e-007,0.00475846
6.266692e-007,5.27045e-005
6.270692e-007,0.00240558
6.274692e-007,-0.00230017
6.278692e-007,5.27045e-005
6.282692e-007,0.00240558
6.286692e-007,5.27045e-005
6.290692e-007,-0.00465305
6.294692e-007,5.27045e-005
6.298692e-007,-0.00230017
6.302692e-007,5.27045e-005
6.306692e-007,0.00946422
6.310692e-007,5.27045e-005
6.314692e-007,0.01417
6.318692e-007,0.00711134
6.322692e-007,-0.00465305
6.326692e-007,0.00946422
6.330692e-007,0.00711134
6.334692e-007,-0.00465305
6.338692e-007,-0.00465305
6.342692e-007,0.00711134
6.346692e-007,-0.00230017
6.350692e-007,5.27045e-005
6.354692e-007,-0.00230017
6.358692e-007,0.00475846
6.362692e-007,0.00711134
6.366692e-007,-0.00230017
6.370692e-007,5.27045e-005
6.374692e-007,-0.00230017
6.378692e-007,0.00240558
6.382692e-007,0.00240558
6.386692e-007,0.00475846
6.390692e-007,5.27045e-005
6.394692e-007,-0.00230017
6.398692e-007,0.00240558
6.402692e-007,5.27045e-005
6.406692e-007,-0.00230017
6.410692e-007,5.27045e-005
6.414692e-007,-0.00465305
6.418692e-007,-0.00230017
6.422692e-007,5.27045e-005
6.426692e-007,-0.00230017
6.430692e-007,-0.00465305
6.434692e-007,0.00240558
6.438692e-007,0.00711134
6.442692e-007,0.00240558
6.446692e-007,0.00711134
6.450692e-007,-0.00935881
6.454692e-007,0.00711134
6.458692e-007,0.00240558
6.462692e-007,5.27045e-005
6.466692e-007,-0.00230017
6.470692e-007,-0.00465305
6.474692e-007,-0.00230017
6.478692e-007,5.27045e-005
6.482692e-007,-0.00230017
6.486692e-007,0.00240558
6.490692e-007,0.00475846
6.494692e-007,-0.00230017
6.498692e-007,0.00711134
6.502692e-007,0.00475846
6.506692e-007,0.00711134
6.510692e-007,-0.00465305
6.514692e-007,-0.00230017
6.518692e-007,0.00475846
6.522692e-007,0.00240558
6.526692e-007,0.00475846
6.530692e-007,-0.00230017
6.534692e-007,5.27045e-005
6.538692e-007,0.00475846
6.542692e-007,-0.00465305
6.546692e-007,0.00475846
6.550692e-007,0.00240558
6.554692e-007,-0.00465305
6.558692e-007,5.27045e-005
6.562692e-007,0.00475846
6.566692e-007,0.00711134
6.570692e-007,-0.00230017
6.574692e-007,0.00240558
6.578692e-007,5.27045e-005
6.582692e-007,0.00475846
6.586692e-007,0.00240558
6.590692e-007,-0.00230017
6.594692e-007,0.00475846
6.598692e-007,-0.00700593
6.602692e-007,-0.00230017
6.606692e-007,-0.00465305
6.610692e-007,-0.00700593
6.614692e-007,-0.00230017
6.618692e-007,0.00946422
6.622692e-007,0.00475846
6.626692e-007,0.00711134
6.630692e-007,0.00475846
6.634692e-007,-0.00230017
6.638692e-007,0.00240558
6.642692e-007,0.00475846
6.646692e-007,-0.00230017
6.650692e-007,-0.00230017
6.654692e-007,0.00475846
6.658692e-007,0.00475846
6.662692e-007,-0.00230017
6.666692e-007,5.27045e-005
6.670692e-007,-0.00465305
6.674692e-007,-0.00700593
6.678692e-007,5.27045e-005
6.682692e-007,-0.00230017
6.686692e-007,-0.00700593
6.690692e-007,0.00475846
6.694692e-007,5.27045e-005
6.698692e-007,0.00240558
6.702692e-007,-0.00230017
6.706692e-007,5.27045e-005
6.710692e-007,0.00240558
6.714692e-007,5.27045e-005
6.718692e-007,-0.00465305
6.722692e-007,0.00240558
6.726692e-007,0.00240558
6.730692e-007,-0.00230017
6.734692e-007,5.27045e-005
6.738692e-007,-0.00700593
6.742692e-007,5.27045e-005
6.746692e-007,0.00475846
6.750692e-007,5.27045e-005
6.754692e-007,0.00475846
6.758692e-007,0.00946422
6.762692e-007,0.00711134
6.766692e-007,-0.00465305
6.770692e-007,0.00240558
6.774692e-007,0.0118171
6.778692e-007,-0.00230017
6.782692e-007,-0.00230017
6.786692e-007,-0.00230017
6.790692e-007,0.00475846
6.794692e-007,0.00475846
6.798692e-007,5.27045e-005
6.802692e-007,-0.00465305
6.806692e-007,0.00946422
6.810692e-007,-0.00230017
6.814692e-007,-0.00935881
6.818692e-007,-0.00465305
6.822692e-007,5.27045e-005
6.826692e-007,0.0118171
6.830692e-007,0.00711134
6.834692e-007,-0.00230017
6.838692e-007,-0.00700593
6.842692e-007,-0.00465305
6.846692e-007,0.00240558
6.850692e-007,-0.00230017
6.854692e-007,0.00475846
6.858692e-007,-0.00700593
6.862692e-007,5.27045e-005
6.866692e-007,5.27045e-005
6.870692e-007,0.00946422
6.874692e-007,0.00946422
6.878692e-007,0.00711134
6.882692e-007,0.00240558
6.886692e-007,-0.00465305
6.890692e-007,5.27045e-005
6.894692e-007,0.00240558
6.898692e-007,0.00240558
6.902692e-007,5.27045e-005
6.906692e-007,0.00711134
6.910692e-007,0.00240558
6.914692e-007,0.00240558
6.918692e-007,-0.00465305
6.922692e-007,-0.00465305
6.926692e-007,-0.00465305
6.930692e-007,5.27045e-005
6.934692e-007,-0.00230017
6.938692e-007,-0.00700593
6.942692e-007,-0.00230017
6.946692e-007,0.00475846
6.950692e-007,0.00240558
6.954692e-007,0.00475846
6.958692e-007,0.00946422
6.962692e-007,5.27045e-005
6.966692e-007,-0.00230017
6.970692e-007,0.00946422
6.974692e-007,0.00711134
6.978692e-007,-0.00230017
6.982692e-007,0.00240558
6.986692e-007,0.00711134
6.990692e-007,0.00711134
6.994692e-007,0.00475846
6.998692e-007,0.00240558
7.002692e-007,0.00946422
7.006692e-007,-0.0140646
7.010692e-007,5.27045e-005
7.014692e-007,-0.00230017
7.018692e-007,0.00240558
7.022692e-007,0.00475846
7.026692e-007,-0.00230017
7.030692e-007,0.0118171
7.034692e-007,5.27045e-005
7.038692e-007,0.00240558
7.042692e-007,0.00240558
7.046692e-007,0.00475846
7.050692e-007,0.00475846
7.054692e-007,5.27045e-005
7.058692e-007,0.00240558
7.062692e-007,0.00240558
7.066692e-007,-0.00230017
7.070692e-007,-0.00230017
7.074692e-007,0.00475846
7.078692e-007,-0.00230017
7.082692e-007,0.00240558
7.086692e-007,5.27045e-005
7.090692e-007,-0.00230017
7.094692e-007,0.00475846
7.098692e-007,5.27045e-005
7.102692e-007,-0.00230017
7.106692e-007,0.0118171
7.110692e-007,0.00475846
7.114692e-007,-0.00230017
7.118692e-007,-0.00935881
7.122692e-007,-0.00230017
7.126692e-007,0.00946422
7.130692e-007,0.00711134
7.134692e-007,5.27045e-005
7.138692e-007,5.27045e-005
7.142692e-007,5.27045e-005
7.146692e-007,-0.00230017
7.150692e-007,0.00240558
7.154692e-007,0.00711134
7.158692e-007,-0.0117117
7.162692e-007,-0.00230017
7.166692e-007,5.27045e-005
7.170692e-007,-0.00230017
7.174692e-007,0.00475846
7.178692e-007,-0.00465305
7.182692e-007,0.00240558
7.186692e-007,-0.00700593
7.190692e-007,-0.00465305
7.194692e-007,0.00475846
7.198692e-007,-0.00700593
7.202692e-007,5.27045e-005
7.206692e-007,5.27045e-005
7.210692e-007,0.0118171
7.214692e-007,0.00240558
7.218692e-007,0.00240558
7.222692e-007,0.00240558
7.226692e-007,5.27045e-005
7.230692e-007,5.27045e-005
7.234692e-007,0.00475846
7.238692e-007,0.00240558
7.242692e-007,0.00711134
7.246692e-007,5.27045e-005
7.250692e-007,-0.00230017
7.254692e-007,0.00240558
7.258692e-007,0.00946422
7.262692e-007,-0.00465305
7.266692e-007,0.0118171
7.270692e-007,-0.00465305
7.274692e-007,0.00711134
7.278692e-007,0.00946422
7.282692e-007,-0.00230017
7.286692e-007,0.0118171
7.290692e-007,-0.00465305
7.294692e-007,-0.00465305
7.298692e-007,0.00946422
7.302692e-007,0.00946422
7.306692e-007,0.00240558
7.310692e-007,0.00475846
7.314692e-007,5.27045e-005
7.318692e-007,0.00240558
7.322692e-007,-0.00700593
7.326692e-007,5.27045e-005
7.330692e-007,0.00946422
7.334692e-007,0.00475846
7.338692e-007,-0.00230017
7.342692e-007,0.0118171
7.346692e-007,-0.00230017
7.350692e-007,-0.00700593
7.354692e-007,0.00240558
7.358692e-007,-0.00230017
7.362692e-007,0.00240558
7.366692e-007,-0.00935881
7.370692e-007,-0.00230017
7.374692e-007,-0.00465305
7.378692e-007,0.00240558
7.382692e-007,0.00475846
7.386692e-007,0.00946422
7.390692e-007,0.00475846
7.394692e-007,5.27045e-005
7.398692e-007,0.00475846
7.402692e-007,5.27045e-005
7.406692e-007,0.00240558
7.410692e-007,0.00475846
7.414692e-007,0.00240558
7.418692e-007,0.00946422
7.422692e-007,0.0118171
7.426692e-007,0.00475846
7.430692e-007,-0.00230017
7.434692e-007,-0.00465305
7.438692e-007,-0.00465305
7.442692e-007,-0.00935881
7.446692e-007,-0.00230017
7.450692e-007,0.00475846
7.454692e-007,-0.00230017
7.458692e-007,-0.00700593
7.462692e-007,0.00240558
7.466692e-007,0.00475846
7.470692e-007,0.00946422
7.474692e-007,0.00240558
7.478692e-007,-0.00230017
7.482692e-007,5.27045e-005
7.486692e-007,-0.00465305
7.490692e-007,5.27045e-005
7.494692e-007,-0.00230017
7.498692e-007,0.00240558
7.502692e-007,0.0165229
7.506692e-007,-0.00230017
7.510692e-007,0.00475846
7.514692e-007,0.00475846
7.518692e-007,-0.00465305
7.522692e-007,0.00240558
7.526692e-007,-0.00465305
7.530692e-007,0.00240558
7.534692e-007,0.00475846
7.538692e-007,0.00240558
7.542692e-007,0.00475846
7.546692e-007,-0.00230017
7.550692e-007,-0.00230017
7.554692e-007,0.00240558
7.558692e-007,0.00711134
7.562692e-007,5.27045e-005
7.566692e-007,-0.00465305
7.570692e-007,5.27045e-005
7.574692e-007,0.00475846
7.578692e-007,0.00240558
7.582692e-007,5.27045e-005
7.586692e-007,0.00240558
7.590692e-007,0.00475846
7.594692e-007,-0.00465305
7.598692e-007,0.00711134
7.602692e-007,-0.00935881
7.606692e-007,-0.00465305
7.610692e-007,5.27045e-005
7.614692e-007,-0.00935881
7.618692e-007,0.00240558
7.622692e-007,5.27045e-005
7.626692e-007,-0.00230017
7.630692e-007,5.27045e-005
7.634692e-007,-0.00230017
7.638692e-007,-0.00700593
7.642692e-007,0.00711134
7.646692e-007,-0.00700593
7.650692e-007,-0.00230017
7.654692e-007,5.27045e-005
7.658692e-007,0.00240558
7.662692e-007,0.00240558
7.666692e-007,0.00711134
7.670692e-007,0.00711134
7.674692e-007,0.00475846
7.678692e-007,5.27045e-005
7.682692e-007,0.00240558
7.686692e-007,0.00475846
7.690692e-007,0.00240558
7.694692e-007,0.00240558
7.698692e-007,-0.00465305
7.702692e-007,5.27045e-005
7.706692e-007,0.00946422
7.710692e-007,-0.00465305
7.714692e-007,-0.00935881
7.718692e-007,0.00946422
7.722692e-007,0.0118171
7.726692e-007,0.00240558
7.730692e-007,5.27045e-005
7.734692e-007,5.27045e-005
7.738692e-007,-0.00230017
7.742692e-007,5.27045e-005
7.746692e-007,5.27045e-005
7.750692e-007,0.00240558
7.754692e-007,-0.00465305
7.758692e-007,5.27045e-005
7.762692e-007,-0.00230017
7.766692e-007,0.00475846
7.770692e-007,5.27045e-005
7.774692e-007,-0.00935881
7.778692e-007,0.00475846
7.782692e-007,-0.00230017
7.786692e-007,0.01417
7.790692e-007,0.00475846
7.794692e-007,0.00946422
7.798692e-007,0.00475846
7.802692e-007,-0.00700593
7.806692e-007,-0.00230017
7.810692e-007,-0.00230017
7.814692e-007,0.00946422
7.818692e-007,0.00475846
7.822692e-007,0.00711134
7.826692e-007,5.27045e-005
7.830692e-007,0.0118171
7.834692e-007,-0.00230017
7.838692e-007,5.27045e-005
7.842692e-007,-0.00935881
7.846692e-007,5.27045e-005
7.850692e-007,5.27045e-005
7.854692e-007,5.27045e-005
7.858692e-007,-0.00935881
7.862692e-007,-0.00700593
7.866692e-007,5.27045e-005
7.870692e-007,-0.00230017
7.874692e-007,0.00475846
7.878692e-007,-0.00230017
7.882692e-007,5.27045e-005
7.886692e-007,0.00711134
7.890692e-007,0.00240558
7.894692e-007,0.00946422
7.898692e-007,0.00711134
7.902692e-007,5.27045e-005
7.906692e-007,5.27045e-005
7.910692e-007,0.00946422
7.914692e-007,-0.00230017
7.918692e-007,0.00240558
7.922692e-007,0.00946422
7.926692e-007,0.00240558
7.930692e-007,0.00475846
7.934692e-007,-0.00935881
7.938692e-007,5.27045e-005
7.942692e-007,0.00240558
7.946692e-007,0.00711134
7.950692e-007,0.00240558
7.954692e-007,-0.00465305
7.958692e-007,-0.00465305
7.962692e-007,-0.00935881
7.966692e-007,-0.00465305
7.970692e-007,-0.00230017
7.974692e-007,-0.00230017
7.978692e-007,0.00240558
7.982692e-007,5.27045e-005
7.986692e-007,0.00475846
7.990692e-007,0.00711134
7.994692e-007,5.27045e-005
7.998692e-007,5.27045e-005
8.002692e-007,-0.00230017
