LECROYWS4104HD,18971,Waveform
Segments,1,SegmentSize,2502
Segment,TrigTime,TimeSinceSegment1
#1,14-Jan-2025 18:20:06,0                 
Time,Ampl
-2.001308e-007,0.00475846
-1.997308e-007,-0.00465305
-1.993308e-007,0.00475846
-1.989308e-007,0.00240558
-1.985308e-007,0.01417
-1.981308e-007,0.00711134
-1.977308e-007,-0.00465305
-1.973308e-007,-0.00230017
-1.969308e-007,0.00240558
-1.965308e-007,-0.00465305
-1.961308e-007,0.00240558
-1.957308e-007,0.00711134
-1.953308e-007,0.00946422
-1.949308e-007,5.27045e-005
-1.945308e-007,0.00711134
-1.941308e-007,5.27045e-005
-1.937308e-007,0.00946422
-1.933308e-007,-0.00465305
-1.929308e-007,0.00711134
-1.925308e-007,-0.00465305
-1.921308e-007,0.00711134
-1.917308e-007,0.00475846
-1.913308e-007,0.00946422
-1.909308e-007,0.00711134
-1.905308e-007,-0.00230017
-1.901308e-007,-0.00700593
-1.897308e-007,0.0188757
-1.893308e-007,-0.00230017
-1.889308e-007,0.00475846
-1.885308e-007,0.00711134
-1.881308e-007,5.27045e-005
-1.877308e-007,0.00240558
-1.873308e-007,0.00475846
-1.869308e-007,0.00475846
-1.865308e-007,0.00475846
-1.861308e-007,5.27045e-005
-1.857308e-007,0.0188757
-1.853308e-007,0.01417
-1.849308e-007,0.00711134
-1.845308e-007,5.27045e-005
-1.841308e-007,0.00240558
-1.837308e-007,-0.00230017
-1.833308e-007,0.00711134
-1.829308e-007,0.00475846
-1.825308e-007,-0.00230017
-1.821308e-007,0.0118171
-1.817308e-007,-0.00230017
-1.813308e-007,0.00946422
-1.809308e-007,0.00475846
-1.805308e-007,0.00711134
-1.801308e-007,0.00711134
-1.797308e-007,-0.00230017
-1.793308e-007,0.00240558
-1.789308e-007,0.0118171
-1.785308e-007,0.00711134
-1.781308e-007,-0.00230017
-1.777308e-007,0.00946422
-1.773308e-007,0.00240558
-1.769308e-007,5.27045e-005
-1.765308e-007,0.00946422
-1.761308e-007,0.00711134
-1.757308e-007,0.00240558
-1.753308e-007,-0.00230017
-1.749308e-007,0.00946422
-1.745308e-007,5.27045e-005
-1.741308e-007,-0.00700593
-1.737308e-007,0.00711134
-1.733308e-007,5.27045e-005
-1.729308e-007,0.0118171
-1.725308e-007,0.00711134
-1.721308e-007,-0.00700593
-1.717308e-007,-0.00230017
-1.713308e-007,-0.00465305
-1.709308e-007,0.00711134
-1.705308e-007,0.00711134
-1.701308e-007,-0.00230017
-1.697308e-007,0.00946422
-1.693308e-007,5.27045e-005
-1.689308e-007,-0.00230017
-1.685308e-007,0.00240558
-1.681308e-007,5.27045e-005
-1.677308e-007,-0.00465305
-1.673308e-007,0.0118171
-1.669308e-007,0.00240558
-1.665308e-007,0.01417
-1.661308e-007,0.00240558
-1.657308e-007,0.00946422
-1.653308e-007,0.0118171
-1.649308e-007,5.27045e-005
-1.645308e-007,0.00240558
-1.641308e-007,0.00240558
-1.637308e-007,5.27045e-005
-1.633308e-007,0.00475846
-1.629308e-007,-0.00465305
-1.625308e-007,5.27045e-005
-1.621308e-007,-0.00935881
-1.617308e-007,0.00240558
-1.613308e-007,-0.00935881
-1.609308e-007,0.00240558
-1.605308e-007,0.00475846
-1.601308e-007,0.00240558
-1.597308e-007,0.00946422
-1.593308e-007,0.00711134
-1.589308e-007,0.00475846
-1.585308e-007,0.00475846
-1.581308e-007,-0.00700593
-1.577308e-007,0.00240558
-1.573308e-007,0.00240558
-1.569308e-007,-0.00230017
-1.565308e-007,-0.00465305
-1.561308e-007,-0.00230017
-1.557308e-007,5.27045e-005
-1.553308e-007,0.00711134
-1.549308e-007,-0.00230017
-1.545308e-007,0.00946422
-1.541308e-007,-0.00935881
-1.537308e-007,0.00711134
-1.533308e-007,0.0118171
-1.529308e-007,5.27045e-005
-1.525308e-007,-0.00230017
-1.521308e-007,0.00711134
-1.517308e-007,5.27045e-005
-1.513308e-007,0.00711134
-1.509308e-007,0.00946422
-1.505308e-007,0.00711134
-1.501308e-007,-0.00465305
-1.497308e-007,0.00711134
-1.493308e-007,5.27045e-005
-1.489308e-007,0.00475846
-1.485308e-007,-0.00230017
-1.481308e-007,0.00240558
-1.477308e-007,-0.00230017
-1.473308e-007,0.00475846
-1.469308e-007,0.00946422
-1.465308e-007,0.00475846
-1.461308e-007,-0.00230017
-1.457308e-007,5.27045e-005
-1.453308e-007,5.27045e-005
-1.449308e-007,5.27045e-005
-1.445308e-007,0.00240558
-1.441308e-007,0.00240558
-1.437308e-007,0.00475846
-1.433308e-007,0.00475846
-1.429308e-007,0.00240558
-1.425308e-007,5.27045e-005
-1.421308e-007,-0.00935881
-1.417308e-007,0.00711134
-1.413308e-007,-0.00230017
-1.409308e-007,0.00240558
-1.405308e-007,0.00946422
-1.401308e-007,-0.00230017
-1.397308e-007,0.00240558
-1.393308e-007,-0.00700593
-1.389308e-007,-0.00230017
-1.385308e-007,0.00946422
-1.381308e-007,-0.00230017
-1.377308e-007,0.00475846
-1.373308e-007,-0.00465305
-1.369308e-007,-0.00465305
-1.365308e-007,5.27045e-005
-1.361308e-007,0.00711134
-1.357308e-007,5.27045e-005
-1.353308e-007,0.00475846
-1.349308e-007,-0.00230017
-1.345308e-007,0.00240558
-1.341308e-007,5.27045e-005
-1.337308e-007,-0.00230017
-1.333308e-007,0.00475846
-1.329308e-007,0.00475846
-1.325308e-007,-0.00230017
-1.321308e-007,0.00946422
-1.317308e-007,-0.00700593
-1.313308e-007,5.27045e-005
-1.309308e-007,5.27045e-005
-1.305308e-007,0.00711134
-1.301308e-007,0.00946422
-1.297308e-007,0.00711134
-1.293308e-007,0.00240558
-1.289308e-007,-0.0117117
-1.285308e-007,-0.00935881
-1.281308e-007,0.00946422
-1.277308e-007,0.00240558
-1.273308e-007,0.00475846
-1.269308e-007,5.27045e-005
-1.265308e-007,0.01417
-1.261308e-007,0.00475846
-1.257308e-007,0.00475846
-1.253308e-007,0.00475846
-1.249308e-007,0.00711134
-1.245308e-007,-0.00230017
-1.241308e-007,-0.00700593
-1.237308e-007,-0.00230017
-1.233308e-007,-0.00700593
-1.229308e-007,-0.00935881
-1.225308e-007,5.27045e-005
-1.221308e-007,0.00711134
-1.217308e-007,0.0165229
-1.213308e-007,0.00711134
-1.209308e-007,0.00475846
-1.205308e-007,-0.00935881
-1.201308e-007,0.0118171
-1.197308e-007,-0.00465305
-1.193308e-007,0.00711134
-1.189308e-007,0.00240558
-1.185308e-007,0.00711134
-1.181308e-007,5.27045e-005
-1.177308e-007,0.00475846
-1.173308e-007,0.00475846
-1.169308e-007,5.27045e-005
-1.165308e-007,-0.00465305
-1.161308e-007,0.00475846
-1.157308e-007,0.00475846
-1.153308e-007,0.00946422
-1.149308e-007,0.00711134
-1.145308e-007,0.00946422
-1.141308e-007,0.00475846
-1.137308e-007,5.27045e-005
-1.133308e-007,-0.00935881
-1.129308e-007,0.00240558
-1.125308e-007,-0.00230017
-1.121308e-007,0.00475846
-1.117308e-007,0.00711134
-1.113308e-007,0.00240558
-1.109308e-007,5.27045e-005
-1.105308e-007,0.00475846
-1.101308e-007,-0.00230017
-1.097308e-007,0.00475846
-1.093308e-007,5.27045e-005
-1.089308e-007,0.0212286
-1.085308e-007,0.00711134
-1.081308e-007,-0.00230017
-1.077308e-007,5.27045e-005
-1.073308e-007,0.00475846
-1.069308e-007,-0.00935881
-1.065308e-007,0.00946422
-1.061308e-007,5.27045e-005
-1.057308e-007,5.27045e-005
-1.053308e-007,5.27045e-005
-1.049308e-007,-0.00465305
-1.045308e-007,-0.00700593
-1.041308e-007,0.00946422
-1.037308e-007,-0.00230017
-1.033308e-007,0.00711134
-1.029308e-007,-0.0117117
-1.025308e-007,0.00711134
-1.021308e-007,0.00240558
-1.017308e-007,0.00946422
-1.013308e-007,-0.00230017
-1.009308e-007,0.0165229
-1.005308e-007,0.00946422
-1.001308e-007,0.00475846
-9.97308e-008,0.00240558
-9.93308e-008,-0.00465305
-9.89308e-008,0.00240558
-9.85308e-008,-0.00465305
-9.81308e-008,5.27045e-005
-9.77308e-008,0.00946422
-9.73308e-008,0.00475846
-9.69308e-008,0.00711134
-9.65308e-008,0.00711134
-9.61308e-008,0.00240558
-9.57308e-008,0.00240558
-9.53308e-008,-0.00935881
-9.49308e-008,0.00240558
-9.45308e-008,5.27045e-005
-9.41308e-008,0.00240558
-9.37308e-008,0.00946422
-9.33308e-008,0.00240558
-9.29308e-008,0.00240558
-9.25308e-008,0.00946422
-9.21308e-008,0.00475846
-9.17308e-008,5.27045e-005
-9.13308e-008,0.00946422
-9.09308e-008,5.27045e-005
-9.05308e-008,0.01417
-9.01308e-008,-0.00465305
-8.97308e-008,0.00946422
-8.93308e-008,0.00711134
-8.89308e-008,0.00240558
-8.85308e-008,0.0118171
-8.81308e-008,-0.00700593
-8.77308e-008,0.00240558
-8.73308e-008,0.00475846
-8.69308e-008,0.00475846
-8.65308e-008,0.00240558
-8.61308e-008,5.27045e-005
-8.57308e-008,0.00240558
-8.53308e-008,5.27045e-005
-8.49308e-008,0.00475846
-8.45308e-008,5.27045e-005
-8.41308e-008,0.00475846
-8.37308e-008,0.00475846
-8.33308e-008,0.00711134
-8.29308e-008,0.01417
-8.25308e-008,0.00711134
-8.21308e-008,0.00946422
-8.17308e-008,0.00475846
-8.13308e-008,-0.00700593
-8.09308e-008,0.00946422
-8.05308e-008,-0.00935881
-8.01308e-008,5.27045e-005
-7.97308e-008,0.00711134
-7.93308e-008,-0.00465305
-7.89308e-008,0.00240558
-7.85308e-008,0.00711134
-7.81308e-008,5.27045e-005
-7.77308e-008,0.00240558
-7.73308e-008,5.27045e-005
-7.69308e-008,0.00711134
-7.65308e-008,0.00946422
-7.61308e-008,0.01417
-7.57308e-008,0.00240558
-7.53308e-008,0.00946422
-7.49308e-008,0.00475846
-7.45308e-008,0.00475846
-7.41308e-008,0.00475846
-7.37308e-008,0.00240558
-7.33308e-008,-0.00230017
-7.29308e-008,-0.00935881
-7.25308e-008,-0.00465305
-7.21308e-008,0.00240558
-7.17308e-008,0.00711134
-7.13308e-008,0.00240558
-7.09308e-008,0.00946422
-7.05308e-008,0.0118171
-7.01308e-008,0.00475846
-6.97308e-008,0.00240558
-6.93308e-008,0.00475846
-6.89308e-008,0.00475846
-6.85308e-008,0.00711134
-6.81308e-008,0.00711134
-6.77308e-008,0.00946422
-6.73308e-008,0.00711134
-6.69308e-008,0.00946422
-6.65308e-008,0.00475846
-6.61308e-008,0.00240558
-6.57308e-008,0.00946422
-6.53308e-008,5.27045e-005
-6.49308e-008,5.27045e-005
-6.45308e-008,-0.00465305
-6.41308e-008,0.00711134
-6.37308e-008,0.00711134
-6.33308e-008,-0.00230017
-6.29308e-008,0.00475846
-6.25308e-008,0.00240558
-6.21308e-008,-0.00465305
-6.17308e-008,0.00475846
-6.13308e-008,0.00711134
-6.09308e-008,-0.00700593
-6.05308e-008,-0.00465305
-6.01308e-008,0.0118171
-5.97308e-008,5.27045e-005
-5.93308e-008,0.00475846
-5.89308e-008,-0.00230017
-5.85308e-008,-0.00465305
-5.81308e-008,0.0118171
-5.77308e-008,0.00240558
-5.73308e-008,0.0118171
-5.69308e-008,-0.00230017
-5.65308e-008,5.27045e-005
-5.61308e-008,5.27045e-005
-5.57308e-008,-0.00230017
-5.53308e-008,0.00475846
-5.49308e-008,0.00475846
-5.45308e-008,5.27045e-005
-5.41308e-008,5.27045e-005
-5.37308e-008,0.00240558
-5.33308e-008,0.00475846
-5.29308e-008,0.00240558
-5.25308e-008,0.00240558
-5.21308e-008,5.27045e-005
-5.17308e-008,5.27045e-005
-5.13308e-008,0.00475846
-5.09308e-008,0.00946422
-5.05308e-008,0.00475846
-5.01308e-008,0.00711134
-4.97308e-008,0.00711134
-4.93308e-008,0.00240558
-4.89308e-008,5.27045e-005
-4.85308e-008,0.00240558
-4.81308e-008,-0.00465305
-4.77308e-008,0.00240558
-4.73308e-008,-0.00230017
-4.69308e-008,-0.00465305
-4.65308e-008,0.00475846
-4.61308e-008,-0.00700593
-4.57308e-008,5.27045e-005
-4.53308e-008,0.01417
-4.49308e-008,0.00711134
-4.45308e-008,0.00711134
-4.41308e-008,0.01417
-4.37308e-008,0.00711134
-4.33308e-008,5.27045e-005
-4.29308e-008,5.27045e-005
-4.25308e-008,0.00240558
-4.21308e-008,-0.00230017
-4.17308e-008,0.00946422
-4.13308e-008,0.0165229
-4.09308e-008,0.00475846
-4.05308e-008,-0.00230017
-4.01308e-008,5.27045e-005
-3.97308e-008,-0.00465305
-3.93308e-008,0.0118171
-3.89308e-008,0.00240558
-3.85308e-008,0.00946422
-3.81308e-008,0.00240558
-3.77308e-008,0.00475846
-3.73308e-008,0.00475846
-3.69308e-008,0.00711134
-3.65308e-008,5.27045e-005
-3.61308e-008,5.27045e-005
-3.57308e-008,0.00475846
-3.53308e-008,0.00475846
-3.49308e-008,-0.00465305
-3.45308e-008,0.00240558
-3.41308e-008,-0.00465305
-3.37308e-008,0.0118171
-3.33308e-008,5.27045e-005
-3.29308e-008,0.00946422
-3.25308e-008,5.27045e-005
-3.21308e-008,0.00475846
-3.17308e-008,0.0118171
-3.13308e-008,0.00475846
-3.09308e-008,0.00475846
-3.05308e-008,0.00475846
-3.01308e-008,0.00240558
-2.97308e-008,5.27045e-005
-2.93308e-008,0.00711134
-2.89308e-008,-0.00230017
-2.85308e-008,5.27045e-005
-2.81308e-008,0.00240558
-2.77308e-008,-0.00230017
-2.73308e-008,0.00946422
-2.69308e-008,-0.00465305
-2.65308e-008,0.00475846
-2.61308e-008,-0.00935881
-2.57308e-008,0.0118171
-2.53308e-008,0.00946422
-2.49308e-008,0.00475846
-2.45308e-008,0.00240558
-2.41308e-008,5.27045e-005
-2.37308e-008,5.27045e-005
-2.33308e-008,0.00240558
-2.29308e-008,0.00475846
-2.25308e-008,0.00711134
-2.21308e-008,0.00240558
-2.17308e-008,-0.00465305
-2.13308e-008,0.00711134
-2.09308e-008,0.00946422
-2.05308e-008,-0.00465305
-2.01308e-008,5.27045e-005
-1.97308e-008,0.00946422
-1.93308e-008,0.0118171
-1.89308e-008,-0.00230017
-1.85308e-008,0.00240558
-1.81308e-008,5.27045e-005
-1.77308e-008,0.00475846
-1.73308e-008,0.00711134
-1.69308e-008,0.00711134
-1.65308e-008,0.00946422
-1.61308e-008,5.27045e-005
-1.57308e-008,0.00946422
-1.53308e-008,0.00475846
-1.49308e-008,5.27045e-005
-1.45308e-008,5.27045e-005
-1.41308e-008,5.27045e-005
-1.37308e-008,0.00711134
-1.33308e-008,0.00475846
-1.29308e-008,0.00240558
-1.25308e-008,0.00711134
-1.21308e-008,0.00240558
-1.17308e-008,-0.00230017
-1.13308e-008,-0.00230017
-1.09308e-008,0.00240558
-1.05308e-008,0.00711134
-1.01308e-008,0.00946422
-9.7308e-009,0.00240558
-9.3308e-009,0.00240558
-8.9308e-009,5.27045e-005
-8.5308e-009,0.00475846
-8.1308e-009,0.00946422
-7.7308e-009,-0.00230017
-7.3308e-009,-0.00465305
-6.9308e-009,0.00946422
-6.5308e-009,0.00711134
-6.1308e-009,5.27045e-005
-5.7308e-009,-0.00465305
-5.3308e-009,5.27045e-005
-4.9308e-009,0.00475846
-4.5308e-009,-0.00230017
-4.1308e-009,-0.00230017
-3.7308e-009,-0.00465305
-3.3308e-009,0.00711134
-2.9308e-009,-0.00700593
-2.5308e-009,0.00711134
-2.1308e-009,0.00240558
-1.7308e-009,0.00240558
-1.3308e-009,-0.00230017
-9.308e-010,0.00240558
-5.308e-010,5.27045e-005
-1.308e-010,0.00240558
2.692e-010,0.00240558
6.692e-010,0.00240558
1.0692e-009,-0.00230017
1.4692e-009,0.00475846
1.8692e-009,0.00946422
2.2692e-009,5.27045e-005
2.6692e-009,-0.00230017
3.0692e-009,-0.00465305
3.4692e-009,0.00475846
3.8692e-009,0.00240558
4.2692e-009,5.27045e-005
4.6692e-009,0.00240558
5.0692e-009,0.00711134
5.4692e-009,0.00711134
5.8692e-009,0.00711134
6.2692e-009,0.00711134
6.6692e-009,0.00240558
7.0692e-009,5.27045e-005
7.4692e-009,0.00240558
7.8692e-009,0.00711134
8.2692e-009,0.00711134
8.6692e-009,0.00711134
9.0692e-009,-0.00230017
9.4692e-009,0.00946422
9.8692e-009,5.27045e-005
1.02692e-008,0.00475846
1.06692e-008,-0.00465305
1.10692e-008,5.27045e-005
1.14692e-008,-0.00935881
1.18692e-008,0.0118171
1.22692e-008,-0.00465305
1.26692e-008,0.01417
1.30692e-008,0.00240558
1.34692e-008,0.00946422
1.38692e-008,-0.00230017
1.42692e-008,0.00946422
1.46692e-008,0.00240558
1.50692e-008,0.00711134
1.54692e-008,5.27045e-005
1.58692e-008,0.00711134
1.62692e-008,-0.00465305
1.66692e-008,-0.00230017
1.70692e-008,-0.00465305
1.74692e-008,0.00711134
1.78692e-008,-0.00700593
1.82692e-008,-0.00465305
1.86692e-008,0.00475846
1.90692e-008,0.00711134
1.94692e-008,0.0118171
1.98692e-008,-0.00935881
2.02692e-008,-0.00465305
2.06692e-008,0.0118171
2.10692e-008,0.00240558
2.14692e-008,5.27045e-005
2.18692e-008,5.27045e-005
2.22692e-008,0.00240558
2.26692e-008,0.00711134
2.30692e-008,0.00240558
2.34692e-008,0.00475846
2.38692e-008,0.00946422
2.42692e-008,5.27045e-005
2.46692e-008,0.00475846
2.50692e-008,-0.00465305
2.54692e-008,0.0118171
2.58692e-008,0.00240558
2.62692e-008,0.00240558
2.66692e-008,-0.00230017
2.70692e-008,0.00711134
2.74692e-008,0.00946422
2.78692e-008,0.00475846
2.82692e-008,-0.00230017
2.86692e-008,0.00711134
2.90692e-008,0.00240558
2.94692e-008,-0.00465305
2.98692e-008,-0.00230017
3.02692e-008,0.00475846
3.06692e-008,-0.00230017
3.10692e-008,5.27045e-005
3.14692e-008,0.00946422
3.18692e-008,0.0118171
3.22692e-008,0.00240558
3.26692e-008,0.00946422
3.30692e-008,-0.00230017
3.34692e-008,5.27045e-005
3.38692e-008,0.00711134
3.42692e-008,0.00946422
3.46692e-008,0.00240558
3.50692e-008,0.00946422
3.54692e-008,0.0188757
3.58692e-008,0.00946422
3.62692e-008,0.00711134
3.66692e-008,0.00475846
3.70692e-008,-0.00230017
3.74692e-008,0.01417
3.78692e-008,-0.00465305
3.82692e-008,0.00240558
3.86692e-008,-0.00230017
3.90692e-008,0.00240558
3.94692e-008,0.00475846
3.98692e-008,-0.00230017
4.02692e-008,-0.00700593
4.06692e-008,0.00946422
4.10692e-008,-0.00230017
4.14692e-008,0.0118171
4.18692e-008,-0.00465305
4.22692e-008,0.00240558
4.26692e-008,-0.00700593
4.30692e-008,0.00475846
4.34692e-008,5.27045e-005
4.38692e-008,0.00475846
4.42692e-008,0.0118171
4.46692e-008,0.01417
4.50692e-008,0.00711134
4.54692e-008,-0.00230017
4.58692e-008,5.27045e-005
4.62692e-008,0.00711134
4.66692e-008,0.00711134
4.70692e-008,-0.00465305
4.74692e-008,0.00475846
4.78692e-008,0.0118171
4.82692e-008,-0.00465305
4.86692e-008,-0.00230017
4.90692e-008,0.00946422
4.94692e-008,0.00946422
4.98692e-008,5.27045e-005
5.02692e-008,0.00475846
5.06692e-008,5.27045e-005
5.10692e-008,0.00711134
5.14692e-008,0.00946422
5.18692e-008,0.00711134
5.22692e-008,0.00240558
5.26692e-008,0.00711134
5.30692e-008,0.0118171
5.34692e-008,0.00475846
5.38692e-008,-0.00230017
5.42692e-008,-0.00465305
5.46692e-008,-0.00230017
5.50692e-008,0.00711134
5.54692e-008,0.00711134
5.58692e-008,0.00475846
5.62692e-008,-0.00700593
5.66692e-008,5.27045e-005
5.70692e-008,5.27045e-005
5.74692e-008,0.00240558
5.78692e-008,0.00240558
5.82692e-008,0.00475846
5.86692e-008,-0.00230017
5.90692e-008,5.27045e-005
5.94692e-008,5.27045e-005
5.98692e-008,0.01417
6.02692e-008,0.00240558
6.06692e-008,0.00946422
6.10692e-008,5.27045e-005
6.14692e-008,0.00711134
6.18692e-008,-0.00230017
6.22692e-008,0.00946422
6.26692e-008,0.00475846
6.30692e-008,0.01417
6.34692e-008,-0.00935881
6.38692e-008,0.00240558
6.42692e-008,0.00240558
6.46692e-008,0.00946422
6.50692e-008,0.0118171
6.54692e-008,0.00240558
6.58692e-008,-0.00935881
6.62692e-008,0.00946422
6.66692e-008,0.00711134
6.70692e-008,0.0118171
6.74692e-008,-0.0140646
6.78692e-008,0.00240558
6.82692e-008,5.27045e-005
6.86692e-008,0.00475846
6.90692e-008,-0.00935881
6.94692e-008,0.00711134
6.98692e-008,-0.00465305
7.02692e-008,0.00946422
7.06692e-008,5.27045e-005
7.10692e-008,-0.00230017
7.14692e-008,0.00475846
7.18692e-008,-0.00465305
7.22692e-008,0.00475846
7.26692e-008,0.00946422
7.30692e-008,5.27045e-005
7.34692e-008,0.0118171
7.38692e-008,5.27045e-005
7.42692e-008,0.00240558
7.46692e-008,0.0118171
7.50692e-008,0.0165229
7.54692e-008,0.00711134
7.58692e-008,0.00475846
7.62692e-008,-0.00465305
7.66692e-008,0.00475846
7.70692e-008,0.0118171
7.74692e-008,0.00240558
7.78692e-008,0.00240558
7.82692e-008,0.00475846
7.86692e-008,0.00240558
7.90692e-008,0.00475846
7.94692e-008,-0.00465305
7.98692e-008,0.00240558
8.02692e-008,-0.00465305
8.06692e-008,0.00240558
8.10692e-008,0.00475846
8.14692e-008,0.00946422
8.18692e-008,-0.00465305
8.22692e-008,0.00475846
8.26692e-008,0.0118171
8.30692e-008,0.00711134
8.34692e-008,0.00240558
8.38692e-008,-0.00465305
8.42692e-008,0.00240558
8.46692e-008,5.27045e-005
8.50692e-008,0.00711134
8.54692e-008,0.00711134
8.58692e-008,0.00240558
8.62692e-008,0.01417
8.66692e-008,0.00946422
8.70692e-008,-0.00230017
8.74692e-008,5.27045e-005
8.78692e-008,0.00475846
8.82692e-008,5.27045e-005
8.86692e-008,0.00711134
8.90692e-008,0.00240558
8.94692e-008,0.0188757
8.98692e-008,0.00475846
9.02692e-008,0.00475846
9.06692e-008,0.0165229
9.10692e-008,0.00711134
9.14692e-008,0.00475846
9.18692e-008,5.27045e-005
9.22692e-008,-0.00465305
9.26692e-008,0.00240558
9.30692e-008,-0.00465305
9.34692e-008,0.00240558
9.38692e-008,-0.00700593
9.42692e-008,0.00711134
9.46692e-008,5.27045e-005
9.50692e-008,0.00946422
9.54692e-008,0.00240558
9.58692e-008,0.00240558
9.62692e-008,5.27045e-005
9.66692e-008,-0.00230017
9.70692e-008,0.00711134
9.74692e-008,5.27045e-005
9.78692e-008,0.00240558
9.82692e-008,0.00240558
9.86692e-008,5.27045e-005
9.90692e-008,-0.00230017
9.94692e-008,0.00711134
9.98692e-008,-0.00935881
1.002692e-007,0.00475846
1.006692e-007,0.00711134
1.010692e-007,0.00475846
1.014692e-007,0.00240558
1.018692e-007,-0.00465305
1.022692e-007,0.00240558
1.026692e-007,-0.00230017
1.030692e-007,0.00240558
1.034692e-007,5.27045e-005
1.038692e-007,-0.00230017
1.042692e-007,0.00240558
1.046692e-007,0.00475846
1.050692e-007,0.00240558
1.054692e-007,-0.00230017
1.058692e-007,0.00475846
1.062692e-007,0.00711134
1.066692e-007,5.27045e-005
1.070692e-007,0.00946422
1.074692e-007,0.00475846
1.078692e-007,0.00240558
1.082692e-007,0.00711134
1.086692e-007,0.00240558
1.090692e-007,0.00475846
1.094692e-007,0.00240558
1.098692e-007,-0.00230017
1.102692e-007,0.01417
1.106692e-007,0.0118171
1.110692e-007,0.00711134
1.114692e-007,0.00240558
1.118692e-007,0.01417
1.122692e-007,0.0118171
1.126692e-007,-0.00230017
1.130692e-007,5.27045e-005
1.134692e-007,5.27045e-005
1.138692e-007,5.27045e-005
1.142692e-007,0.01417
1.146692e-007,5.27045e-005
1.150692e-007,0.0188757
1.154692e-007,0.00240558
1.158692e-007,0.01417
1.162692e-007,0.00711134
1.166692e-007,-0.00230017
1.170692e-007,-0.00935881
1.174692e-007,0.00711134
1.178692e-007,-0.00230017
1.182692e-007,0.00240558
1.186692e-007,-0.00465305
1.190692e-007,5.27045e-005
1.194692e-007,0.00240558
1.198692e-007,0.00711134
1.202692e-007,-0.00230017
1.206692e-007,0.00946422
1.210692e-007,-0.00230017
1.214692e-007,0.00711134
1.218692e-007,0.00240558
1.222692e-007,0.00475846
1.226692e-007,0.00475846
1.230692e-007,0.00240558
1.234692e-007,-0.00230017
1.238692e-007,0.00240558
1.242692e-007,0.00475846
1.246692e-007,5.27045e-005
1.250692e-007,0.00475846
1.254692e-007,0.00240558
1.258692e-007,0.0165229
1.262692e-007,0.00711134
1.266692e-007,0.00240558
1.270692e-007,0.00240558
1.274692e-007,-0.00230017
1.278692e-007,0.00240558
1.282692e-007,0.00711134
1.286692e-007,0.00711134
1.290692e-007,0.00240558
1.294692e-007,0.00475846
1.298692e-007,5.27045e-005
1.302692e-007,0.00240558
1.306692e-007,-0.00230017
1.310692e-007,0.00240558
1.314692e-007,0.00240558
1.318692e-007,0.0118171
1.322692e-007,5.27045e-005
1.326692e-007,0.00475846
1.330692e-007,0.00475846
1.334692e-007,0.00240558
1.338692e-007,5.27045e-005
1.342692e-007,0.00711134
1.346692e-007,0.00240558
1.350692e-007,0.00240558
1.354692e-007,-0.00230017
1.358692e-007,-0.00465305
1.362692e-007,0.00711134
1.366692e-007,0.00946422
1.370692e-007,-0.00465305
1.374692e-007,5.27045e-005
1.378692e-007,0.00711134
1.382692e-007,0.00475846
1.386692e-007,0.00475846
1.390692e-007,-0.00230017
1.394692e-007,-0.00465305
1.398692e-007,0.00475846
1.402692e-007,-0.00465305
1.406692e-007,0.00711134
1.410692e-007,0.00711134
1.414692e-007,0.00946422
1.418692e-007,0.00711134
1.422692e-007,5.27045e-005
1.426692e-007,-0.00465305
1.430692e-007,0.0118171
1.434692e-007,0.00711134
1.438692e-007,5.27045e-005
1.442692e-007,0.00711134
1.446692e-007,0.00946422
1.450692e-007,5.27045e-005
1.454692e-007,0.00946422
1.458692e-007,5.27045e-005
1.462692e-007,0.00240558
1.466692e-007,0.00946422
1.470692e-007,0.00475846
1.474692e-007,0.00946422
1.478692e-007,-0.00230017
1.482692e-007,0.00475846
1.486692e-007,5.27045e-005
1.490692e-007,0.00240558
1.494692e-007,0.00946422
1.498692e-007,-0.00465305
1.502692e-007,0.00946422
1.506692e-007,-0.00700593
1.510692e-007,-0.00230017
1.514692e-007,5.27045e-005
1.518692e-007,0.00475846
1.522692e-007,-0.00935881
1.526692e-007,0.00240558
1.530692e-007,-0.00465305
1.534692e-007,0.0118171
1.538692e-007,0.00946422
1.542692e-007,0.00711134
1.546692e-007,0.00240558
1.550692e-007,0.00946422
1.554692e-007,0.00240558
1.558692e-007,0.0118171
1.562692e-007,-0.00465305
1.566692e-007,5.27045e-005
1.570692e-007,0.00240558
1.574692e-007,0.00240558
1.578692e-007,0.00946422
1.582692e-007,0.0118171
1.586692e-007,-0.00465305
1.590692e-007,5.27045e-005
1.594692e-007,0.00946422
1.598692e-007,0.00475846
1.602692e-007,-0.00230017
1.606692e-007,5.27045e-005
1.610692e-007,0.00240558
1.614692e-007,0.00475846
1.618692e-007,0.00240558
1.622692e-007,-0.00230017
1.626692e-007,0.00946422
1.630692e-007,0.00946422
1.634692e-007,0.00946422
1.638692e-007,0.00475846
1.642692e-007,0.00475846
1.646692e-007,0.00475846
1.650692e-007,0.00240558
1.654692e-007,0.01417
1.658692e-007,-0.00700593
1.662692e-007,0.0118171
1.666692e-007,5.27045e-005
1.670692e-007,0.00946422
1.674692e-007,0.00475846
1.678692e-007,-0.00700593
1.682692e-007,-0.00700593
1.686692e-007,0.00240558
1.690692e-007,5.27045e-005
1.694692e-007,0.00475846
1.698692e-007,-0.00465305
1.702692e-007,5.27045e-005
1.706692e-007,0.01417
1.710692e-007,0.00946422
1.714692e-007,-0.00230017
1.718692e-007,0.00475846
1.722692e-007,-0.00230017
1.726692e-007,0.00711134
1.730692e-007,0.00946422
1.734692e-007,-0.00230017
1.738692e-007,0.00475846
1.742692e-007,0.00475846
1.746692e-007,5.27045e-005
1.750692e-007,0.00946422
1.754692e-007,5.27045e-005
1.758692e-007,5.27045e-005
1.762692e-007,0.00475846
1.766692e-007,-0.00700593
1.770692e-007,0.00946422
1.774692e-007,0.0165229
1.778692e-007,0.00711134
1.782692e-007,5.27045e-005
1.786692e-007,-0.00230017
1.790692e-007,5.27045e-005
1.794692e-007,0.00240558
1.798692e-007,0.00475846
1.802692e-007,0.00240558
1.806692e-007,0.00946422
1.810692e-007,0.00946422
1.814692e-007,0.00475846
1.818692e-007,-0.00230017
1.822692e-007,0.00711134
1.826692e-007,0.00240558
1.830692e-007,0.00240558
1.834692e-007,0.00240558
1.838692e-007,5.27045e-005
1.842692e-007,0.00475846
1.846692e-007,0.00475846
1.850692e-007,0.00240558
1.854692e-007,0.0118171
1.858692e-007,0.0118171
1.862692e-007,0.00240558
1.866692e-007,5.27045e-005
1.870692e-007,0.00711134
1.874692e-007,5.27045e-005
1.878692e-007,0.00711134
1.882692e-007,-0.00465305
1.886692e-007,5.27045e-005
1.890692e-007,0.00711134
1.894692e-007,0.00475846
1.898692e-007,0.00475846
1.902692e-007,5.27045e-005
1.906692e-007,-0.00935881
1.910692e-007,0.01417
1.914692e-007,-0.00465305
1.918692e-007,0.00240558
1.922692e-007,0.00475846
1.926692e-007,0.00240558
1.930692e-007,0.0118171
1.934692e-007,5.27045e-005
1.938692e-007,-0.00230017
1.942692e-007,0.00240558
1.946692e-007,0.00946422
1.950692e-007,0.00475846
1.954692e-007,-0.0140646
1.958692e-007,0.00475846
1.962692e-007,-0.00700593
1.966692e-007,-0.00230017
1.970692e-007,5.27045e-005
1.974692e-007,0.01417
1.978692e-007,0.00946422
1.982692e-007,0.01417
1.986692e-007,0.00711134
1.990692e-007,0.00711134
1.994692e-007,5.27045e-005
1.998692e-007,5.27045e-005
2.002692e-007,-0.00465305
2.006692e-007,-0.00465305
2.010692e-007,0.00475846
2.014692e-007,-0.00230017
2.018692e-007,5.27045e-005
2.022692e-007,0.00240558
2.026692e-007,-0.00230017
2.030692e-007,0.00711134
2.034692e-007,0.00475846
2.038692e-007,0.00946422
2.042692e-007,-0.0117117
2.046692e-007,0.0118171
2.050692e-007,0.00240558
2.054692e-007,0.00240558
2.058692e-007,-0.00230017
2.062692e-007,0.00711134
2.066692e-007,0.00240558
2.070692e-007,0.0118171
2.074692e-007,-0.00465305
2.078692e-007,0.00711134
2.082692e-007,0.00240558
2.086692e-007,0.00240558
2.090692e-007,5.27045e-005
2.094692e-007,0.00475846
2.098692e-007,0.00475846
2.102692e-007,0.00475846
2.106692e-007,0.00711134
2.110692e-007,0.00240558
2.114692e-007,5.27045e-005
2.118692e-007,0.0118171
2.122692e-007,-0.00230017
2.126692e-007,0.00475846
2.130692e-007,5.27045e-005
2.134692e-007,0.00240558
2.138692e-007,-0.00700593
2.142692e-007,0.00240558
2.146692e-007,0.00475846
2.150692e-007,-0.00230017
2.154692e-007,-0.00465305
2.158692e-007,5.27045e-005
2.162692e-007,-0.00230017
2.166692e-007,0.01417
2.170692e-007,0.00240558
2.174692e-007,0.00946422
2.178692e-007,0.00946422
2.182692e-007,0.00946422
2.186692e-007,0.0118171
2.190692e-007,5.27045e-005
2.194692e-007,-0.00465305
2.198692e-007,0.0118171
2.202692e-007,5.27045e-005
2.206692e-007,0.00240558
2.210692e-007,-0.00465305
2.214692e-007,0.00711134
2.218692e-007,0.00475846
2.222692e-007,0.00240558
2.226692e-007,-0.00700593
2.230692e-007,0.00475846
2.234692e-007,-0.00465305
2.238692e-007,5.27045e-005
2.242692e-007,5.27045e-005
2.246692e-007,-0.00230017
2.250692e-007,0.00711134
2.254692e-007,5.27045e-005
2.258692e-007,-0.00700593
2.262692e-007,0.00475846
2.266692e-007,-0.00700593
2.270692e-007,5.27045e-005
2.274692e-007,0.00475846
2.278692e-007,0.00240558
2.282692e-007,0.00946422
2.286692e-007,0.0165229
2.290692e-007,0.00475846
2.294692e-007,0.00240558
2.298692e-007,-0.00465305
2.302692e-007,5.27045e-005
2.306692e-007,0.00946422
2.310692e-007,0.00946422
2.314692e-007,0.00946422
2.318692e-007,0.01417
2.322692e-007,5.27045e-005
2.326692e-007,0.00475846
2.330692e-007,0.00240558
2.334692e-007,5.27045e-005
2.338692e-007,0.00240558
2.342692e-007,0.00711134
2.346692e-007,5.27045e-005
2.350692e-007,0.00946422
2.354692e-007,-0.00230017
2.358692e-007,0.00475846
2.362692e-007,0.00240558
2.366692e-007,0.0118171
2.370692e-007,0.00946422
2.374692e-007,0.00240558
2.378692e-007,-0.00230017
2.382692e-007,5.27045e-005
2.386692e-007,0.00711134
2.390692e-007,0.00240558
2.394692e-007,0.00240558
2.398692e-007,0.00711134
2.402692e-007,5.27045e-005
2.406692e-007,0.00946422
2.410692e-007,-0.00230017
2.414692e-007,0.00946422
2.418692e-007,-0.00465305
2.422692e-007,0.0165229
2.426692e-007,-0.00465305
2.430692e-007,0.01417
2.434692e-007,-0.00465305
2.438692e-007,0.00946422
2.442692e-007,0.00475846
2.446692e-007,0.00240558
2.450692e-007,-0.0117117
2.454692e-007,0.00946422
2.458692e-007,0.00946422
2.462692e-007,5.27045e-005
2.466692e-007,-0.00465305
2.470692e-007,-0.00230017
2.474692e-007,0.00240558
2.478692e-007,0.00475846
2.482692e-007,-0.00230017
2.486692e-007,0.00475846
2.490692e-007,-0.00230017
2.494692e-007,0.00711134
2.498692e-007,0.00240558
2.502692e-007,-0.00935881
2.506692e-007,0.00475846
2.510692e-007,0.00711134
2.514692e-007,0.00240558
2.518692e-007,0.00475846
2.522692e-007,0.00475846
2.526692e-007,0.00240558
2.530692e-007,5.27045e-005
2.534692e-007,0.00240558
2.538692e-007,0.00475846
2.542692e-007,0.00946422
2.546692e-007,0.00240558
2.550692e-007,0.00475846
2.554692e-007,5.27045e-005
2.558692e-007,0.0118171
2.562692e-007,0.00711134
2.566692e-007,0.00946422
2.570692e-007,0.00240558
2.574692e-007,0.00711134
2.578692e-007,0.00475846
2.582692e-007,5.27045e-005
2.586692e-007,-0.00230017
2.590692e-007,5.27045e-005
2.594692e-007,0.00475846
2.598692e-007,0.0118171
2.602692e-007,0.00946422
2.606692e-007,0.00475846
2.610692e-007,-0.00230017
2.614692e-007,5.27045e-005
2.618692e-007,0.00240558
2.622692e-007,0.0118171
2.626692e-007,5.27045e-005
2.630692e-007,0.00946422
2.634692e-007,-0.00230017
2.638692e-007,0.0118171
2.642692e-007,0.00240558
2.646692e-007,0.01417
2.650692e-007,0.00240558
2.654692e-007,0.00475846
2.658692e-007,-0.00230017
2.662692e-007,0.00475846
2.666692e-007,0.00475846
2.670692e-007,0.0165229
2.674692e-007,-0.00465305
2.678692e-007,0.01417
2.682692e-007,5.27045e-005
2.686692e-007,0.00711134
2.690692e-007,0.00240558
2.694692e-007,0.00946422
2.698692e-007,0.0165229
2.702692e-007,0.00240558
2.706692e-007,-0.0117117
2.710692e-007,0.00946422
2.714692e-007,0.0118171
2.718692e-007,0.0118171
2.722692e-007,5.27045e-005
2.726692e-007,0.00475846
2.730692e-007,0.00240558
2.734692e-007,0.00475846
2.738692e-007,0.00475846
2.742692e-007,0.01417
2.746692e-007,5.27045e-005
2.750692e-007,0.00711134
2.754692e-007,0.00240558
2.758692e-007,0.00475846
2.762692e-007,0.00475846
2.766692e-007,0.00240558
2.770692e-007,-0.00230017
2.774692e-007,0.00240558
2.778692e-007,-0.00465305
2.782692e-007,0.00946422
2.786692e-007,0.00475846
2.790692e-007,-0.00230017
2.794692e-007,0.00711134
2.798692e-007,0.00946422
2.802692e-007,5.27045e-005
2.806692e-007,0.00475846
2.810692e-007,5.27045e-005
2.814692e-007,0.00240558
2.818692e-007,0.00946422
2.822692e-007,0.00711134
2.826692e-007,0.00711134
2.830692e-007,0.00711134
2.834692e-007,0.00240558
2.838692e-007,-0.00230017
2.842692e-007,0.00240558
2.846692e-007,0.00240558
2.850692e-007,0.00240558
2.854692e-007,-0.00230017
2.858692e-007,5.27045e-005
2.862692e-007,0.00475846
2.866692e-007,-0.00465305
2.870692e-007,0.00240558
2.874692e-007,0.00711134
2.878692e-007,0.00475846
2.882692e-007,0.00240558
2.886692e-007,5.27045e-005
2.890692e-007,5.27045e-005
2.894692e-007,0.01417
2.898692e-007,0.0118171
2.902692e-007,-0.00230017
2.906692e-007,5.27045e-005
2.910692e-007,0.00711134
2.914692e-007,0.00946422
2.918692e-007,0.00946422
2.922692e-007,0.00240558
2.926692e-007,5.27045e-005
2.930692e-007,-0.00465305
2.934692e-007,0.01417
2.938692e-007,5.27045e-005
2.942692e-007,0.00240558
2.946692e-007,0.00711134
2.950692e-007,-0.00230017
2.954692e-007,-0.00230017
2.958692e-007,-0.00230017
2.962692e-007,0.00475846
2.966692e-007,0.00240558
2.970692e-007,0.00946422
2.974692e-007,5.27045e-005
2.978692e-007,-0.00465305
2.982692e-007,-0.00230017
2.986692e-007,0.00946422
2.990692e-007,-0.00230017
2.994692e-007,-0.0164174
2.998692e-007,0.00946422
3.002692e-007,5.27045e-005
3.006692e-007,0.00711134
3.010692e-007,0.0118171
3.014692e-007,0.00711134
3.018692e-007,-0.00230017
3.022692e-007,5.27045e-005
3.026692e-007,-0.00465305
3.030692e-007,-0.00465305
3.034692e-007,-0.00465305
3.038692e-007,-0.00230017
3.042692e-007,0.00711134
3.046692e-007,0.00240558
3.050692e-007,0.00475846
3.054692e-007,0.00711134
3.058692e-007,0.00711134
3.062692e-007,0.00240558
3.066692e-007,-0.00230017
3.070692e-007,0.00711134
3.074692e-007,0.00240558
3.078692e-007,0.00946422
3.082692e-007,5.27045e-005
3.086692e-007,0.00711134
3.090692e-007,-0.00465305
3.094692e-007,0.00475846
3.098692e-007,0.00946422
3.102692e-007,5.27045e-005
3.106692e-007,-0.00230017
3.110692e-007,0.00711134
3.114692e-007,-0.00465305
3.118692e-007,0.00475846
3.122692e-007,-0.00230017
3.126692e-007,0.00240558
3.130692e-007,5.27045e-005
3.134692e-007,0.0165229
3.138692e-007,0.00711134
3.142692e-007,0.00475846
3.146692e-007,0.00711134
3.150692e-007,5.27045e-005
3.154692e-007,5.27045e-005
3.158692e-007,0.00711134
3.162692e-007,5.27045e-005
3.166692e-007,0.00711134
3.170692e-007,5.27045e-005
3.174692e-007,0.00946422
3.178692e-007,0.00946422
3.182692e-007,0.0165229
3.186692e-007,5.27045e-005
3.190692e-007,0.0118171
3.194692e-007,-0.00935881
3.198692e-007,0.00946422
3.202692e-007,0.00240558
3.206692e-007,0.00946422
3.210692e-007,-0.00230017
3.214692e-007,5.27045e-005
3.218692e-007,0.00240558
3.222692e-007,0.00711134
3.226692e-007,0.00475846
3.230692e-007,0.0118171
3.234692e-007,5.27045e-005
3.238692e-007,0.00240558
3.242692e-007,0.00240558
3.246692e-007,0.00946422
3.250692e-007,5.27045e-005
3.254692e-007,0.00475846
3.258692e-007,0.00475846
3.262692e-007,0.00711134
3.266692e-007,0.01417
3.270692e-007,-0.00230017
3.274692e-007,5.27045e-005
3.278692e-007,-0.00230017
3.282692e-007,-0.00465305
3.286692e-007,0.00946422
3.290692e-007,-0.00230017
3.294692e-007,-0.00230017
3.298692e-007,0.00711134
3.302692e-007,0.00711134
3.306692e-007,0.00475846
3.310692e-007,0.00946422
3.314692e-007,-0.00465305
3.318692e-007,0.00475846
3.322692e-007,-0.00935881
3.326692e-007,0.00711134
3.330692e-007,0.00240558
3.334692e-007,0.0165229
3.338692e-007,0.00475846
3.342692e-007,0.00475846
3.346692e-007,0.00946422
3.350692e-007,0.00475846
3.354692e-007,0.00240558
3.358692e-007,-0.00230017
3.362692e-007,-0.00230017
3.366692e-007,0.00711134
3.370692e-007,5.27045e-005
3.374692e-007,0.00240558
3.378692e-007,-0.00230017
3.382692e-007,5.27045e-005
3.386692e-007,0.00240558
3.390692e-007,0.0165229
3.394692e-007,0.00711134
3.398692e-007,-0.00700593
3.402692e-007,-0.00230017
3.406692e-007,0.00475846
3.410692e-007,5.27045e-005
3.414692e-007,0.00711134
3.418692e-007,-0.00465305
3.422692e-007,0.00240558
3.426692e-007,0.00475846
3.430692e-007,-0.00230017
3.434692e-007,0.00946422
3.438692e-007,5.27045e-005
3.442692e-007,-0.00465305
3.446692e-007,0.01417
3.450692e-007,0.00240558
3.454692e-007,0.0118171
3.458692e-007,0.00946422
3.462692e-007,-0.00465305
3.466692e-007,0.00475846
3.470692e-007,-0.00465305
3.474692e-007,0.00475846
3.478692e-007,0.00946422
3.482692e-007,0.00475846
3.486692e-007,0.0118171
3.490692e-007,-0.00465305
3.494692e-007,-0.00465305
3.498692e-007,0.00946422
3.502692e-007,0.00946422
3.506692e-007,-0.00935881
3.510692e-007,0.00475846
3.514692e-007,0.00711134
3.518692e-007,0.00711134
3.522692e-007,0.01417
3.526692e-007,-0.00230017
3.530692e-007,0.00475846
3.534692e-007,0.00240558
3.538692e-007,-0.00230017
3.542692e-007,0.00240558
3.546692e-007,5.27045e-005
3.550692e-007,-0.00230017
3.554692e-007,0.00475846
3.558692e-007,0.00240558
3.562692e-007,0.00475846
3.566692e-007,0.00946422
3.570692e-007,-0.00465305
3.574692e-007,0.01417
3.578692e-007,-0.00230017
3.582692e-007,0.00711134
3.586692e-007,-0.00230017
3.590692e-007,0.00240558
3.594692e-007,-0.00230017
3.598692e-007,0.00711134
3.602692e-007,0.00475846
3.606692e-007,5.27045e-005
3.610692e-007,0.00240558
3.614692e-007,5.27045e-005
3.618692e-007,0.00240558
3.622692e-007,-0.00230017
3.626692e-007,5.27045e-005
3.630692e-007,0.00475846
3.634692e-007,-0.00465305
3.638692e-007,-0.00935881
3.642692e-007,0.00946422
3.646692e-007,0.0118171
3.650692e-007,5.27045e-005
3.654692e-007,0.0118171
3.658692e-007,5.27045e-005
3.662692e-007,0.00475846
3.666692e-007,5.27045e-005
3.670692e-007,0.00946422
3.674692e-007,-0.00230017
3.678692e-007,0.00946422
3.682692e-007,5.27045e-005
3.686692e-007,-0.00230017
3.690692e-007,5.27045e-005
3.694692e-007,0.0165229
3.698692e-007,-0.00465305
3.702692e-007,0.00475846
3.706692e-007,-0.00465305
3.710692e-007,0.01417
3.714692e-007,0.00240558
3.718692e-007,0.01417
3.722692e-007,0.00475846
3.726692e-007,-0.00230017
3.730692e-007,0.00240558
3.734692e-007,0.00946422
3.738692e-007,5.27045e-005
3.742692e-007,0.00475846
3.746692e-007,-0.00465305
3.750692e-007,5.27045e-005
3.754692e-007,0.00475846
3.758692e-007,0.00475846
3.762692e-007,5.27045e-005
3.766692e-007,0.00475846
3.770692e-007,0.00475846
3.774692e-007,0.00475846
3.778692e-007,0.01417
3.782692e-007,0.00711134
3.786692e-007,5.27045e-005
3.790692e-007,5.27045e-005
3.794692e-007,0.00240558
3.798692e-007,0.00475846
3.802692e-007,0.00475846
3.806692e-007,5.27045e-005
3.810692e-007,-0.00465305
3.814692e-007,0.00240558
3.818692e-007,0.00475846
3.822692e-007,0.00240558
3.826692e-007,-0.00465305
3.830692e-007,5.27045e-005
3.834692e-007,-0.00465305
3.838692e-007,0.00240558
3.842692e-007,0.00475846
3.846692e-007,0.00711134
3.850692e-007,-0.00230017
3.854692e-007,0.00711134
3.858692e-007,0.00475846
3.862692e-007,0.00475846
3.866692e-007,-0.00230017
3.870692e-007,-0.00465305
3.874692e-007,0.00946422
3.878692e-007,-0.00700593
3.882692e-007,-0.00465305
3.886692e-007,0.00475846
3.890692e-007,-0.00465305
3.894692e-007,5.27045e-005
3.898692e-007,0.00240558
3.902692e-007,0.0118171
3.906692e-007,0.00711134
3.910692e-007,-0.00700593
3.914692e-007,-0.00230017
3.918692e-007,0.00240558
3.922692e-007,0.00240558
3.926692e-007,0.00240558
3.930692e-007,0.00475846
3.934692e-007,0.00240558
3.938692e-007,0.0118171
3.942692e-007,-0.00230017
3.946692e-007,-0.00230017
3.950692e-007,-0.00700593
3.954692e-007,-0.00700593
3.958692e-007,0.00475846
3.962692e-007,-0.00465305
3.966692e-007,0.01417
3.970692e-007,0.00240558
3.974692e-007,0.00946422
3.978692e-007,0.00475846
3.982692e-007,-0.00230017
3.986692e-007,5.27045e-005
3.990692e-007,0.00946422
3.994692e-007,-0.00230017
3.998692e-007,0.00946422
4.002692e-007,-0.0140646
4.006692e-007,-0.00230017
4.010692e-007,-0.00465305
4.014692e-007,0.00475846
4.018692e-007,5.27045e-005
4.022692e-007,0.00475846
4.026692e-007,5.27045e-005
4.030692e-007,0.00946422
4.034692e-007,0.00946422
4.038692e-007,0.00475846
4.042692e-007,5.27045e-005
4.046692e-007,-0.00465305
4.050692e-007,0.00240558
4.054692e-007,5.27045e-005
4.058692e-007,5.27045e-005
4.062692e-007,0.00946422
4.066692e-007,5.27045e-005
4.070692e-007,-0.00465305
4.074692e-007,0.00946422
4.078692e-007,0.00946422
4.082692e-007,0.00711134
4.086692e-007,5.27045e-005
4.090692e-007,-0.00465305
4.094692e-007,5.27045e-005
4.098692e-007,0.00946422
4.102692e-007,0.00240558
4.106692e-007,-0.00230017
4.110692e-007,0.00711134
4.114692e-007,0.00475846
4.118692e-007,0.0118171
4.122692e-007,-0.00230017
4.126692e-007,0.00711134
4.130692e-007,0.00240558
4.134692e-007,0.00711134
4.138692e-007,5.27045e-005
4.142692e-007,0.00475846
4.146692e-007,-0.00465305
4.150692e-007,0.00240558
4.154692e-007,0.00240558
4.158692e-007,0.00240558
4.162692e-007,0.00946422
4.166692e-007,0.00240558
4.170692e-007,0.00240558
4.174692e-007,-0.00230017
4.178692e-007,-0.00465305
4.182692e-007,0.00711134
4.186692e-007,0.00711134
4.190692e-007,0.00946422
4.194692e-007,0.00475846
4.198692e-007,-0.00230017
4.202692e-007,0.00475846
4.206692e-007,0.0165229
4.210692e-007,-0.00935881
4.214692e-007,0.01417
4.218692e-007,5.27045e-005
4.222692e-007,0.00946422
4.226692e-007,0.00711134
4.230692e-007,0.00946422
4.234692e-007,0.0118171
4.238692e-007,0.00711134
4.242692e-007,5.27045e-005
4.246692e-007,0.0118171
4.250692e-007,5.27045e-005
4.254692e-007,0.0118171
4.258692e-007,5.27045e-005
4.262692e-007,0.00475846
4.266692e-007,5.27045e-005
4.270692e-007,0.00946422
4.274692e-007,-0.00230017
4.278692e-007,0.00475846
4.282692e-007,0.00711134
4.286692e-007,0.0188757
4.290692e-007,0.00711134
4.294692e-007,0.00475846
4.298692e-007,5.27045e-005
4.302692e-007,5.27045e-005
4.306692e-007,-0.00230017
4.310692e-007,-0.00230017
4.314692e-007,-0.00465305
4.318692e-007,5.27045e-005
4.322692e-007,0.00711134
4.326692e-007,0.00240558
4.330692e-007,0.0118171
4.334692e-007,0.0118171
4.338692e-007,5.27045e-005
4.342692e-007,0.00240558
4.346692e-007,-0.00935881
4.350692e-007,0.0118171
4.354692e-007,0.00711134
4.358692e-007,0.00946422
4.362692e-007,5.27045e-005
4.366692e-007,0.01417
4.370692e-007,0.00946422
4.374692e-007,0.00475846
4.378692e-007,-0.00230017
4.382692e-007,-0.00465305
4.386692e-007,-0.00230017
4.390692e-007,0.00711134
4.394692e-007,-0.00230017
4.398692e-007,5.27045e-005
4.402692e-007,-0.00230017
4.406692e-007,5.27045e-005
4.410692e-007,0.00711134
4.414692e-007,0.00711134
4.418692e-007,0.00240558
4.422692e-007,0.0118171
4.426692e-007,5.27045e-005
4.430692e-007,0.00240558
4.434692e-007,5.27045e-005
4.438692e-007,0.0118171
4.442692e-007,0.00475846
4.446692e-007,0.0165229
4.450692e-007,5.27045e-005
4.454692e-007,0.00946422
4.458692e-007,-0.00230017
4.462692e-007,0.00475846
4.466692e-007,-0.0117117
4.470692e-007,0.0188757
4.474692e-007,5.27045e-005
4.478692e-007,0.0188757
4.482692e-007,0.00711134
4.486692e-007,0.00475846
4.490692e-007,0.00475846
4.494692e-007,0.00240558
4.498692e-007,-0.00465305
4.502692e-007,0.00946422
4.506692e-007,5.27045e-005
4.510692e-007,0.0118171
4.514692e-007,5.27045e-005
4.518692e-007,0.0118171
4.522692e-007,-0.00700593
4.526692e-007,-0.00230017
4.530692e-007,-0.00700593
4.534692e-007,0.00475846
4.538692e-007,0.00475846
4.542692e-007,0.00711134
4.546692e-007,0.00711134
4.550692e-007,-0.00935881
4.554692e-007,0.00946422
4.558692e-007,0.00240558
4.562692e-007,5.27045e-005
4.566692e-007,0.00475846
4.570692e-007,0.00475846
4.574692e-007,0.00711134
4.578692e-007,5.27045e-005
4.582692e-007,0.00711134
4.586692e-007,0.00240558
4.590692e-007,0.00711134
4.594692e-007,-0.00465305
4.598692e-007,5.27045e-005
4.602692e-007,-0.00230017
4.606692e-007,0.00946422
4.610692e-007,0.00946422
4.614692e-007,0.00240558
4.618692e-007,-0.00230017
4.622692e-007,0.00711134
4.626692e-007,0.00240558
4.630692e-007,0.01417
4.634692e-007,0.00240558
4.638692e-007,-0.00230017
4.642692e-007,-0.00230017
4.646692e-007,-0.00465305
4.650692e-007,0.00240558
4.654692e-007,0.00475846
4.658692e-007,-0.00230017
4.662692e-007,5.27045e-005
4.666692e-007,0.00711134
4.670692e-007,0.0165229
4.674692e-007,5.27045e-005
4.678692e-007,0.00711134
4.682692e-007,-0.00230017
4.686692e-007,0.00475846
4.690692e-007,-0.00465305
4.694692e-007,0.00711134
4.698692e-007,0.00240558
4.702692e-007,0.00711134
4.706692e-007,0.00475846
4.710692e-007,0.00475846
4.714692e-007,0.00946422
4.718692e-007,5.27045e-005
4.722692e-007,-0.00935881
4.726692e-007,0.00711134
4.730692e-007,0.00240558
4.734692e-007,0.01417
4.738692e-007,0.00475846
4.742692e-007,0.00946422
4.746692e-007,0.00475846
4.750692e-007,0.00240558
4.754692e-007,-0.00230017
4.758692e-007,0.00946422
4.762692e-007,0.00240558
4.766692e-007,0.00711134
4.770692e-007,-0.00465305
4.774692e-007,5.27045e-005
4.778692e-007,0.00240558
4.782692e-007,0.00475846
4.786692e-007,5.27045e-005
4.790692e-007,0.00946422
4.794692e-007,5.27045e-005
4.798692e-007,0.00711134
4.802692e-007,5.27045e-005
4.806692e-007,5.27045e-005
4.810692e-007,5.27045e-005
4.814692e-007,0.00946422
4.818692e-007,0.00240558
4.822692e-007,0.00946422
4.826692e-007,0.00475846
4.830692e-007,-0.00700593
4.834692e-007,5.27045e-005
4.838692e-007,-0.00230017
4.842692e-007,5.27045e-005
4.846692e-007,0.00946422
4.850692e-007,5.27045e-005
4.854692e-007,0.00946422
4.858692e-007,-0.0117117
4.862692e-007,5.27045e-005
4.866692e-007,0.00711134
4.870692e-007,0.01417
4.874692e-007,-0.00230017
4.878692e-007,0.00711134
4.882692e-007,0.00946422
4.886692e-007,0.00711134
4.890692e-007,-0.00230017
4.894692e-007,-0.00230017
4.898692e-007,0.00946422
4.902692e-007,0.0118171
4.906692e-007,0.00946422
4.910692e-007,0.00240558
4.914692e-007,-0.00935881
4.918692e-007,0.00475846
4.922692e-007,0.00240558
4.926692e-007,0.0165229
4.930692e-007,0.00240558
4.934692e-007,0.00475846
4.938692e-007,-0.00230017
4.942692e-007,0.00711134
4.946692e-007,0.00711134
4.950692e-007,0.00711134
4.954692e-007,0.00240558
4.958692e-007,0.00240558
4.962692e-007,0.00946422
4.966692e-007,-0.00230017
4.970692e-007,0.00240558
4.974692e-007,0.00946422
4.978692e-007,-0.00935881
4.982692e-007,0.0165229
4.986692e-007,0.00475846
4.990692e-007,0.01417
4.994692e-007,0.00240558
4.998692e-007,0.00475846
5.002692e-007,0.00475846
5.006692e-007,5.27045e-005
5.010692e-007,0.00240558
5.014692e-007,0.00946422
5.018692e-007,0.00946422
5.022692e-007,0.01417
5.026692e-007,0.00240558
5.030692e-007,0.00240558
5.034692e-007,0.00475846
5.038692e-007,0.00946422
5.042692e-007,0.00475846
5.046692e-007,0.00475846
5.050692e-007,5.27045e-005
5.054692e-007,0.0188757
5.058692e-007,0.00711134
5.062692e-007,-0.00465305
5.066692e-007,-0.00230017
5.070692e-007,0.00475846
5.074692e-007,0.00240558
5.078692e-007,0.00240558
5.082692e-007,-0.00230017
5.086692e-007,-0.00230017
5.090692e-007,5.27045e-005
5.094692e-007,-0.00700593
5.098692e-007,-0.0117117
5.102692e-007,0.00946422
5.106692e-007,-0.00230017
5.110692e-007,0.00240558
5.114692e-007,5.27045e-005
5.118692e-007,0.00240558
5.122692e-007,0.00946422
5.126692e-007,0.00240558
5.130692e-007,0.00240558
5.134692e-007,0.00711134
5.138692e-007,0.00240558
5.142692e-007,0.0165229
5.146692e-007,0.00240558
5.150692e-007,0.00240558
5.154692e-007,0.00240558
5.158692e-007,0.00711134
5.162692e-007,0.00240558
5.166692e-007,0.01417
5.170692e-007,-0.00230017
5.174692e-007,0.00240558
5.178692e-007,0.00711134
5.182692e-007,0.00475846
5.186692e-007,0.00240558
5.190692e-007,0.00240558
5.194692e-007,0.00475846
5.198692e-007,0.00475846
5.202692e-007,0.00711134
5.206692e-007,0.00946422
5.210692e-007,5.27045e-005
5.214692e-007,0.0118171
5.218692e-007,5.27045e-005
5.222692e-007,-0.00700593
5.226692e-007,0.00946422
5.230692e-007,0.00946422
5.234692e-007,-0.00465305
5.238692e-007,0.0118171
5.242692e-007,-0.00230017
5.246692e-007,0.00711134
5.250692e-007,0.00711134
5.254692e-007,0.00240558
5.258692e-007,0.00475846
5.262692e-007,0.00240558
5.266692e-007,5.27045e-005
5.270692e-007,0.00711134
5.274692e-007,5.27045e-005
5.278692e-007,0.00240558
5.282692e-007,-0.0140646
5.286692e-007,-0.00935881
5.290692e-007,5.27045e-005
5.294692e-007,0.00475846
5.298692e-007,-0.00935881
5.302692e-007,0.00946422
5.306692e-007,0.00240558
5.310692e-007,0.00711134
5.314692e-007,0.0118171
5.318692e-007,-0.00700593
5.322692e-007,0.00475846
5.326692e-007,5.27045e-005
5.330692e-007,-0.00230017
5.334692e-007,-0.00230017
5.338692e-007,5.27045e-005
5.342692e-007,0.00946422
5.346692e-007,5.27045e-005
5.350692e-007,0.00240558
5.354692e-007,0.00240558
5.358692e-007,0.0165229
5.362692e-007,0.00711134
5.366692e-007,0.00240558
5.370692e-007,-0.00230017
5.374692e-007,0.00240558
5.378692e-007,0.00711134
5.382692e-007,0.00240558
5.386692e-007,-0.00230017
5.390692e-007,0.01417
5.394692e-007,0.00240558
5.398692e-007,0.0118171
5.402692e-007,0.00475846
5.406692e-007,0.00946422
5.410692e-007,0.00240558
5.414692e-007,-0.00465305
5.418692e-007,0.00475846
5.422692e-007,0.00475846
5.426692e-007,-0.00230017
5.430692e-007,-0.00230017
5.434692e-007,0.00946422
5.438692e-007,0.0118171
5.442692e-007,0.00711134
5.446692e-007,-0.00700593
5.450692e-007,5.27045e-005
5.454692e-007,5.27045e-005
5.458692e-007,0.00240558
5.462692e-007,5.27045e-005
5.466692e-007,0.00240558
5.470692e-007,5.27045e-005
5.474692e-007,5.27045e-005
5.478692e-007,0.00946422
5.482692e-007,0.00240558
5.486692e-007,0.0165229
5.490692e-007,5.27045e-005
5.494692e-007,0.0188757
5.498692e-007,0.00240558
5.502692e-007,0.0188757
5.506692e-007,0.00711134
5.510692e-007,-0.00230017
5.514692e-007,0.00475846
5.518692e-007,-0.00230017
5.522692e-007,0.00240558
5.526692e-007,0.00946422
5.530692e-007,0.00946422
5.534692e-007,5.27045e-005
5.538692e-007,-0.00935881
5.542692e-007,0.0118171
5.546692e-007,0.01417
5.550692e-007,0.0118171
5.554692e-007,5.27045e-005
5.558692e-007,0.00946422
5.562692e-007,0.00240558
5.566692e-007,0.01417
5.570692e-007,0.00946422
5.574692e-007,5.27045e-005
5.578692e-007,5.27045e-005
5.582692e-007,0.00475846
5.586692e-007,5.27045e-005
5.590692e-007,0.00946422
5.594692e-007,5.27045e-005
5.598692e-007,-0.00230017
5.602692e-007,0.00475846
5.606692e-007,0.00240558
5.610692e-007,0.00475846
5.614692e-007,0.00240558
5.618692e-007,0.00240558
5.622692e-007,0.00711134
5.626692e-007,-0.00465305
5.630692e-007,0.0118171
5.634692e-007,0.00240558
5.638692e-007,0.0118171
5.642692e-007,0.00475846
5.646692e-007,0.00475846
5.650692e-007,0.00475846
5.654692e-007,0.00475846
5.658692e-007,0.00946422
5.662692e-007,5.27045e-005
5.666692e-007,0.00475846
5.670692e-007,0.00711134
5.674692e-007,-0.00230017
5.678692e-007,0.00946422
5.682692e-007,0.00475846
5.686692e-007,0.00240558
5.690692e-007,0.00711134
5.694692e-007,0.00240558
5.698692e-007,5.27045e-005
5.702692e-007,0.0118171
5.706692e-007,0.00711134
5.710692e-007,0.00240558
5.714692e-007,0.00711134
5.718692e-007,0.00711134
5.722692e-007,5.27045e-005
5.726692e-007,0.00711134
5.730692e-007,0.0118171
5.734692e-007,0.00475846
5.738692e-007,0.00240558
5.742692e-007,0.0118171
5.746692e-007,-0.00700593
5.750692e-007,0.01417
5.754692e-007,-0.00935881
5.758692e-007,0.0118171
5.762692e-007,0.00711134
5.766692e-007,0.00946422
5.770692e-007,0.00711134
5.774692e-007,0.00711134
5.778692e-007,-0.00935881
5.782692e-007,0.00946422
5.786692e-007,5.27045e-005
5.790692e-007,0.00475846
5.794692e-007,0.00711134
5.798692e-007,-0.00935881
5.802692e-007,0.00475846
5.806692e-007,0.00711134
5.810692e-007,5.27045e-005
5.814692e-007,0.0188757
5.818692e-007,-0.00230017
5.822692e-007,0.00711134
5.826692e-007,0.00711134
5.830692e-007,-0.00700593
5.834692e-007,5.27045e-005
5.838692e-007,0.01417
5.842692e-007,-0.00230017
5.846692e-007,-0.00465305
5.850692e-007,5.27045e-005
5.854692e-007,5.27045e-005
5.858692e-007,-0.00700593
5.862692e-007,0.00240558
5.866692e-007,5.27045e-005
5.870692e-007,0.00711134
5.874692e-007,5.27045e-005
5.878692e-007,0.01417
5.882692e-007,-0.00935881
5.886692e-007,0.00711134
5.890692e-007,0.00946422
5.894692e-007,0.00946422
5.898692e-007,0.00475846
5.902692e-007,0.00475846
5.906692e-007,-0.00465305
5.910692e-007,0.00475846
5.914692e-007,0.00946422
5.918692e-007,5.27045e-005
5.922692e-007,-0.00230017
5.926692e-007,-0.00230017
5.930692e-007,0.00711134
5.934692e-007,0.00240558
5.938692e-007,-0.00230017
5.942692e-007,-0.00230017
5.946692e-007,0.00946422
5.950692e-007,0.0165229
5.954692e-007,0.00711134
5.958692e-007,5.27045e-005
5.962692e-007,0.00711134
5.966692e-007,-0.00465305
5.970692e-007,0.00711134
5.974692e-007,0.00711134
5.978692e-007,0.00946422
5.982692e-007,0.00711134
5.986692e-007,5.27045e-005
5.990692e-007,-0.00230017
5.994692e-007,0.00946422
5.998692e-007,5.27045e-005
6.002692e-007,5.27045e-005
6.006692e-007,0.01417
6.010692e-007,5.27045e-005
6.014692e-007,0.0188757
6.018692e-007,0.00240558
6.022692e-007,-0.00230017
6.026692e-007,-0.00230017
6.030692e-007,0.00240558
6.034692e-007,-0.00700593
6.038692e-007,0.00711134
6.042692e-007,0.0118171
6.046692e-007,0.00946422
6.050692e-007,-0.00465305
6.054692e-007,-0.00465305
6.058692e-007,-0.00465305
6.062692e-007,0.00711134
6.066692e-007,-0.00230017
6.070692e-007,-0.00465305
6.074692e-007,0.00475846
6.078692e-007,0.01417
6.082692e-007,0.00711134
6.086692e-007,0.00475846
6.090692e-007,0.00711134
6.094692e-007,0.00711134
6.098692e-007,5.27045e-005
6.102692e-007,0.00240558
6.106692e-007,-0.00935881
6.110692e-007,0.00711134
6.114692e-007,0.00475846
6.118692e-007,0.00240558
6.122692e-007,0.00475846
6.126692e-007,0.0118171
6.130692e-007,0.00240558
6.134692e-007,0.00475846
6.138692e-007,0.00475846
6.142692e-007,0.00711134
6.146692e-007,0.00240558
6.150692e-007,0.00711134
6.154692e-007,5.27045e-005
6.158692e-007,0.00946422
6.162692e-007,0.0118171
6.166692e-007,0.00475846
6.170692e-007,0.00240558
6.174692e-007,0.00711134
6.178692e-007,0.00240558
6.182692e-007,0.00711134
6.186692e-007,-0.00700593
6.190692e-007,5.27045e-005
6.194692e-007,0.00475846
6.198692e-007,0.00240558
6.202692e-007,0.01417
6.206692e-007,0.0165229
6.210692e-007,0.00240558
6.214692e-007,0.00240558
6.218692e-007,0.00711134
6.222692e-007,0.00475846
6.226692e-007,5.27045e-005
6.230692e-007,0.00711134
6.234692e-007,0.00240558
6.238692e-007,-0.00230017
6.242692e-007,0.00946422
6.246692e-007,-0.00700593
6.250692e-007,5.27045e-005
6.254692e-007,0.00946422
6.258692e-007,-0.00465305
6.262692e-007,0.0118171
6.266692e-007,-0.00465305
6.270692e-007,0.00946422
6.274692e-007,0.00475846
6.278692e-007,0.00475846
6.282692e-007,0.00475846
6.286692e-007,-0.00230017
6.290692e-007,-0.00230017
6.294692e-007,-0.00700593
6.298692e-007,5.27045e-005
6.302692e-007,0.00240558
6.306692e-007,0.00240558
6.310692e-007,5.27045e-005
6.314692e-007,0.00475846
6.318692e-007,0.00240558
6.322692e-007,5.27045e-005
6.326692e-007,0.00475846
6.330692e-007,0.00475846
6.334692e-007,0.01417
6.338692e-007,0.00711134
6.342692e-007,-0.00700593
6.346692e-007,0.00946422
6.350692e-007,5.27045e-005
6.354692e-007,5.27045e-005
6.358692e-007,0.00711134
6.362692e-007,0.00475846
6.366692e-007,-0.00230017
6.370692e-007,5.27045e-005
6.374692e-007,5.27045e-005
6.378692e-007,0.00475846
6.382692e-007,0.00946422
6.386692e-007,0.00711134
6.390692e-007,0.00711134
6.394692e-007,-0.00465305
6.398692e-007,0.00475846
6.402692e-007,0.00946422
6.406692e-007,-0.00230017
6.410692e-007,-0.00230017
6.414692e-007,0.01417
6.418692e-007,0.00240558
6.422692e-007,5.27045e-005
6.426692e-007,-0.00230017
6.430692e-007,-0.00230017
6.434692e-007,0.00240558
6.438692e-007,-0.00230017
6.442692e-007,0.00475846
6.446692e-007,0.00475846
6.450692e-007,-0.00465305
6.454692e-007,0.00711134
6.458692e-007,-0.00230017
6.462692e-007,0.0118171
6.466692e-007,5.27045e-005
6.470692e-007,0.01417
6.474692e-007,-0.00700593
6.478692e-007,0.00711134
6.482692e-007,0.00240558
6.486692e-007,0.00475846
6.490692e-007,0.00946422
6.494692e-007,0.00240558
6.498692e-007,0.00711134
6.502692e-007,0.00475846
6.506692e-007,-0.00230017
6.510692e-007,0.00946422
6.514692e-007,-0.00700593
6.518692e-007,0.00711134
6.522692e-007,0.00240558
6.526692e-007,0.01417
6.530692e-007,0.00946422
6.534692e-007,0.00946422
6.538692e-007,0.00475846
6.542692e-007,-0.00230017
6.546692e-007,5.27045e-005
6.550692e-007,0.01417
6.554692e-007,0.00240558
6.558692e-007,0.0118171
6.562692e-007,0.00240558
6.566692e-007,-0.00230017
6.570692e-007,0.00240558
6.574692e-007,0.00946422
6.578692e-007,0.00475846
6.582692e-007,0.00475846
6.586692e-007,5.27045e-005
6.590692e-007,0.00946422
6.594692e-007,0.00711134
6.598692e-007,0.00475846
6.602692e-007,0.00946422
6.606692e-007,0.00475846
6.610692e-007,-0.00230017
6.614692e-007,0.00711134
6.618692e-007,0.00475846
6.622692e-007,-0.00230017
6.626692e-007,5.27045e-005
6.630692e-007,0.00946422
6.634692e-007,0.00711134
6.638692e-007,0.00475846
6.642692e-007,5.27045e-005
6.646692e-007,0.00946422
6.650692e-007,-0.00465305
6.654692e-007,0.00711134
6.658692e-007,0.00240558
6.662692e-007,0.00711134
6.666692e-007,0.00711134
6.670692e-007,0.00711134
6.674692e-007,0.00946422
6.678692e-007,5.27045e-005
6.682692e-007,-0.00230017
6.686692e-007,0.00240558
6.690692e-007,0.00240558
6.694692e-007,0.00240558
6.698692e-007,0.00711134
6.702692e-007,0.00946422
6.706692e-007,-0.00465305
6.710692e-007,0.00711134
6.714692e-007,0.0118171
6.718692e-007,0.0118171
6.722692e-007,0.00946422
6.726692e-007,0.00240558
6.730692e-007,5.27045e-005
6.734692e-007,0.00475846
6.738692e-007,0.00240558
6.742692e-007,0.0118171
6.746692e-007,-0.00230017
6.750692e-007,0.00946422
6.754692e-007,0.00711134
6.758692e-007,0.00475846
6.762692e-007,0.00475846
6.766692e-007,0.00475846
6.770692e-007,-0.0117117
6.774692e-007,0.01417
6.778692e-007,0.00475846
6.782692e-007,0.01417
6.786692e-007,0.00946422
6.790692e-007,0.00475846
6.794692e-007,0.00711134
6.798692e-007,0.00946422
6.802692e-007,-0.00230017
6.806692e-007,0.00711134
6.810692e-007,-0.00230017
6.814692e-007,0.0118171
6.818692e-007,5.27045e-005
6.822692e-007,-0.00230017
6.826692e-007,-0.00465305
6.830692e-007,0.00475846
6.834692e-007,-0.0164174
6.838692e-007,0.00946422
6.842692e-007,-0.00230017
6.846692e-007,0.00711134
6.850692e-007,0.01417
6.854692e-007,-0.00230017
6.858692e-007,-0.00700593
6.862692e-007,-0.00465305
6.866692e-007,5.27045e-005
6.870692e-007,0.0118171
6.874692e-007,0.00475846
6.878692e-007,0.00946422
6.882692e-007,0.00711134
6.886692e-007,-0.00230017
6.890692e-007,0.00240558
6.894692e-007,0.0165229
6.898692e-007,-0.00230017
6.902692e-007,0.00475846
6.906692e-007,-0.00230017
6.910692e-007,5.27045e-005
6.914692e-007,0.00946422
6.918692e-007,-0.00230017
6.922692e-007,0.00240558
6.926692e-007,0.00946422
6.930692e-007,5.27045e-005
6.934692e-007,0.00475846
6.938692e-007,-0.00465305
6.942692e-007,0.00711134
6.946692e-007,0.00240558
6.950692e-007,0.00711134
6.954692e-007,0.00711134
6.958692e-007,0.00946422
6.962692e-007,0.00711134
6.966692e-007,0.00475846
6.970692e-007,0.0165229
6.974692e-007,0.00240558
6.978692e-007,5.27045e-005
6.982692e-007,0.0118171
6.986692e-007,0.00240558
6.990692e-007,0.00475846
6.994692e-007,5.27045e-005
6.998692e-007,5.27045e-005
7.002692e-007,0.00240558
7.006692e-007,0.00711134
7.010692e-007,0.00946422
7.014692e-007,0.00946422
7.018692e-007,0.00711134
7.022692e-007,0.0165229
7.026692e-007,0.00240558
7.030692e-007,0.01417
7.034692e-007,0.00240558
7.038692e-007,0.00946422
7.042692e-007,-0.00465305
7.046692e-007,0.00946422
7.050692e-007,0.00475846
7.054692e-007,0.00240558
7.058692e-007,-0.00465305
7.062692e-007,0.00240558
7.066692e-007,5.27045e-005
7.070692e-007,0.00240558
7.074692e-007,5.27045e-005
7.078692e-007,0.00475846
7.082692e-007,0.00475846
7.086692e-007,0.00475846
7.090692e-007,-0.00230017
7.094692e-007,-0.00465305
7.098692e-007,0.00946422
7.102692e-007,0.0188757
7.106692e-007,0.01417
7.110692e-007,-0.00230017
7.114692e-007,5.27045e-005
7.118692e-007,0.00711134
7.122692e-007,-0.00230017
7.126692e-007,0.00711134
7.130692e-007,0.00240558
7.134692e-007,-0.00230017
7.138692e-007,5.27045e-005
7.142692e-007,5.27045e-005
7.146692e-007,0.00475846
7.150692e-007,0.0165229
7.154692e-007,-0.00230017
7.158692e-007,5.27045e-005
7.162692e-007,-0.0117117
7.166692e-007,0.0118171
7.170692e-007,0.00946422
7.174692e-007,0.00946422
7.178692e-007,-0.00230017
7.182692e-007,0.00711134
7.186692e-007,0.00475846
7.190692e-007,5.27045e-005
7.194692e-007,-0.00230017
7.198692e-007,5.27045e-005
7.202692e-007,0.00240558
7.206692e-007,-0.00935881
7.210692e-007,5.27045e-005
7.214692e-007,0.00475846
7.218692e-007,-0.00465305
7.222692e-007,0.00475846
7.226692e-007,0.00240558
7.230692e-007,0.00240558
7.234692e-007,0.00240558
7.238692e-007,0.00475846
7.242692e-007,5.27045e-005
7.246692e-007,0.00240558
7.250692e-007,-0.00465305
7.254692e-007,0.00240558
7.258692e-007,0.00240558
7.262692e-007,0.00711134
7.266692e-007,0.00475846
7.270692e-007,-0.00230017
7.274692e-007,-0.00935881
7.278692e-007,0.00946422
7.282692e-007,-0.00935881
7.286692e-007,0.00711134
7.290692e-007,-0.00465305
7.294692e-007,0.01417
7.298692e-007,0.00240558
7.302692e-007,0.00475846
7.306692e-007,0.00475846
7.310692e-007,0.00240558
7.314692e-007,-0.00465305
7.318692e-007,0.00711134
7.322692e-007,0.00946422
7.326692e-007,0.00475846
7.330692e-007,-0.00465305
7.334692e-007,0.00475846
7.338692e-007,5.27045e-005
7.342692e-007,0.01417
7.346692e-007,0.00475846
7.350692e-007,0.00475846
7.354692e-007,0.00946422
7.358692e-007,0.00946422
7.362692e-007,-0.00230017
7.366692e-007,-0.00230017
7.370692e-007,0.00475846
7.374692e-007,0.00475846
7.378692e-007,0.00240558
7.382692e-007,5.27045e-005
7.386692e-007,5.27045e-005
7.390692e-007,0.00946422
7.394692e-007,0.00711134
7.398692e-007,-0.00230017
7.402692e-007,0.00475846
7.406692e-007,0.0188757
7.410692e-007,5.27045e-005
7.414692e-007,0.00240558
7.418692e-007,-0.00465305
7.422692e-007,0.00240558
7.426692e-007,0.00240558
7.430692e-007,0.00240558
7.434692e-007,-0.00465305
7.438692e-007,0.00475846
7.442692e-007,0.00475846
7.446692e-007,0.00475846
7.450692e-007,-0.00465305
7.454692e-007,5.27045e-005
7.458692e-007,0.00240558
7.462692e-007,0.00240558
7.466692e-007,0.00240558
7.470692e-007,0.00946422
7.474692e-007,-0.00935881
7.478692e-007,0.00475846
7.482692e-007,0.00240558
7.486692e-007,0.0118171
7.490692e-007,0.00240558
7.494692e-007,-0.00935881
7.498692e-007,-0.00230017
7.502692e-007,0.00240558
7.506692e-007,0.00711134
7.510692e-007,0.00240558
7.514692e-007,-0.00230017
7.518692e-007,0.00946422
7.522692e-007,0.0118171
7.526692e-007,-0.00230017
7.530692e-007,0.00475846
7.534692e-007,0.00946422
7.538692e-007,0.00475846
7.542692e-007,0.01417
7.546692e-007,0.00240558
7.550692e-007,0.00946422
7.554692e-007,-0.00465305
7.558692e-007,0.01417
7.562692e-007,0.00475846
7.566692e-007,5.27045e-005
7.570692e-007,5.27045e-005
7.574692e-007,0.00240558
7.578692e-007,-0.00230017
7.582692e-007,0.00240558
7.586692e-007,0.00240558
7.590692e-007,-0.00230017
7.594692e-007,5.27045e-005
7.598692e-007,0.00946422
7.602692e-007,5.27045e-005
7.606692e-007,0.00475846
7.610692e-007,0.00711134
7.614692e-007,0.00946422
7.618692e-007,0.00711134
7.622692e-007,0.00946422
7.626692e-007,5.27045e-005
7.630692e-007,0.00711134
7.634692e-007,-0.00230017
7.638692e-007,0.00946422
7.642692e-007,-0.00700593
7.646692e-007,5.27045e-005
7.650692e-007,0.00946422
7.654692e-007,0.00711134
7.658692e-007,0.0118171
7.662692e-007,0.00711134
7.666692e-007,-0.00230017
7.670692e-007,0.00240558
7.674692e-007,-0.00465305
7.678692e-007,0.01417
7.682692e-007,0.00946422
7.686692e-007,0.00711134
7.690692e-007,-0.00230017
7.694692e-007,0.00475846
7.698692e-007,0.00240558
7.702692e-007,0.0118171
7.706692e-007,0.00475846
7.710692e-007,0.00711134
7.714692e-007,-0.00465305
7.718692e-007,0.00711134
7.722692e-007,0.00240558
7.726692e-007,5.27045e-005
7.730692e-007,-0.00465305
7.734692e-007,5.27045e-005
7.738692e-007,0.00240558
7.742692e-007,0.0118171
7.746692e-007,0.00240558
7.750692e-007,0.00475846
7.754692e-007,5.27045e-005
7.758692e-007,0.00711134
7.762692e-007,5.27045e-005
7.766692e-007,5.27045e-005
7.770692e-007,0.00711134
7.774692e-007,0.00711134
7.778692e-007,5.27045e-005
7.782692e-007,-0.00700593
7.786692e-007,5.27045e-005
7.790692e-007,0.00475846
7.794692e-007,-0.00935881
7.798692e-007,0.00475846
7.802692e-007,-0.0117117
7.806692e-007,0.01417
7.810692e-007,-0.00465305
7.814692e-007,0.00946422
7.818692e-007,0.0118171
7.822692e-007,0.00240558
7.826692e-007,0.00240558
7.830692e-007,0.01417
7.834692e-007,0.00240558
7.838692e-007,0.00475846
7.842692e-007,-0.00465305
7.846692e-007,0.00711134
7.850692e-007,0.00240558
7.854692e-007,0.00475846
7.858692e-007,0.00711134
7.862692e-007,0.00711134
7.866692e-007,-0.00230017
7.870692e-007,0.00240558
7.874692e-007,0.00240558
7.878692e-007,-0.00230017
7.882692e-007,0.00475846
7.886692e-007,0.00475846
7.890692e-007,-0.00230017
7.894692e-007,-0.00465305
7.898692e-007,0.00240558
7.902692e-007,5.27045e-005
7.906692e-007,5.27045e-005
7.910692e-007,-0.00230017
7.914692e-007,-0.00230017
7.918692e-007,0.0118171
7.922692e-007,5.27045e-005
7.926692e-007,0.00475846
7.930692e-007,-0.00465305
7.934692e-007,0.00240558
7.938692e-007,0.00946422
7.942692e-007,0.00475846
7.946692e-007,5.27045e-005
7.950692e-007,0.00475846
7.954692e-007,0.00946422
7.958692e-007,0.00240558
7.962692e-007,-0.00230017
7.966692e-007,-0.00230017
7.970692e-007,0.00240558
7.974692e-007,0.00240558
7.978692e-007,-0.00230017
7.982692e-007,0.00475846
7.986692e-007,-0.00700593
7.990692e-007,0.00240558
7.994692e-007,0.00240558
7.998692e-007,0.0118171
8.002692e-007,0.00240558
