LECROYWS4104HD,18971,Waveform
Segments,1,SegmentSize,2502
Segment,TrigTime,TimeSinceSegment1
#1,14-Jan-2025 18:34:00,0                 
Time,Ampl
-2.003228e-007,0.00010632247
-1.999228e-007,-8.4843209e-005
-1.995228e-007,0.00020925783
-1.991228e-007,9.1617415e-005
-1.987228e-007,0.00012102752
-1.983228e-007,-1.1317949e-005
-1.979228e-007,0.00017984773
-1.975228e-007,0.00012102752
-1.971228e-007,4.7502259e-005
-1.967228e-007,7.6912363e-005
-1.963228e-007,-7.0138157e-005
-1.959228e-007,0.0003416033
-1.955228e-007,0.00012102752
-1.951228e-007,0.00029748814
-1.947228e-007,-5.5433105e-005
-1.943228e-007,0.00028278309
-1.939228e-007,-4.0728053e-005
-1.935228e-007,4.7502259e-005
-1.931228e-007,0.00010632247
-1.927228e-007,-1.1317949e-005
-1.923228e-007,0.00026807804
-1.919228e-007,6.2207311e-005
-1.915228e-007,9.1617415e-005
-1.911228e-007,4.7502259e-005
-1.907228e-007,-9.9548261e-005
-1.903228e-007,0.00032689825
-1.899228e-007,-0.00012895836
-1.895228e-007,0.00028278309
-1.891228e-007,-8.4843209e-005
-1.887228e-007,-0.00015836847
-1.883228e-007,7.6912363e-005
-1.879228e-007,-4.0728053e-005
-1.875228e-007,0.00013573257
-1.871228e-007,3.3871028e-006
-1.867228e-007,1.8092155e-005
-1.863228e-007,-4.0728053e-005
-1.859228e-007,0.00012102752
-1.855228e-007,-9.9548261e-005
-1.851228e-007,6.2207311e-005
-1.847228e-007,-0.00012895836
-1.843228e-007,0.00016514267
-1.839228e-007,-9.9548261e-005
-1.835228e-007,-1.1317949e-005
-1.831228e-007,-7.0138157e-005
-1.827228e-007,0.00025337299
-1.823228e-007,-7.0138157e-005
-1.819228e-007,0.00016514267
-1.815228e-007,-5.5433105e-005
-1.811228e-007,6.2207311e-005
-1.807228e-007,-8.4843209e-005
-1.803228e-007,0.00023866793
-1.799228e-007,-2.6023001e-005
-1.795228e-007,3.3871028e-006
-1.791228e-007,0.00038571845
-1.787228e-007,-0.00015836847
-1.783228e-007,3.3871028e-006
-1.779228e-007,0.00023866793
-1.775228e-007,0.00022396288
-1.771228e-007,1.8092155e-005
-1.767228e-007,0.00017984773
-1.763228e-007,9.1617415e-005
-1.759228e-007,3.3871028e-006
-1.755228e-007,3.2797207e-005
-1.751228e-007,0.00019455278
-1.747228e-007,-2.6023001e-005
-1.743228e-007,0.00032689825
-1.739228e-007,-0.00011425331
-1.735228e-007,0.00016514267
-1.731228e-007,6.2207311e-005
-1.727228e-007,4.7502259e-005
-1.723228e-007,-4.0728053e-005
-1.719228e-007,3.3871028e-006
-1.715228e-007,9.1617415e-005
-1.711228e-007,-4.0728053e-005
-1.707228e-007,6.2207311e-005
-1.703228e-007,-4.0728053e-005
-1.699228e-007,3.2797207e-005
-1.695228e-007,0.00029748814
-1.691228e-007,0.00019455278
-1.687228e-007,0.00013573257
-1.683228e-007,0.00012102752
-1.679228e-007,0.00012102752
-1.675228e-007,0.00010632247
-1.671228e-007,3.3871028e-006
-1.667228e-007,3.3871028e-006
-1.663228e-007,0.00010632247
-1.659228e-007,-4.0728053e-005
-1.655228e-007,0.00012102752
-1.651228e-007,-1.1317949e-005
-1.647228e-007,-1.1317949e-005
-1.643228e-007,-0.00012895836
-1.639228e-007,0.00016514267
-1.635228e-007,6.2207311e-005
-1.631228e-007,0.00023866793
-1.627228e-007,0.00016514267
-1.623228e-007,0.00026807804
-1.619228e-007,0.00010632247
-1.615228e-007,0.00019455278
-1.611228e-007,0.00015043762
-1.607228e-007,4.7502259e-005
-1.603228e-007,-2.6023001e-005
-1.599228e-007,-9.9548261e-005
-1.595228e-007,-1.1317949e-005
-1.591228e-007,0.00013573257
-1.587228e-007,0.00017984773
-1.583228e-007,0.00020925783
-1.579228e-007,0.00028278309
-1.575228e-007,3.3871028e-006
-1.571228e-007,4.7502259e-005
-1.567228e-007,-0.00017307352
-1.563228e-007,7.6912363e-005
-1.559228e-007,9.1617415e-005
-1.555228e-007,3.3871028e-006
-1.551228e-007,0.00022396288
-1.547228e-007,1.8092155e-005
-1.543228e-007,0.00015043762
-1.539228e-007,0.00023866793
-1.535228e-007,0.0003710134
-1.531228e-007,6.2207311e-005
-1.527228e-007,0.00028278309
-1.523228e-007,-2.6023001e-005
-1.519228e-007,6.2207311e-005
-1.515228e-007,-4.0728053e-005
-1.511228e-007,0.00025337299
-1.507228e-007,0.00016514267
-1.503228e-007,0.00016514267
-1.499228e-007,6.2207311e-005
-1.495228e-007,0.00020925783
-1.491228e-007,0.00019455278
-1.487228e-007,1.8092155e-005
-1.483228e-007,-2.6023001e-005
-1.479228e-007,0.00020925783
-1.475228e-007,3.3871028e-006
-1.471228e-007,0.00017984773
-1.467228e-007,-7.0138157e-005
-1.463228e-007,0.00022396288
-1.459228e-007,0.00012102752
-1.455228e-007,0.00012102752
-1.451228e-007,-2.6023001e-005
-1.447228e-007,0.00012102752
-1.443228e-007,-0.00014366342
-1.439228e-007,0.00023866793
-1.435228e-007,-5.5433105e-005
-1.431228e-007,3.2797207e-005
-1.427228e-007,-5.5433105e-005
-1.423228e-007,-8.4843209e-005
-1.419228e-007,0.00028278309
-1.415228e-007,4.7502259e-005
-1.411228e-007,0.00013573257
-1.407228e-007,-1.1317949e-005
-1.403228e-007,9.1617415e-005
-1.399228e-007,-4.0728053e-005
-1.395228e-007,0.00023866793
-1.391228e-007,-2.6023001e-005
-1.387228e-007,9.1617415e-005
-1.383228e-007,0.00012102752
-1.379228e-007,-4.0728053e-005
-1.375228e-007,9.1617415e-005
-1.371228e-007,0.00038571845
-1.367228e-007,4.7502259e-005
-1.363228e-007,0.00031219319
-1.359228e-007,3.3871028e-006
-1.355228e-007,1.8092155e-005
-1.351228e-007,6.2207311e-005
-1.347228e-007,-0.00015836847
-1.343228e-007,0.00022396288
-1.339228e-007,0.00025337299
-1.335228e-007,-2.6023001e-005
-1.331228e-007,1.8092155e-005
-1.327228e-007,7.6912363e-005
-1.323228e-007,3.2797207e-005
-1.319228e-007,0.00016514267
-1.315228e-007,4.7502259e-005
-1.311228e-007,-1.1317949e-005
-1.307228e-007,0.00023866793
-1.303228e-007,-7.0138157e-005
-1.299228e-007,0.00016514267
-1.295228e-007,-0.00015836847
-1.291228e-007,6.2207311e-005
-1.287228e-007,0.00025337299
-1.283228e-007,6.2207311e-005
-1.279228e-007,0.00015043762
-1.275228e-007,7.6912363e-005
-1.271228e-007,-0.00018777857
-1.267228e-007,-1.1317949e-005
-1.263228e-007,3.2797207e-005
-1.259228e-007,0.00016514267
-1.255228e-007,-5.5433105e-005
-1.251228e-007,7.6912363e-005
-1.247228e-007,1.8092155e-005
-1.243228e-007,1.8092155e-005
-1.239228e-007,0.00029748814
-1.235228e-007,-5.5433105e-005
-1.231228e-007,0.00023866793
-1.227228e-007,-8.4843209e-005
-1.223228e-007,0.00013573257
-1.219228e-007,-1.1317949e-005
-1.215228e-007,1.8092155e-005
-1.211228e-007,0.00022396288
-1.207228e-007,3.2797207e-005
-1.203228e-007,-5.5433105e-005
-1.199228e-007,-7.0138157e-005
-1.195228e-007,-9.9548261e-005
-1.191228e-007,6.2207311e-005
-1.187228e-007,0.00013573257
-1.183228e-007,-1.1317949e-005
-1.179228e-007,0.00026807804
-1.175228e-007,-5.5433105e-005
-1.171228e-007,0.00022396288
-1.167228e-007,0.00015043762
-1.163228e-007,9.1617415e-005
-1.159228e-007,0.00016514267
-1.155228e-007,-2.6023001e-005
-1.151228e-007,0.00022396288
-1.147228e-007,7.6912363e-005
-1.143228e-007,0.00010632247
-1.139228e-007,-0.00014366342
-1.135228e-007,0.00023866793
-1.131228e-007,-0.00021718868
-1.127228e-007,0.00020925783
-1.123228e-007,-7.0138157e-005
-1.119228e-007,0.00015043762
-1.115228e-007,0.00019455278
-1.111228e-007,-1.1317949e-005
-1.107228e-007,-2.6023001e-005
-1.103228e-007,0.00017984773
-1.099228e-007,0.00015043762
-1.095228e-007,-1.1317949e-005
-1.091228e-007,-2.6023001e-005
-1.087228e-007,-4.0728053e-005
-1.083228e-007,-0.00030541899
-1.079228e-007,0.00032689825
-1.075228e-007,7.6912363e-005
-1.071228e-007,6.2207311e-005
-1.067228e-007,6.2207311e-005
-1.063228e-007,6.2207311e-005
-1.059228e-007,0.00026807804
-1.055228e-007,-7.0138157e-005
-1.051228e-007,0.00017984773
-1.047228e-007,0.00026807804
-1.043228e-007,0.00022396288
-1.039228e-007,4.7502259e-005
-1.035228e-007,-8.4843209e-005
-1.031228e-007,0.00029748814
-1.027228e-007,0.00015043762
-1.023228e-007,0.00023866793
-1.019228e-007,4.7502259e-005
-1.015228e-007,9.1617415e-005
-1.011228e-007,6.2207311e-005
-1.007228e-007,9.1617415e-005
-1.003228e-007,0.00029748814
-9.99228e-008,3.3871028e-006
-9.95228e-008,0.00010632247
-9.91228e-008,6.2207311e-005
-9.87228e-008,3.2797207e-005
-9.83228e-008,0.00012102752
-9.79228e-008,-9.9548261e-005
-9.75228e-008,0.00016514267
-9.71228e-008,0.00025337299
-9.67228e-008,7.6912363e-005
-9.63228e-008,0.00019455278
-9.59228e-008,-5.5433105e-005
-9.55228e-008,-7.0138157e-005
-9.51228e-008,0.00012102752
-9.47228e-008,-8.4843209e-005
-9.43228e-008,0.00012102752
-9.39228e-008,0.00031219319
-9.35228e-008,3.2797207e-005
-9.31228e-008,-4.0728053e-005
-9.27228e-008,-8.4843209e-005
-9.23228e-008,0.00012102752
-9.19228e-008,0.00015043762
-9.15228e-008,6.2207311e-005
-9.11228e-008,-2.6023001e-005
-9.07228e-008,0.00010632247
-9.03228e-008,-4.0728053e-005
-8.99228e-008,4.7502259e-005
-8.95228e-008,-1.1317949e-005
-8.91228e-008,0.00022396288
-8.87228e-008,-4.0728053e-005
-8.83228e-008,0.00032689825
-8.79228e-008,9.1617415e-005
-8.75228e-008,9.1617415e-005
-8.71228e-008,4.7502259e-005
-8.67228e-008,3.2797207e-005
-8.63228e-008,4.7502259e-005
-8.59228e-008,7.6912363e-005
-8.55228e-008,0.00026807804
-8.51228e-008,-9.9548261e-005
-8.47228e-008,-7.0138157e-005
-8.43228e-008,0.00040042351
-8.39228e-008,6.2207311e-005
-8.35228e-008,0.00022396288
-8.31228e-008,0.00022396288
-8.27228e-008,-4.0728053e-005
-8.23228e-008,0.00015043762
-8.19228e-008,0.00020925783
-8.15228e-008,-9.9548261e-005
-8.11228e-008,0.00019455278
-8.07228e-008,-1.1317949e-005
-8.03228e-008,9.1617415e-005
-7.99228e-008,3.3871028e-006
-7.95228e-008,7.6912363e-005
-7.91228e-008,0.00013573257
-7.87228e-008,0.00013573257
-7.83228e-008,0.00013573257
-7.79228e-008,-1.1317949e-005
-7.75228e-008,6.2207311e-005
-7.71228e-008,-0.00045246951
-7.67228e-008,0.00032689825
-7.63228e-008,-0.00020248362
-7.59228e-008,-7.0138157e-005
-7.55228e-008,0.00013573257
-7.51228e-008,1.8092155e-005
-7.47228e-008,0.00020925783
-7.43228e-008,-8.4843209e-005
-7.39228e-008,-7.0138157e-005
-7.35228e-008,0.00022396288
-7.31228e-008,1.8092155e-005
-7.27228e-008,0.00029748814
-7.23228e-008,1.8092155e-005
-7.19228e-008,0.00023866793
-7.15228e-008,-7.0138157e-005
-7.11228e-008,0.00029748814
-7.07228e-008,3.2797207e-005
-7.03228e-008,0.00012102752
-6.99228e-008,0.00022396288
-6.95228e-008,4.7502259e-005
-6.91228e-008,0.00022396288
-6.87228e-008,-0.00017307352
-6.83228e-008,0.00010632247
-6.79228e-008,0.00012102752
-6.75228e-008,0.00012102752
-6.71228e-008,3.2797207e-005
-6.67228e-008,6.2207311e-005
-6.63228e-008,3.2797207e-005
-6.59228e-008,6.2207311e-005
-6.55228e-008,0.00015043762
-6.51228e-008,0.00013573257
-6.47228e-008,0.00016514267
-6.43228e-008,0.00013573257
-6.39228e-008,-5.5433105e-005
-6.35228e-008,-2.6023001e-005
-6.31228e-008,1.8092155e-005
-6.27228e-008,-5.5433105e-005
-6.23228e-008,-9.9548261e-005
-6.19228e-008,3.2797207e-005
-6.15228e-008,-8.4843209e-005
-6.11228e-008,1.8092155e-005
-6.07228e-008,0.00020925783
-6.03228e-008,-0.00017307352
-5.99228e-008,0.00013573257
-5.95228e-008,0.00016514267
-5.91228e-008,0.00026807804
-5.87228e-008,6.2207311e-005
-5.83228e-008,0.00026807804
-5.79228e-008,0.00015043762
-5.75228e-008,9.1617415e-005
-5.71228e-008,0.00010632247
-5.67228e-008,3.2797207e-005
-5.63228e-008,-4.0728053e-005
-5.59228e-008,0.00020925783
-5.55228e-008,0.00012102752
-5.51228e-008,0.00012102752
-5.47228e-008,3.3871028e-006
-5.43228e-008,-4.0728053e-005
-5.39228e-008,0.00023866793
-5.35228e-008,0.00013573257
-5.31228e-008,0.00017984773
-5.27228e-008,3.2797207e-005
-5.23228e-008,-1.1317949e-005
-5.19228e-008,0.00012102752
-5.15228e-008,-2.6023001e-005
-5.11228e-008,0.00026807804
-5.07228e-008,0.00015043762
-5.03228e-008,3.3871028e-006
-4.99228e-008,9.1617415e-005
-4.95228e-008,0.00019455278
-4.91228e-008,3.2797207e-005
-4.87228e-008,1.8092155e-005
-4.83228e-008,7.6912363e-005
-4.79228e-008,0.00013573257
-4.75228e-008,0.00029748814
-4.71228e-008,7.6912363e-005
-4.67228e-008,-9.9548261e-005
-4.63228e-008,4.7502259e-005
-4.59228e-008,0.00012102752
-4.55228e-008,-0.00021718868
-4.51228e-008,0.00026807804
-4.47228e-008,-1.1317949e-005
-4.43228e-008,0.00015043762
-4.39228e-008,-2.6023001e-005
-4.35228e-008,9.1617415e-005
-4.31228e-008,0.00029748814
-4.27228e-008,0.00010632247
-4.23228e-008,0.00013573257
-4.19228e-008,-0.00011425331
-4.15228e-008,3.2797207e-005
-4.11228e-008,3.3871028e-006
-4.07228e-008,3.2797207e-005
-4.03228e-008,1.8092155e-005
-3.99228e-008,0.00010632247
-3.95228e-008,-5.5433105e-005
-3.91228e-008,7.6912363e-005
-3.87228e-008,3.2797207e-005
-3.83228e-008,7.6912363e-005
-3.79228e-008,1.8092155e-005
-3.75228e-008,0.00012102752
-3.71228e-008,0.00023866793
-3.67228e-008,0.00032689825
-3.63228e-008,-2.6023001e-005
-3.59228e-008,0.00022396288
-3.55228e-008,3.2797207e-005
-3.51228e-008,0.00023866793
-3.47228e-008,-0.00032012404
-3.43228e-008,0.00017984773
-3.39228e-008,-9.9548261e-005
-3.35228e-008,0.00019455278
-3.31228e-008,-5.5433105e-005
-3.27228e-008,1.8092155e-005
-3.23228e-008,-0.00012895836
-3.19228e-008,-0.00011425331
-3.15228e-008,-1.1317949e-005
-3.11228e-008,0.00020925783
-3.07228e-008,0.00035630835
-3.03228e-008,0.00010632247
-2.99228e-008,9.1617415e-005
-2.95228e-008,-1.1317949e-005
-2.91228e-008,0.00038571845
-2.87228e-008,-4.0728053e-005
-2.83228e-008,0.00025337299
-2.79228e-008,4.7502259e-005
-2.75228e-008,4.7502259e-005
-2.71228e-008,0.00031219319
-2.67228e-008,-5.5433105e-005
-2.63228e-008,6.2207311e-005
-2.59228e-008,0.00022396288
-2.55228e-008,9.1617415e-005
-2.51228e-008,0.00026807804
-2.47228e-008,0.00022396288
-2.43228e-008,0.00016514267
-2.39228e-008,0.00017984773
-2.35228e-008,0.00012102752
-2.31228e-008,1.8092155e-005
-2.27228e-008,7.6912363e-005
-2.23228e-008,0.00019455278
-2.19228e-008,3.3871028e-006
-2.15228e-008,0.00019455278
-2.11228e-008,-9.9548261e-005
-2.07228e-008,3.3871028e-006
-2.03228e-008,0.00015043762
-1.99228e-008,-7.0138157e-005
-1.95228e-008,0.00025337299
-1.91228e-008,9.1617415e-005
-1.87228e-008,0.00015043762
-1.83228e-008,0.00016514267
-1.79228e-008,0.00017984773
-1.75228e-008,4.7502259e-005
-1.71228e-008,6.2207311e-005
-1.67228e-008,3.2797207e-005
-1.63228e-008,0.00025337299
-1.59228e-008,-0.00018777857
-1.55228e-008,-7.0138157e-005
-1.51228e-008,0.00013573257
-1.47228e-008,7.6912363e-005
-1.43228e-008,0.00025337299
-1.39228e-008,1.8092155e-005
-1.35228e-008,3.3871028e-006
-1.31228e-008,1.8092155e-005
-1.27228e-008,0.00015043762
-1.23228e-008,0.00016514267
-1.19228e-008,0.00016514267
-1.15228e-008,0.00016514267
-1.11228e-008,0.00016514267
-1.07228e-008,-0.00017307352
-1.03228e-008,0.00026807804
-9.9228e-009,-0.00029071394
-9.5228e-009,0.00017984773
-9.1228e-009,3.2797207e-005
-8.7228e-009,0.00019455278
-8.3228e-009,-7.0138157e-005
-7.9228e-009,-1.1317949e-005
-7.5228e-009,-5.5433105e-005
-7.1228e-009,-0.00014366342
-6.7228e-009,0.00012102752
-6.3228e-009,-0.00011425331
-5.9228e-009,4.7502259e-005
-5.5228e-009,-1.1317949e-005
-5.1228e-009,1.8092155e-005
-4.7228e-009,0.00010632247
-4.3228e-009,0.00019455278
-3.9228e-009,-7.0138157e-005
-3.5228e-009,0.00013573257
-3.1228e-009,0.00026807804
-2.7228e-009,0.00012102752
-2.3228e-009,4.7502259e-005
-1.9228e-009,1.8092155e-005
-1.5228e-009,4.7502259e-005
-1.1228e-009,0.00013573257
-7.228e-010,0.00012102752
-3.228e-010,0.00017984773
7.72e-011,0.00032689825
4.772e-010,3.2797207e-005
8.772e-010,0.00023866793
1.2772e-009,-0.00032012404
1.6772e-009,0.00028278309
2.0772e-009,4.7502259e-005
2.4772e-009,0.00017984773
2.8772e-009,0.00015043762
3.2772e-009,7.6912363e-005
3.6772e-009,0.00013573257
4.0772e-009,3.2797207e-005
4.4772e-009,3.2797207e-005
4.8772e-009,-1.1317949e-005
5.2772e-009,0.00012102752
5.6772e-009,0.00016514267
6.0772e-009,3.3871028e-006
6.4772e-009,-1.1317949e-005
6.8772e-009,4.7502259e-005
7.2772e-009,-0.00014366342
7.6772e-009,7.6912363e-005
8.0772e-009,0.00010632247
8.4772e-009,6.2207311e-005
8.8772e-009,9.1617415e-005
9.2772e-009,6.2207311e-005
9.6772e-009,-0.00011425331
1.00772e-008,0.00023866793
1.04772e-008,-4.0728053e-005
1.08772e-008,7.6912363e-005
1.12772e-008,-5.5433105e-005
1.16772e-008,0.00023866793
1.20772e-008,-9.9548261e-005
1.24772e-008,-7.0138157e-005
1.28772e-008,1.8092155e-005
1.32772e-008,0.00012102752
1.36772e-008,1.8092155e-005
1.40772e-008,9.1617415e-005
1.44772e-008,-0.00011425331
1.48772e-008,1.8092155e-005
1.52772e-008,-0.00023189373
1.56772e-008,0.00017984773
1.60772e-008,7.6912363e-005
1.64772e-008,-5.5433105e-005
1.68772e-008,-1.1317949e-005
1.72772e-008,-0.00017307352
1.76772e-008,0.00020925783
1.80772e-008,-4.0728053e-005
1.84772e-008,-0.00014366342
1.88772e-008,7.6912363e-005
1.92772e-008,-2.6023001e-005
1.96772e-008,3.3871028e-006
2.00772e-008,3.3871028e-006
2.04772e-008,7.6912363e-005
2.08772e-008,0.0003416033
2.12772e-008,-9.9548261e-005
2.16772e-008,0.00023866793
2.20772e-008,-0.00012895836
2.24772e-008,0.00022396288
2.28772e-008,3.2797207e-005
2.32772e-008,0.00015043762
2.36772e-008,-1.1317949e-005
2.40772e-008,0.00029748814
2.44772e-008,0.00023866793
2.48772e-008,4.7502259e-005
2.52772e-008,0.00017984773
2.56772e-008,0.00010632247
2.60772e-008,3.2797207e-005
2.64772e-008,0.00010632247
2.68772e-008,-1.1317949e-005
2.72772e-008,1.8092155e-005
2.76772e-008,-4.0728053e-005
2.80772e-008,0.00016514267
2.84772e-008,-8.4843209e-005
2.88772e-008,0.00013573257
2.92772e-008,-2.6023001e-005
2.96772e-008,0.00016514267
3.00772e-008,3.2797207e-005
3.04772e-008,9.1617415e-005
3.08772e-008,4.7502259e-005
3.12772e-008,3.2797207e-005
3.16772e-008,0.00015043762
3.20772e-008,1.8092155e-005
3.24772e-008,0.00028278309
3.28772e-008,4.7502259e-005
3.32772e-008,6.2207311e-005
3.36772e-008,-0.00014366342
3.40772e-008,4.7502259e-005
3.44772e-008,9.1617415e-005
3.48772e-008,3.2797207e-005
3.52772e-008,4.7502259e-005
3.56772e-008,-5.5433105e-005
3.60772e-008,-0.00014366342
3.64772e-008,0.00012102752
3.68772e-008,-5.5433105e-005
3.72772e-008,-5.5433105e-005
3.76772e-008,0.00012102752
3.80772e-008,-0.00014366342
3.84772e-008,0.00019455278
3.88772e-008,9.1617415e-005
3.92772e-008,0.00013573257
3.96772e-008,7.6912363e-005
4.00772e-008,0.00028278309
4.04772e-008,1.8092155e-005
4.08772e-008,4.7502259e-005
4.12772e-008,-4.0728053e-005
4.16772e-008,0.00026807804
4.20772e-008,3.2797207e-005
4.24772e-008,-1.1317949e-005
4.28772e-008,-4.0728053e-005
4.32772e-008,0.00015043762
4.36772e-008,-0.00011425331
4.40772e-008,0.00022396288
4.44772e-008,-0.00015836847
4.48772e-008,0.00038571845
4.52772e-008,-8.4843209e-005
4.56772e-008,0.00032689825
4.60772e-008,-0.00011425331
4.64772e-008,0.00026807804
4.68772e-008,9.1617415e-005
4.72772e-008,0.00012102752
4.76772e-008,4.7502259e-005
4.80772e-008,7.6912363e-005
4.84772e-008,0.00029748814
4.88772e-008,4.7502259e-005
4.92772e-008,1.8092155e-005
4.96772e-008,-1.1317949e-005
5.00772e-008,6.2207311e-005
5.04772e-008,-0.00029071394
5.08772e-008,0.00023866793
5.12772e-008,9.1617415e-005
5.16772e-008,0.00015043762
5.20772e-008,0.00012102752
5.24772e-008,4.7502259e-005
5.28772e-008,-5.5433105e-005
5.32772e-008,0.00013573257
5.36772e-008,3.2797207e-005
5.40772e-008,0.00023866793
5.44772e-008,-2.6023001e-005
5.48772e-008,6.2207311e-005
5.52772e-008,-0.00014366342
5.56772e-008,0.00015043762
5.60772e-008,-0.00011425331
5.64772e-008,0.00031219319
5.68772e-008,0.00012102752
5.72772e-008,7.6912363e-005
5.76772e-008,-9.9548261e-005
5.80772e-008,3.3871028e-006
5.84772e-008,-0.00020248362
5.88772e-008,0.00028278309
5.92772e-008,-0.00030541899
5.96772e-008,0.00026807804
6.00772e-008,-0.00017307352
6.04772e-008,0.00012102752
6.08772e-008,-1.1317949e-005
6.12772e-008,9.1617415e-005
6.16772e-008,0.00012102752
6.20772e-008,0.00013573257
6.24772e-008,0.00023866793
6.28772e-008,1.8092155e-005
6.32772e-008,0.00016514267
6.36772e-008,0.00020925783
6.40772e-008,0.00010632247
6.44772e-008,0.00022396288
6.48772e-008,0.00017984773
6.52772e-008,7.6912363e-005
6.56772e-008,7.6912363e-005
6.60772e-008,0.00031219319
6.64772e-008,3.2797207e-005
6.68772e-008,9.1617415e-005
6.72772e-008,4.7502259e-005
6.76772e-008,7.6912363e-005
6.80772e-008,-4.0728053e-005
6.84772e-008,0.00019455278
6.88772e-008,3.3871028e-006
6.92772e-008,3.2797207e-005
6.96772e-008,7.6912363e-005
7.00772e-008,0.00013573257
7.04772e-008,0.00010632247
7.08772e-008,4.7502259e-005
7.12772e-008,6.2207311e-005
7.16772e-008,1.8092155e-005
7.20772e-008,-9.9548261e-005
7.24772e-008,0.00025337299
7.28772e-008,-0.00014366342
7.32772e-008,-0.00014366342
7.36772e-008,3.3871028e-006
7.40772e-008,-1.1317949e-005
7.44772e-008,-0.00021718868
7.48772e-008,4.7502259e-005
7.52772e-008,0.00016514267
7.56772e-008,-0.00018777857
7.60772e-008,0.00031219319
7.64772e-008,0.00017984773
7.68772e-008,0.00010632247
7.72772e-008,-1.1317949e-005
7.76772e-008,0.00022396288
7.80772e-008,-0.00018777857
7.84772e-008,0.00038571845
7.88772e-008,-0.00018777857
7.92772e-008,7.6912363e-005
7.96772e-008,7.6912363e-005
8.00772e-008,-9.9548261e-005
8.04772e-008,9.1617415e-005
8.08772e-008,9.1617415e-005
8.12772e-008,-9.9548261e-005
8.16772e-008,4.7502259e-005
8.20772e-008,0.00015043762
8.24772e-008,0.00013573257
8.28772e-008,-9.9548261e-005
8.32772e-008,0.00041512856
8.36772e-008,-0.00011425331
8.40772e-008,0.00012102752
8.44772e-008,3.3871028e-006
8.48772e-008,-7.0138157e-005
8.52772e-008,-0.00034953414
8.56772e-008,0.00025337299
8.60772e-008,9.1617415e-005
8.64772e-008,0.00013573257
8.68772e-008,0.00020925783
8.72772e-008,0.00023866793
8.76772e-008,1.8092155e-005
8.80772e-008,1.8092155e-005
8.84772e-008,0.00020925783
8.88772e-008,-0.00029071394
8.92772e-008,0.00017984773
8.96772e-008,0.00010632247
9.00772e-008,0.00022396288
9.04772e-008,-0.00014366342
9.08772e-008,0.00019455278
9.12772e-008,-1.1317949e-005
9.16772e-008,0.00019455278
9.20772e-008,0.00013573257
9.24772e-008,3.2797207e-005
9.28772e-008,0.00035630835
9.32772e-008,-9.9548261e-005
9.36772e-008,0.00016514267
9.40772e-008,-7.0138157e-005
9.44772e-008,0.00016514267
9.48772e-008,-0.00011425331
9.52772e-008,-1.1317949e-005
9.56772e-008,7.6912363e-005
9.60772e-008,-1.1317949e-005
9.64772e-008,4.7502259e-005
9.68772e-008,3.2797207e-005
9.72772e-008,4.7502259e-005
9.76772e-008,0.00029748814
9.80772e-008,9.1617415e-005
9.84772e-008,0.00023866793
9.88772e-008,0.00016514267
9.92772e-008,-1.1317949e-005
9.96772e-008,-2.6023001e-005
1.000772e-007,9.1617415e-005
1.004772e-007,-4.0728053e-005
1.008772e-007,4.7502259e-005
1.012772e-007,1.8092155e-005
1.016772e-007,0.00013573257
1.020772e-007,3.3871028e-006
1.024772e-007,0.0003710134
1.028772e-007,-9.9548261e-005
1.032772e-007,0.00022396288
1.036772e-007,6.2207311e-005
1.040772e-007,-2.6023001e-005
1.044772e-007,-4.0728053e-005
1.048772e-007,0.00028278309
1.052772e-007,0.00016514267
1.056772e-007,0.00019455278
1.060772e-007,6.2207311e-005
1.064772e-007,0.00035630835
1.068772e-007,-0.00026130383
1.072772e-007,0.0003416033
1.076772e-007,-0.00014366342
1.080772e-007,0.00023866793
1.084772e-007,-7.0138157e-005
1.088772e-007,0.00028278309
1.092772e-007,-0.00011425331
1.096772e-007,0.00031219319
1.100772e-007,-7.0138157e-005
1.104772e-007,0.00020925783
1.108772e-007,0.00038571845
1.112772e-007,3.2797207e-005
1.116772e-007,0.00044453866
1.120772e-007,0.00016514267
1.124772e-007,-1.1317949e-005
1.128772e-007,-8.4843209e-005
1.132772e-007,6.2207311e-005
1.136772e-007,7.6912363e-005
1.140772e-007,7.6912363e-005
1.144772e-007,0.00017984773
1.148772e-007,3.2797207e-005
1.152772e-007,7.6912363e-005
1.156772e-007,-8.4843209e-005
1.160772e-007,7.6912363e-005
1.164772e-007,6.2207311e-005
1.168772e-007,0.00017984773
1.172772e-007,0.00028278309
1.176772e-007,4.7502259e-005
1.180772e-007,0.00023866793
1.184772e-007,7.6912363e-005
1.188772e-007,0.00020925783
1.192772e-007,-1.1317949e-005
1.196772e-007,0.00013573257
1.200772e-007,-5.5433105e-005
1.204772e-007,7.6912363e-005
1.208772e-007,0.00028278309
1.212772e-007,7.6912363e-005
1.216772e-007,0.00010632247
1.220772e-007,4.7502259e-005
1.224772e-007,0.00023866793
1.228772e-007,7.6912363e-005
1.232772e-007,3.2797207e-005
1.236772e-007,9.1617415e-005
1.240772e-007,-5.5433105e-005
1.244772e-007,0.00029748814
1.248772e-007,-4.0728053e-005
1.252772e-007,0.00015043762
1.256772e-007,-0.00018777857
1.260772e-007,4.7502259e-005
1.264772e-007,3.2797207e-005
1.268772e-007,0.00013573257
1.272772e-007,0.00012102752
1.276772e-007,0.00013573257
1.280772e-007,0.00015043762
1.284772e-007,0.00019455278
1.288772e-007,0.00022396288
1.292772e-007,-9.9548261e-005
1.296772e-007,-0.00014366342
1.300772e-007,0.00012102752
1.304772e-007,0.00010632247
1.308772e-007,0.00029748814
1.312772e-007,-0.00011425331
1.316772e-007,4.7502259e-005
1.320772e-007,0.00020925783
1.324772e-007,3.2797207e-005
1.328772e-007,4.7502259e-005
1.332772e-007,0.00015043762
1.336772e-007,9.1617415e-005
1.340772e-007,-4.0728053e-005
1.344772e-007,0.00022396288
1.348772e-007,6.2207311e-005
1.352772e-007,0.00010632247
1.356772e-007,4.7502259e-005
1.360772e-007,9.1617415e-005
1.364772e-007,0.00010632247
1.368772e-007,0.00013573257
1.372772e-007,-1.1317949e-005
1.376772e-007,-4.0728053e-005
1.380772e-007,-8.4843209e-005
1.384772e-007,9.1617415e-005
1.388772e-007,0.00023866793
1.392772e-007,0.00017984773
1.396772e-007,0.00010632247
1.400772e-007,0.00025337299
1.404772e-007,-4.0728053e-005
1.408772e-007,0.00015043762
1.412772e-007,0.00020925783
1.416772e-007,-0.00017307352
1.420772e-007,1.8092155e-005
1.424772e-007,0.00010632247
1.428772e-007,1.8092155e-005
1.432772e-007,0.00013573257
1.436772e-007,-4.0728053e-005
1.440772e-007,-5.5433105e-005
1.444772e-007,0.00020925783
1.448772e-007,0.00019455278
1.452772e-007,0.0003710134
1.456772e-007,0.00015043762
1.460772e-007,0.00015043762
1.464772e-007,0.00013573257
1.468772e-007,4.7502259e-005
1.472772e-007,0.00015043762
1.476772e-007,4.7502259e-005
1.480772e-007,3.2797207e-005
1.484772e-007,0.00032689825
1.488772e-007,7.6912363e-005
1.492772e-007,0.00023866793
1.496772e-007,0.00012102752
1.500772e-007,7.6912363e-005
1.504772e-007,0.00016514267
1.508772e-007,0.00022396288
1.512772e-007,-0.00026130383
1.516772e-007,0.00032689825
1.520772e-007,-4.0728053e-005
1.524772e-007,0.00028278309
1.528772e-007,-0.00029071394
1.532772e-007,0.00017984773
1.536772e-007,-4.0728053e-005
1.540772e-007,0.00017984773
1.544772e-007,-2.6023001e-005
1.548772e-007,6.2207311e-005
1.552772e-007,-2.6023001e-005
1.556772e-007,0.00012102752
1.560772e-007,0.00013573257
1.564772e-007,0.00032689825
1.568772e-007,0.00016514267
1.572772e-007,-5.5433105e-005
1.576772e-007,3.3871028e-006
1.580772e-007,0.00022396288
1.584772e-007,3.3871028e-006
1.588772e-007,0.00035630835
1.592772e-007,-1.1317949e-005
1.596772e-007,0.00022396288
1.600772e-007,-1.1317949e-005
1.604772e-007,-1.1317949e-005
1.608772e-007,0.00010632247
1.612772e-007,4.7502259e-005
1.616772e-007,0.00016514267
1.620772e-007,4.7502259e-005
1.624772e-007,0.00016514267
1.628772e-007,0.00010632247
1.632772e-007,-1.1317949e-005
1.636772e-007,-0.00011425331
1.640772e-007,1.8092155e-005
1.644772e-007,1.8092155e-005
1.648772e-007,-5.5433105e-005
1.652772e-007,4.7502259e-005
1.656772e-007,7.6912363e-005
1.660772e-007,-0.00011425331
1.664772e-007,0.00020925783
1.668772e-007,0.00010632247
1.672772e-007,7.6912363e-005
1.676772e-007,0.0003710134
1.680772e-007,-4.0728053e-005
1.684772e-007,-4.0728053e-005
1.688772e-007,3.3871028e-006
1.692772e-007,-0.00014366342
1.696772e-007,7.6912363e-005
1.700772e-007,4.7502259e-005
1.704772e-007,0.00015043762
1.708772e-007,4.7502259e-005
1.712772e-007,-5.5433105e-005
1.716772e-007,0.0003710134
1.720772e-007,-7.0138157e-005
1.724772e-007,0.00012102752
1.728772e-007,9.1617415e-005
1.732772e-007,-8.4843209e-005
1.736772e-007,-5.5433105e-005
1.740772e-007,7.6912363e-005
1.744772e-007,0.0003416033
1.748772e-007,4.7502259e-005
1.752772e-007,-1.1317949e-005
1.756772e-007,4.7502259e-005
1.760772e-007,-0.00012895836
1.764772e-007,0.00013573257
1.768772e-007,-0.00012895836
1.772772e-007,0.00010632247
1.776772e-007,0.00013573257
1.780772e-007,4.7502259e-005
1.784772e-007,-0.00018777857
1.788772e-007,-8.4843209e-005
1.792772e-007,4.7502259e-005
1.796772e-007,0.00017984773
1.800772e-007,3.3871028e-006
1.804772e-007,-8.4843209e-005
1.808772e-007,0.00010632247
1.812772e-007,3.2797207e-005
1.816772e-007,-2.6023001e-005
1.820772e-007,3.2797207e-005
1.824772e-007,3.3871028e-006
1.828772e-007,6.2207311e-005
1.832772e-007,4.7502259e-005
1.836772e-007,0.00022396288
1.840772e-007,6.2207311e-005
1.844772e-007,-1.1317949e-005
1.848772e-007,-0.00011425331
1.852772e-007,6.2207311e-005
1.856772e-007,3.2797207e-005
1.860772e-007,0.00013573257
1.864772e-007,6.2207311e-005
1.868772e-007,0.00041512856
1.872772e-007,-1.1317949e-005
1.876772e-007,6.2207311e-005
1.880772e-007,0.00026807804
1.884772e-007,-0.00020248362
1.888772e-007,0.00029748814
1.892772e-007,-7.0138157e-005
1.896772e-007,0.00010632247
1.900772e-007,7.6912363e-005
1.904772e-007,0.00022396288
1.908772e-007,0.00026807804
1.912772e-007,-4.0728053e-005
1.916772e-007,0.00016514267
1.920772e-007,9.1617415e-005
1.924772e-007,0.00010632247
1.928772e-007,3.3871028e-006
1.932772e-007,-4.0728053e-005
1.936772e-007,0.00012102752
1.940772e-007,0.00010632247
1.944772e-007,0.00012102752
1.948772e-007,-0.00021718868
1.952772e-007,0.00012102752
1.956772e-007,1.8092155e-005
1.960772e-007,3.2797207e-005
1.964772e-007,0.00016514267
1.968772e-007,-1.1317949e-005
1.972772e-007,1.8092155e-005
1.976772e-007,-9.9548261e-005
1.980772e-007,0.00010632247
1.984772e-007,0.00010632247
1.988772e-007,0.00019455278
1.992772e-007,-9.9548261e-005
1.996772e-007,0.00017984773
2.000772e-007,0.00020925783
2.004772e-007,-0.00017307352
2.008772e-007,0.00019455278
2.012772e-007,-0.00012895836
2.016772e-007,0.00050335887
2.020772e-007,-0.00026130383
2.024772e-007,-2.6023001e-005
2.028772e-007,-0.00020248362
2.032772e-007,-4.0728053e-005
2.036772e-007,6.2207311e-005
2.040772e-007,0.00019455278
2.044772e-007,3.2797207e-005
2.048772e-007,0.00013573257
2.052772e-007,6.2207311e-005
2.056772e-007,-5.5433105e-005
2.060772e-007,-8.4843209e-005
2.064772e-007,0.00025337299
2.068772e-007,6.2207311e-005
2.072772e-007,0.00029748814
2.076772e-007,0.00016514267
2.080772e-007,-5.5433105e-005
2.084772e-007,0.0003710134
2.088772e-007,1.8092155e-005
2.092772e-007,0.00035630835
2.096772e-007,0.00012102752
2.100772e-007,0.00026807804
2.104772e-007,-1.1317949e-005
2.108772e-007,0.00012102752
2.112772e-007,-9.9548261e-005
2.116772e-007,6.2207311e-005
2.120772e-007,-8.4843209e-005
2.124772e-007,-0.00018777857
2.128772e-007,0.00010632247
2.132772e-007,-0.00012895836
2.136772e-007,0.00013573257
2.140772e-007,0.00012102752
2.144772e-007,0.00016514267
2.148772e-007,0.00031219319
2.152772e-007,-4.0728053e-005
2.156772e-007,0.00019455278
2.160772e-007,6.2207311e-005
2.164772e-007,0.00010632247
2.168772e-007,3.2797207e-005
2.172772e-007,0.00020925783
2.176772e-007,-4.0728053e-005
2.180772e-007,-1.1317949e-005
2.184772e-007,0.00017984773
2.188772e-007,-0.00012895836
2.192772e-007,9.1617415e-005
2.196772e-007,0.00015043762
2.200772e-007,9.1617415e-005
2.204772e-007,9.1617415e-005
2.208772e-007,0.00019455278
2.212772e-007,-0.00017307352
2.216772e-007,0.00010632247
2.220772e-007,-0.00018777857
2.224772e-007,0.00035630835
2.228772e-007,-0.00014366342
2.232772e-007,-9.9548261e-005
2.236772e-007,-2.6023001e-005
2.240772e-007,-2.6023001e-005
2.244772e-007,6.2207311e-005
2.248772e-007,-1.1317949e-005
2.252772e-007,1.8092155e-005
2.256772e-007,0.00016514267
2.260772e-007,0.00010632247
2.264772e-007,-0.00011425331
2.268772e-007,4.7502259e-005
2.272772e-007,-0.00011425331
2.276772e-007,3.3871028e-006
2.280772e-007,-1.1317949e-005
2.284772e-007,7.6912363e-005
2.288772e-007,4.7502259e-005
2.292772e-007,-9.9548261e-005
2.296772e-007,-8.4843209e-005
2.300772e-007,-0.00014366342
2.304772e-007,0.00020925783
2.308772e-007,0.00010632247
2.312772e-007,0.00035630835
2.316772e-007,4.7502259e-005
2.320772e-007,-0.00012895836
2.324772e-007,1.8092155e-005
2.328772e-007,-2.6023001e-005
2.332772e-007,9.1617415e-005
2.336772e-007,0.00016514267
2.340772e-007,0.00010632247
2.344772e-007,0.00016514267
2.348772e-007,-7.0138157e-005
2.352772e-007,0.00031219319
2.356772e-007,-1.1317949e-005
2.360772e-007,0.00013573257
2.364772e-007,-1.1317949e-005
2.368772e-007,0.0003416033
2.372772e-007,-0.00011425331
2.376772e-007,0.00010632247
2.380772e-007,3.3871028e-006
2.384772e-007,0.00020925783
2.388772e-007,0.00025337299
2.392772e-007,6.2207311e-005
2.396772e-007,-1.1317949e-005
2.400772e-007,-0.00011425331
2.404772e-007,-0.00015836847
2.408772e-007,0.00028278309
2.412772e-007,7.6912363e-005
2.416772e-007,0.00031219319
2.420772e-007,0.00022396288
2.424772e-007,0.00026807804
2.428772e-007,3.3871028e-006
2.432772e-007,0.00022396288
2.436772e-007,0.00015043762
2.440772e-007,4.7502259e-005
2.444772e-007,6.2207311e-005
2.448772e-007,0.00028278309
2.452772e-007,0.00010632247
2.456772e-007,0.00012102752
2.460772e-007,0.00016514267
2.464772e-007,9.1617415e-005
2.468772e-007,0.00022396288
2.472772e-007,0.00015043762
2.476772e-007,0.00016514267
2.480772e-007,3.3871028e-006
2.484772e-007,0.00019455278
2.488772e-007,-2.6023001e-005
2.492772e-007,0.00017984773
2.496772e-007,-0.00023189373
2.500772e-007,-1.1317949e-005
2.504772e-007,3.3871028e-006
2.508772e-007,9.1617415e-005
2.512772e-007,-7.0138157e-005
2.516772e-007,-5.5433105e-005
2.520772e-007,-0.00012895836
2.524772e-007,1.8092155e-005
2.528772e-007,0.00012102752
2.532772e-007,-0.00011425331
2.536772e-007,0.00029748814
2.540772e-007,1.8092155e-005
2.544772e-007,4.7502259e-005
2.548772e-007,0.00020925783
2.552772e-007,-2.6023001e-005
2.556772e-007,-8.4843209e-005
2.560772e-007,0.00015043762
2.564772e-007,-8.4843209e-005
2.568772e-007,3.2797207e-005
2.572772e-007,-0.00012895836
2.576772e-007,0.00017984773
2.580772e-007,0.00020925783
2.584772e-007,4.7502259e-005
2.588772e-007,-0.00018777857
2.592772e-007,4.7502259e-005
2.596772e-007,4.7502259e-005
2.600772e-007,-2.6023001e-005
2.604772e-007,0.00029748814
2.608772e-007,-5.5433105e-005
2.612772e-007,4.7502259e-005
2.616772e-007,3.2797207e-005
2.620772e-007,0.00020925783
2.624772e-007,3.2797207e-005
2.628772e-007,0.00012102752
2.632772e-007,6.2207311e-005
2.636772e-007,-0.00011425331
2.640772e-007,3.3871028e-006
2.644772e-007,0.00010632247
2.648772e-007,-0.00024659878
2.652772e-007,0.00019455278
2.656772e-007,0.00019455278
2.660772e-007,0.00017984773
2.664772e-007,-5.5433105e-005
2.668772e-007,0.00017984773
2.672772e-007,9.1617415e-005
2.676772e-007,-0.00017307352
2.680772e-007,0.00012102752
2.684772e-007,-4.0728053e-005
2.688772e-007,0.00012102752
2.692772e-007,0.00012102752
2.696772e-007,0.00010632247
2.700772e-007,-0.00018777857
2.704772e-007,0.00035630835
2.708772e-007,0.00026807804
2.712772e-007,0.00013573257
2.716772e-007,0.00010632247
2.720772e-007,0.0003416033
2.724772e-007,4.7502259e-005
2.728772e-007,7.6912363e-005
2.732772e-007,0.00019455278
2.736772e-007,-0.00011425331
2.740772e-007,9.1617415e-005
2.744772e-007,-4.0728053e-005
2.748772e-007,0.00012102752
2.752772e-007,-9.9548261e-005
2.756772e-007,0.00016514267
2.760772e-007,0.00013573257
2.764772e-007,7.6912363e-005
2.768772e-007,0.00026807804
2.772772e-007,-9.9548261e-005
2.776772e-007,0.00019455278
2.780772e-007,-0.00020248362
2.784772e-007,9.1617415e-005
2.788772e-007,-0.00014366342
2.792772e-007,0.00028278309
2.796772e-007,3.2797207e-005
2.800772e-007,3.2797207e-005
2.804772e-007,3.3871028e-006
2.808772e-007,0.00012102752
2.812772e-007,-0.00017307352
2.816772e-007,0.00019455278
2.820772e-007,-2.6023001e-005
2.824772e-007,0.00016514267
2.828772e-007,-8.4843209e-005
2.832772e-007,1.8092155e-005
2.836772e-007,6.2207311e-005
2.840772e-007,1.8092155e-005
2.844772e-007,0.00020925783
2.848772e-007,3.3871028e-006
2.852772e-007,6.2207311e-005
2.856772e-007,0.00026807804
2.860772e-007,0.00010632247
2.864772e-007,0.00023866793
2.868772e-007,0.00015043762
2.872772e-007,0.00016514267
2.876772e-007,-9.9548261e-005
2.880772e-007,0.00012102752
2.884772e-007,0.00019455278
2.888772e-007,-7.0138157e-005
2.892772e-007,0.00025337299
2.896772e-007,-1.1317949e-005
2.900772e-007,0.00010632247
2.904772e-007,0.00019455278
2.908772e-007,-0.00014366342
2.912772e-007,3.2797207e-005
2.916772e-007,0.00017984773
2.920772e-007,-9.9548261e-005
2.924772e-007,0.00010632247
2.928772e-007,0.00013573257
2.932772e-007,-0.00029071394
2.936772e-007,3.3871028e-006
2.940772e-007,-9.9548261e-005
2.944772e-007,0.00013573257
2.948772e-007,3.2797207e-005
2.952772e-007,0.00025337299
2.956772e-007,-0.00021718868
2.960772e-007,1.8092155e-005
2.964772e-007,-8.4843209e-005
2.968772e-007,-2.6023001e-005
2.972772e-007,-4.0728053e-005
2.976772e-007,0.00012102752
2.980772e-007,0.00013573257
2.984772e-007,-4.0728053e-005
2.988772e-007,0.00016514267
2.992772e-007,0.00010632247
2.996772e-007,7.6912363e-005
3.000772e-007,0.00016514267
3.004772e-007,-2.6023001e-005
3.008772e-007,1.8092155e-005
3.012772e-007,4.7502259e-005
3.016772e-007,-0.00015836847
3.020772e-007,0.00012102752
3.024772e-007,0.00022396288
3.028772e-007,0.00010632247
3.032772e-007,0.00023866793
3.036772e-007,-7.0138157e-005
3.040772e-007,9.1617415e-005
3.044772e-007,0.00022396288
3.048772e-007,7.6912363e-005
3.052772e-007,3.3871028e-006
3.056772e-007,0.00016514267
3.060772e-007,4.7502259e-005
3.064772e-007,0.00015043762
3.068772e-007,4.7502259e-005
3.072772e-007,-0.00017307352
3.076772e-007,0.00019455278
3.080772e-007,0.00010632247
3.084772e-007,0.00013573257
3.088772e-007,9.1617415e-005
3.092772e-007,0.00017984773
3.096772e-007,0.00010632247
3.100772e-007,-9.9548261e-005
3.104772e-007,7.6912363e-005
3.108772e-007,0.00013573257
3.112772e-007,1.8092155e-005
3.116772e-007,0.00010632247
3.120772e-007,-1.1317949e-005
3.124772e-007,0.00012102752
3.128772e-007,-0.00014366342
3.132772e-007,0.00045924371
3.136772e-007,-9.9548261e-005
3.140772e-007,0.00026807804
3.144772e-007,0.00025337299
3.148772e-007,7.6912363e-005
3.152772e-007,3.2797207e-005
3.156772e-007,0.00010632247
3.160772e-007,0.00012102752
3.164772e-007,0.00020925783
3.168772e-007,0.00010632247
3.172772e-007,0.00010632247
3.176772e-007,0.00010632247
3.180772e-007,4.7502259e-005
3.184772e-007,7.6912363e-005
3.188772e-007,4.7502259e-005
3.192772e-007,-8.4843209e-005
3.196772e-007,0.00010632247
3.200772e-007,0.00015043762
3.204772e-007,3.3871028e-006
3.208772e-007,4.7502259e-005
3.212772e-007,-8.4843209e-005
3.216772e-007,0.00035630835
3.220772e-007,3.2797207e-005
3.224772e-007,-1.1317949e-005
3.228772e-007,-9.9548261e-005
3.232772e-007,-0.00023189373
3.236772e-007,9.1617415e-005
3.240772e-007,4.7502259e-005
3.244772e-007,0.00025337299
3.248772e-007,-0.00011425331
3.252772e-007,4.7502259e-005
3.256772e-007,3.3871028e-006
3.260772e-007,-4.0728053e-005
3.264772e-007,0.00010632247
3.268772e-007,-7.0138157e-005
3.272772e-007,0.00023866793
3.276772e-007,-4.0728053e-005
3.280772e-007,0.00010632247
3.284772e-007,-8.4843209e-005
3.288772e-007,-0.00011425331
3.292772e-007,-0.00011425331
3.296772e-007,0.00013573257
3.300772e-007,0.00022396288
3.304772e-007,0.00013573257
3.308772e-007,0.00013573257
3.312772e-007,0.00010632247
3.316772e-007,0.00019455278
3.320772e-007,0.00015043762
3.324772e-007,0.00010632247
3.328772e-007,-8.4843209e-005
3.332772e-007,0.00020925783
3.336772e-007,3.2797207e-005
3.340772e-007,0.00010632247
3.344772e-007,0.00025337299
3.348772e-007,1.8092155e-005
3.352772e-007,0.00016514267
3.356772e-007,3.2797207e-005
3.360772e-007,0.00015043762
3.364772e-007,0.00019455278
3.368772e-007,-0.00020248362
3.372772e-007,-4.0728053e-005
3.376772e-007,-4.0728053e-005
3.380772e-007,6.2207311e-005
3.384772e-007,-1.1317949e-005
3.388772e-007,-7.0138157e-005
3.392772e-007,0.00022396288
3.396772e-007,4.7502259e-005
3.400772e-007,9.1617415e-005
3.404772e-007,-5.5433105e-005
3.408772e-007,0.00019455278
3.412772e-007,7.6912363e-005
3.416772e-007,0.00031219319
3.420772e-007,0.00032689825
3.424772e-007,0.00019455278
3.428772e-007,3.3871028e-006
3.432772e-007,-5.5433105e-005
3.436772e-007,0.00012102752
3.440772e-007,0.00013573257
3.444772e-007,0.00015043762
3.448772e-007,0.00017984773
3.452772e-007,-4.0728053e-005
3.456772e-007,0.00031219319
3.460772e-007,0.00029748814
3.464772e-007,7.6912363e-005
3.468772e-007,0.00019455278
3.472772e-007,0.00028278309
3.476772e-007,0.00016514267
3.480772e-007,-2.6023001e-005
3.484772e-007,0.00010632247
3.488772e-007,6.2207311e-005
3.492772e-007,0.00026807804
3.496772e-007,0.00023866793
3.500772e-007,-7.0138157e-005
3.504772e-007,0.00017984773
3.508772e-007,9.1617415e-005
3.512772e-007,-7.0138157e-005
3.516772e-007,0.00022396288
3.520772e-007,-4.0728053e-005
3.524772e-007,0.00015043762
3.528772e-007,-9.9548261e-005
3.532772e-007,0.00032689825
3.536772e-007,3.2797207e-005
3.540772e-007,0.00016514267
3.544772e-007,3.3871028e-006
3.548772e-007,-1.1317949e-005
3.552772e-007,0.00019455278
3.556772e-007,0.00012102752
3.560772e-007,-7.0138157e-005
3.564772e-007,0.00020925783
3.568772e-007,-0.00012895836
3.572772e-007,0.00019455278
3.576772e-007,-8.4843209e-005
3.580772e-007,0.00015043762
3.584772e-007,0.0003710134
3.588772e-007,3.3871028e-006
3.592772e-007,0.00029748814
3.596772e-007,9.1617415e-005
3.600772e-007,0.00015043762
3.604772e-007,3.3871028e-006
3.608772e-007,0.00019455278
3.612772e-007,0.00032689825
3.616772e-007,3.3871028e-006
3.620772e-007,0.00017984773
3.624772e-007,4.7502259e-005
3.628772e-007,0.00016514267
3.632772e-007,0.00016514267
3.636772e-007,0.0003416033
3.640772e-007,7.6912363e-005
3.644772e-007,-1.1317949e-005
3.648772e-007,0.00012102752
3.652772e-007,7.6912363e-005
3.656772e-007,7.6912363e-005
3.660772e-007,-8.4843209e-005
3.664772e-007,0.00019455278
3.668772e-007,0.00017984773
3.672772e-007,0.00020925783
3.676772e-007,0.00013573257
3.680772e-007,0.00016514267
3.684772e-007,9.1617415e-005
3.688772e-007,6.2207311e-005
3.692772e-007,-0.00012895836
3.696772e-007,0.00012102752
3.700772e-007,0.00010632247
3.704772e-007,0.00013573257
3.708772e-007,3.2797207e-005
3.712772e-007,-5.5433105e-005
3.716772e-007,0.00022396288
3.720772e-007,-0.00029071394
3.724772e-007,0.00042983361
3.728772e-007,4.7502259e-005
3.732772e-007,-1.1317949e-005
3.736772e-007,-7.0138157e-005
3.740772e-007,3.3871028e-006
3.744772e-007,-9.9548261e-005
3.748772e-007,3.2797207e-005
3.752772e-007,-2.6023001e-005
3.756772e-007,4.7502259e-005
3.760772e-007,0.00015043762
3.764772e-007,0.00013573257
3.768772e-007,-2.6023001e-005
3.772772e-007,1.8092155e-005
3.776772e-007,0.00015043762
3.780772e-007,-0.00014366342
3.784772e-007,0.00013573257
3.788772e-007,0.00010632247
3.792772e-007,3.3871028e-006
3.796772e-007,0.00012102752
3.800772e-007,0.00016514267
3.804772e-007,0.00017984773
3.808772e-007,0.00013573257
3.812772e-007,0.00015043762
3.816772e-007,-2.6023001e-005
3.820772e-007,-2.6023001e-005
3.824772e-007,0.00029748814
3.828772e-007,-1.1317949e-005
3.832772e-007,0.00028278309
3.836772e-007,-0.00015836847
3.840772e-007,0.00031219319
3.844772e-007,-4.0728053e-005
3.848772e-007,3.2797207e-005
3.852772e-007,4.7502259e-005
3.856772e-007,1.8092155e-005
3.860772e-007,-5.5433105e-005
3.864772e-007,0.00010632247
3.868772e-007,-9.9548261e-005
3.872772e-007,7.6912363e-005
3.876772e-007,9.1617415e-005
3.880772e-007,7.6912363e-005
3.884772e-007,4.7502259e-005
3.888772e-007,9.1617415e-005
3.892772e-007,0.00012102752
3.896772e-007,0.00023866793
3.900772e-007,6.2207311e-005
3.904772e-007,0.00016514267
3.908772e-007,0.00017984773
3.912772e-007,3.3871028e-006
3.916772e-007,0.00015043762
3.920772e-007,3.3871028e-006
3.924772e-007,0.00017984773
3.928772e-007,-0.00017307352
3.932772e-007,0.00026807804
3.936772e-007,6.2207311e-005
3.940772e-007,0.00017984773
3.944772e-007,6.2207311e-005
3.948772e-007,0.00025337299
3.952772e-007,7.6912363e-005
3.956772e-007,6.2207311e-005
3.960772e-007,0.00010632247
3.964772e-007,1.8092155e-005
3.968772e-007,3.2797207e-005
3.972772e-007,7.6912363e-005
3.976772e-007,-9.9548261e-005
3.980772e-007,1.8092155e-005
3.984772e-007,-4.0728053e-005
3.988772e-007,0.0003416033
3.992772e-007,6.2207311e-005
3.996772e-007,0.00016514267
4.000772e-007,0.00020925783
4.004772e-007,-5.5433105e-005
4.008772e-007,0.00026807804
4.012772e-007,-2.6023001e-005
4.016772e-007,0.00020925783
4.020772e-007,-4.0728053e-005
4.024772e-007,0.00026807804
4.028772e-007,4.7502259e-005
4.032772e-007,9.1617415e-005
4.036772e-007,7.6912363e-005
4.040772e-007,-2.6023001e-005
4.044772e-007,0.00017984773
4.048772e-007,0.00010632247
4.052772e-007,-1.1317949e-005
4.056772e-007,9.1617415e-005
4.060772e-007,-1.1317949e-005
4.064772e-007,-5.5433105e-005
4.068772e-007,4.7502259e-005
4.072772e-007,0.00015043762
4.076772e-007,-0.00011425331
4.080772e-007,9.1617415e-005
4.084772e-007,3.3871028e-006
4.088772e-007,-5.5433105e-005
4.092772e-007,7.6912363e-005
4.096772e-007,0.00020925783
4.100772e-007,0.00020925783
4.104772e-007,0.00012102752
4.108772e-007,0.00016514267
4.112772e-007,1.8092155e-005
4.116772e-007,0.00023866793
4.120772e-007,-2.6023001e-005
4.124772e-007,7.6912363e-005
4.128772e-007,0.00020925783
4.132772e-007,-0.00017307352
4.136772e-007,-0.00014366342
4.140772e-007,-0.00023189373
4.144772e-007,0.00023866793
4.148772e-007,9.1617415e-005
4.152772e-007,0.00020925783
4.156772e-007,7.6912363e-005
4.160772e-007,0.00012102752
4.164772e-007,3.3871028e-006
4.168772e-007,-1.1317949e-005
4.172772e-007,0.00019455278
4.176772e-007,-0.00017307352
4.180772e-007,0.00031219319
4.184772e-007,0.00016514267
4.188772e-007,0.00012102752
4.192772e-007,6.2207311e-005
4.196772e-007,0.00028278309
4.200772e-007,1.8092155e-005
4.204772e-007,0.00025337299
4.208772e-007,0.00025337299
4.212772e-007,1.8092155e-005
4.216772e-007,-9.9548261e-005
4.220772e-007,6.2207311e-005
4.224772e-007,1.8092155e-005
4.228772e-007,0.00023866793
4.232772e-007,0.00017984773
4.236772e-007,6.2207311e-005
4.240772e-007,0.00016514267
4.244772e-007,0.00017984773
4.248772e-007,6.2207311e-005
4.252772e-007,0.0003710134
4.256772e-007,0.00015043762
4.260772e-007,-7.0138157e-005
4.264772e-007,-9.9548261e-005
4.268772e-007,1.8092155e-005
4.272772e-007,0.00019455278
4.276772e-007,0.00017984773
4.280772e-007,9.1617415e-005
4.284772e-007,-4.0728053e-005
4.288772e-007,-9.9548261e-005
4.292772e-007,3.3871028e-006
4.296772e-007,-0.00012895836
4.300772e-007,7.6912363e-005
4.304772e-007,-2.6023001e-005
4.308772e-007,0.00028278309
4.312772e-007,0.00010632247
4.316772e-007,-2.6023001e-005
4.320772e-007,-7.0138157e-005
4.324772e-007,6.2207311e-005
4.328772e-007,-0.00029071394
4.332772e-007,0.00013573257
4.336772e-007,4.7502259e-005
4.340772e-007,3.2797207e-005
4.344772e-007,0.00022396288
4.348772e-007,-0.00014366342
4.352772e-007,7.6912363e-005
4.356772e-007,0.00010632247
4.360772e-007,6.2207311e-005
4.364772e-007,-5.5433105e-005
4.368772e-007,0.00017984773
4.372772e-007,0.00015043762
4.376772e-007,3.2797207e-005
4.380772e-007,0.00023866793
4.384772e-007,-4.0728053e-005
4.388772e-007,0.00017984773
4.392772e-007,0.0003416033
4.396772e-007,0.00013573257
4.400772e-007,0.00028278309
4.404772e-007,-8.4843209e-005
4.408772e-007,0.00016514267
4.412772e-007,7.6912363e-005
4.416772e-007,0.00038571845
4.420772e-007,-0.00011425331
4.424772e-007,0.00019455278
4.428772e-007,-0.00011425331
4.432772e-007,0.00031219319
4.436772e-007,-2.6023001e-005
4.440772e-007,6.2207311e-005
4.444772e-007,-7.0138157e-005
4.448772e-007,0.00016514267
4.452772e-007,-5.5433105e-005
4.456772e-007,0.00010632247
4.460772e-007,-5.5433105e-005
4.464772e-007,0.00028278309
4.468772e-007,0.00031219319
4.472772e-007,-0.00011425331
4.476772e-007,0.00016514267
4.480772e-007,0.00012102752
4.484772e-007,1.8092155e-005
4.488772e-007,-2.6023001e-005
4.492772e-007,-1.1317949e-005
4.496772e-007,0.00047394877
4.500772e-007,-1.1317949e-005
4.504772e-007,0.00020925783
4.508772e-007,0.00017984773
4.512772e-007,-4.0728053e-005
4.516772e-007,3.2797207e-005
4.520772e-007,0.00015043762
4.524772e-007,-5.5433105e-005
4.528772e-007,0.00017984773
4.532772e-007,0.00028278309
4.536772e-007,1.8092155e-005
4.540772e-007,7.6912363e-005
4.544772e-007,-2.6023001e-005
4.548772e-007,0.00012102752
4.552772e-007,0.00032689825
4.556772e-007,1.8092155e-005
4.560772e-007,7.6912363e-005
4.564772e-007,0.00010632247
4.568772e-007,3.2797207e-005
4.572772e-007,-0.00017307352
4.576772e-007,0.00015043762
4.580772e-007,-7.0138157e-005
4.584772e-007,4.7502259e-005
4.588772e-007,7.6912363e-005
4.592772e-007,-1.1317949e-005
4.596772e-007,3.2797207e-005
4.600772e-007,-0.00011425331
4.604772e-007,0.00031219319
4.608772e-007,-5.5433105e-005
4.612772e-007,3.2797207e-005
4.616772e-007,0.00015043762
4.620772e-007,-1.1317949e-005
4.624772e-007,-4.0728053e-005
4.628772e-007,0.00010632247
4.632772e-007,0.00010632247
4.636772e-007,0.00040042351
4.640772e-007,-0.00023189373
4.644772e-007,0.00010632247
4.648772e-007,-5.5433105e-005
4.652772e-007,0.00054747402
4.656772e-007,-8.4843209e-005
4.660772e-007,0.00051806392
4.664772e-007,4.7502259e-005
4.668772e-007,0.00013573257
4.672772e-007,0.00012102752
4.676772e-007,0.00013573257
4.680772e-007,0.00025337299
4.684772e-007,3.2797207e-005
4.688772e-007,3.2797207e-005
4.692772e-007,-0.00026130383
4.696772e-007,3.3871028e-006
4.700772e-007,-0.00018777857
4.704772e-007,0.00020925783
4.708772e-007,0.00013573257
4.712772e-007,-0.00014366342
4.716772e-007,0.00016514267
4.720772e-007,3.2797207e-005
4.724772e-007,0.00015043762
4.728772e-007,-0.00011425331
4.732772e-007,3.3871028e-006
4.736772e-007,0.00015043762
4.740772e-007,0.00023866793
4.744772e-007,-0.00011425331
4.748772e-007,0.00012102752
4.752772e-007,1.8092155e-005
4.756772e-007,0.00023866793
4.760772e-007,-9.9548261e-005
4.764772e-007,0.00016514267
4.768772e-007,-4.0728053e-005
4.772772e-007,0.00026807804
4.776772e-007,-0.00015836847
4.780772e-007,1.8092155e-005
4.784772e-007,-2.6023001e-005
4.788772e-007,0.00017984773
4.792772e-007,-2.6023001e-005
4.796772e-007,3.3871028e-006
4.800772e-007,9.1617415e-005
4.804772e-007,4.7502259e-005
4.808772e-007,4.7502259e-005
4.812772e-007,3.2797207e-005
4.816772e-007,0.00010632247
4.820772e-007,-1.1317949e-005
4.824772e-007,3.2797207e-005
4.828772e-007,0.00019455278
4.832772e-007,0.00023866793
4.836772e-007,-2.6023001e-005
4.840772e-007,0.00015043762
4.844772e-007,0.0003710134
4.848772e-007,-2.6023001e-005
4.852772e-007,7.6912363e-005
4.856772e-007,7.6912363e-005
4.860772e-007,-0.00014366342
4.864772e-007,0.00013573257
4.868772e-007,-9.9548261e-005
4.872772e-007,6.2207311e-005
4.876772e-007,1.8092155e-005
4.880772e-007,0.00012102752
4.884772e-007,6.2207311e-005
4.888772e-007,-0.00021718868
4.892772e-007,0.00019455278
4.896772e-007,-0.00017307352
4.900772e-007,0.00013573257
4.904772e-007,9.1617415e-005
4.908772e-007,0.00029748814
4.912772e-007,3.3871028e-006
4.916772e-007,6.2207311e-005
4.920772e-007,-4.0728053e-005
4.924772e-007,3.2797207e-005
4.928772e-007,0.00016514267
4.932772e-007,-8.4843209e-005
4.936772e-007,4.7502259e-005
4.940772e-007,-0.00011425331
4.944772e-007,0.00025337299
4.948772e-007,0.00010632247
4.952772e-007,-9.9548261e-005
4.956772e-007,0.00016514267
4.960772e-007,-0.00015836847
4.964772e-007,4.7502259e-005
4.968772e-007,-2.6023001e-005
4.972772e-007,6.2207311e-005
4.976772e-007,0.00025337299
4.980772e-007,1.8092155e-005
4.984772e-007,-0.00011425331
4.988772e-007,-4.0728053e-005
4.992772e-007,4.7502259e-005
4.996772e-007,3.2797207e-005
5.000772e-007,0.00016514267
5.004772e-007,1.8092155e-005
5.008772e-007,0.00017984773
5.012772e-007,-0.00017307352
5.016772e-007,0.00028278309
5.020772e-007,-0.00014366342
5.024772e-007,0.00029748814
5.028772e-007,-9.9548261e-005
5.032772e-007,0.00013573257
5.036772e-007,0.00013573257
5.040772e-007,0.00019455278
5.044772e-007,7.6912363e-005
5.048772e-007,0.00013573257
5.052772e-007,0.00015043762
5.056772e-007,0.00017984773
5.060772e-007,6.2207311e-005
5.064772e-007,0.00028278309
5.068772e-007,0.0003710134
5.072772e-007,-0.00020248362
5.076772e-007,0.00017984773
5.080772e-007,0.00017984773
5.084772e-007,0.00016514267
5.088772e-007,0.00010632247
5.092772e-007,-4.0728053e-005
5.096772e-007,0.00019455278
5.100772e-007,-0.00018777857
5.104772e-007,-8.4843209e-005
5.108772e-007,0.00038571845
5.112772e-007,-0.00015836847
5.116772e-007,0.00016514267
5.120772e-007,-8.4843209e-005
5.124772e-007,0.00010632247
5.128772e-007,-0.00015836847
5.132772e-007,3.2797207e-005
5.136772e-007,0.00016514267
5.140772e-007,3.3871028e-006
5.144772e-007,7.6912363e-005
5.148772e-007,1.8092155e-005
5.152772e-007,0.00013573257
5.156772e-007,-5.5433105e-005
5.160772e-007,0.00023866793
5.164772e-007,-2.6023001e-005
5.168772e-007,-8.4843209e-005
5.172772e-007,0.00012102752
5.176772e-007,3.3871028e-006
5.180772e-007,-0.00012895836
5.184772e-007,0.00017984773
5.188772e-007,1.8092155e-005
5.192772e-007,0.00016514267
5.196772e-007,7.6912363e-005
5.200772e-007,3.2797207e-005
5.204772e-007,4.7502259e-005
5.208772e-007,0.00012102752
5.212772e-007,6.2207311e-005
5.216772e-007,0.00053276897
5.220772e-007,6.2207311e-005
5.224772e-007,4.7502259e-005
5.228772e-007,0.00019455278
5.232772e-007,-5.5433105e-005
5.236772e-007,-7.0138157e-005
5.240772e-007,-2.6023001e-005
5.244772e-007,0.00028278309
5.248772e-007,-4.0728053e-005
5.252772e-007,9.1617415e-005
5.256772e-007,4.7502259e-005
5.260772e-007,-5.5433105e-005
5.264772e-007,9.1617415e-005
5.268772e-007,-2.6023001e-005
5.272772e-007,4.7502259e-005
5.276772e-007,0.00013573257
5.280772e-007,9.1617415e-005
5.284772e-007,-7.0138157e-005
5.288772e-007,0.00028278309
5.292772e-007,1.8092155e-005
5.296772e-007,0.00017984773
5.300772e-007,3.3871028e-006
5.304772e-007,0.00022396288
5.308772e-007,0.00015043762
5.312772e-007,-9.9548261e-005
5.316772e-007,0.00035630835
5.320772e-007,-5.5433105e-005
5.324772e-007,0.00022396288
5.328772e-007,0.00013573257
5.332772e-007,0.00010632247
5.336772e-007,3.2797207e-005
5.340772e-007,0.00013573257
5.344772e-007,-0.00014366342
5.348772e-007,0.00016514267
5.352772e-007,-8.4843209e-005
5.356772e-007,0.00016514267
5.360772e-007,-0.00020248362
5.364772e-007,6.2207311e-005
5.368772e-007,-0.00023189373
5.372772e-007,0.00017984773
5.376772e-007,0.00019455278
5.380772e-007,3.2797207e-005
5.384772e-007,0.00015043762
5.388772e-007,-0.00014366342
5.392772e-007,0.00026807804
5.396772e-007,-0.00020248362
5.400772e-007,0.00010632247
5.404772e-007,-0.00017307352
5.408772e-007,0.00020925783
5.412772e-007,0.00025337299
5.416772e-007,9.1617415e-005
5.420772e-007,4.7502259e-005
5.424772e-007,4.7502259e-005
5.428772e-007,0.00015043762
5.432772e-007,-0.00020248362
5.436772e-007,0.00026807804
5.440772e-007,-1.1317949e-005
5.444772e-007,1.8092155e-005
5.448772e-007,0.00019455278
5.452772e-007,-0.00011425331
5.456772e-007,0.00029748814
5.460772e-007,-9.9548261e-005
5.464772e-007,9.1617415e-005
5.468772e-007,-0.00014366342
5.472772e-007,-8.4843209e-005
5.476772e-007,0.00010632247
5.480772e-007,3.2797207e-005
5.484772e-007,0.00012102752
5.488772e-007,0.00025337299
5.492772e-007,-8.4843209e-005
5.496772e-007,0.00013573257
5.500772e-007,-7.0138157e-005
5.504772e-007,-1.1317949e-005
5.508772e-007,0.00040042351
5.512772e-007,-0.00011425331
5.516772e-007,0.00019455278
5.520772e-007,9.1617415e-005
5.524772e-007,9.1617415e-005
5.528772e-007,0.00020925783
5.532772e-007,0.00016514267
5.536772e-007,0.00029748814
5.540772e-007,3.2797207e-005
5.544772e-007,6.2207311e-005
5.548772e-007,-9.9548261e-005
5.552772e-007,3.2797207e-005
5.556772e-007,-5.5433105e-005
5.560772e-007,-5.5433105e-005
5.564772e-007,-0.00015836847
5.568772e-007,-5.5433105e-005
5.572772e-007,0.00025337299
5.576772e-007,-4.0728053e-005
5.580772e-007,7.6912363e-005
5.584772e-007,0.00029748814
5.588772e-007,-0.00021718868
5.592772e-007,-0.00012895836
5.596772e-007,0.00028278309
5.600772e-007,0.00019455278
5.604772e-007,-0.00020248362
5.608772e-007,-1.1317949e-005
5.612772e-007,0.00010632247
5.616772e-007,-4.0728053e-005
5.620772e-007,-9.9548261e-005
5.624772e-007,-2.6023001e-005
5.628772e-007,9.1617415e-005
5.632772e-007,-0.00023189373
5.636772e-007,-0.00020248362
5.640772e-007,0.00041512856
5.644772e-007,0.00029748814
5.648772e-007,-0.00034953414
5.652772e-007,-0.0024523566
5.656772e-007,-0.0026288172
5.660772e-007,-0.0030699688
5.664772e-007,0.010561614
5.668772e-007,-0.009084335
5.672772e-007,0.0095028507
5.676772e-007,-0.00033482909
5.680772e-007,-0.0011877221
5.684772e-007,0.0088852385
5.688772e-007,0.004209032
5.692772e-007,0.0027238217
5.696772e-007,0.009605786
5.700772e-007,0.0026944116
5.704772e-007,0.0053119109
5.708772e-007,0.010135168
5.712772e-007,0.0051501553
5.716772e-007,0.0089146486
5.720772e-007,0.01060573
5.724772e-007,0.0063412645
5.728772e-007,0.010885126
5.732772e-007,0.011635083
5.736772e-007,0.0080029354
5.740772e-007,0.012737962
5.744772e-007,0.010826305
5.748772e-007,0.0085176122
5.752772e-007,0.013090883
5.756772e-007,0.010546909
5.760772e-007,0.010826305
5.764772e-007,0.013708496
5.768772e-007,0.010885126
5.772772e-007,0.011193932
5.776772e-007,0.014429043
5.780772e-007,0.011296867
5.784772e-007,0.011517443
5.788772e-007,0.013855546
5.792772e-007,0.011488033
5.796772e-007,0.011458623
5.800772e-007,0.012487976
5.804772e-007,0.011090996
5.808772e-007,0.012782077
5.812772e-007,0.011679198
5.816772e-007,0.011605673
5.820772e-007,0.011252752
5.824772e-007,0.013002653
5.828772e-007,0.0099587073
5.832772e-007,0.013282049
5.836772e-007,0.011340982
5.840772e-007,0.010826305
5.844772e-007,0.011958594
5.848772e-007,0.01069396
5.852772e-007,0.010120463
5.856772e-007,0.011311572
5.860772e-007,0.010267513
5.864772e-007,0.010885126
5.868772e-007,0.010532204
5.872772e-007,0.010135168
5.876772e-007,0.011782134
5.880772e-007,0.0099881174
5.884772e-007,0.0093410951
5.888772e-007,0.011914479
5.892772e-007,0.009885182
5.896772e-007,0.0080617556
5.900772e-007,0.0099587073
5.904772e-007,0.010193988
5.908772e-007,0.0081205758
5.912772e-007,0.0099587073
5.916772e-007,0.0090469941
5.920772e-007,0.0099440022
5.924772e-007,0.009311685
5.928772e-007,0.0079588202
5.932772e-007,0.0091793395
5.936772e-007,0.0095175557
5.940772e-007,0.0074882585
5.944772e-007,0.0079588202
5.948772e-007,0.0095469658
5.952772e-007,0.007605899
5.956772e-007,0.0083117415
5.960772e-007,0.0077382444
5.964772e-007,0.0079441152
5.968772e-007,0.007605899
5.972772e-007,0.0082088061
5.976772e-007,0.0065177251
5.980772e-007,0.0070912221
5.984772e-007,0.007341208
5.988772e-007,0.0067088908
5.992772e-007,0.0071059272
5.996772e-007,0.0076500141
6.000772e-007,0.006208919
6.004772e-007,0.0070029918
6.008772e-007,0.006488315
6.012772e-007,0.0072088626
6.016772e-007,0.0059442281
6.020772e-007,0.0058854079
6.024772e-007,0.0061500988
6.028772e-007,0.0052825008
6.032772e-007,0.0057677675
6.036772e-007,0.0060912786
6.040772e-007,0.0058412927
6.044772e-007,0.0056060119
6.048772e-007,0.0065618403
6.052772e-007,0.0054001412
6.056772e-007,0.0052236805
6.060772e-007,0.0061500988
6.064772e-007,0.0041208016
6.068772e-007,0.0053119109
6.072772e-007,0.0049001694
6.076772e-007,0.0043119673
6.080772e-007,0.0052530906
6.084772e-007,0.0045325431
6.088772e-007,0.0041208016
6.092772e-007,0.0052530906
6.096772e-007,0.0045619532
6.100772e-007,0.0037531754
6.104772e-007,0.0050031048
6.108772e-007,0.0041649168
6.112772e-007,0.0035325996
6.116772e-007,0.0040766865
6.120772e-007,0.0039590461
6.124772e-007,0.0034296642
6.128772e-007,0.0036943551
6.132772e-007,0.0037531754
6.136772e-007,0.0029296924
6.140772e-007,0.0036943551
6.144772e-007,0.0024297207
6.148772e-007,0.0038414057
6.152772e-007,0.0034590743
6.156772e-007,0.0036355349
6.160772e-007,0.003929636
6.164772e-007,0.0030032177
6.168772e-007,0.0026944116
6.172772e-007,0.0025767712
6.176772e-007,0.0018268135
6.180772e-007,0.0027826419
6.184772e-007,0.0022973752
6.188772e-007,0.0033561389
6.192772e-007,0.0025914762
6.196772e-007,0.0026797066
6.200772e-007,0.0026502965
6.204772e-007,0.0026355914
6.208772e-007,0.0025620661
6.212772e-007,0.0025620661
6.216772e-007,0.0024444257
6.220772e-007,0.0018856338
6.224772e-007,0.0011944963
6.228772e-007,0.0022973752
6.232772e-007,0.0015915327
6.236772e-007,0.0017826984
6.240772e-007,0.0025032459
6.244772e-007,0.001665058
6.248772e-007,0.0021209146
6.252772e-007,0.0018856338
6.256772e-007,0.0015621226
6.260772e-007,0.0019150439
6.264772e-007,0.0012533165
6.268772e-007,0.0015474176
6.272772e-007,0.0013121367
6.276772e-007,0.001385662
6.280772e-007,0.0017091731
6.284772e-007,0.0016209428
6.288772e-007,0.001679763
6.292772e-007,0.0014444822
6.296772e-007,0.00044453866
6.300772e-007,0.0015033024
6.304772e-007,0.00081216496
6.308772e-007,0.0017974034
6.312772e-007,0.0012680216
6.316772e-007,0.0010768559
6.320772e-007,0.00090039527
6.324772e-007,0.00094451043
6.328772e-007,0.00054747402
6.332772e-007,0.0012239064
6.336772e-007,0.0013415468
6.340772e-007,0.0014738923
6.344772e-007,0.00088569022
6.348772e-007,0.0013121367
6.352772e-007,0.00066511444
6.356772e-007,0.00042983361
6.360772e-007,0.00063570434
6.364772e-007,0.00092980538
6.368772e-007,0.00057688413
6.372772e-007,0.00075334475
6.376772e-007,0.0007092296
6.380772e-007,0.00057688413
6.384772e-007,0.00067981949
6.388772e-007,0.00069452454
6.392772e-007,0.00059158918
6.396772e-007,0.00079745991
6.400772e-007,0.00081216496
6.404772e-007,0.00060629423
6.408772e-007,0.00050335887
6.412772e-007,0.0007092296
6.416772e-007,0.00017984773
6.420772e-007,0.00085628012
6.424772e-007,0.00042983361
6.428772e-007,0.00048865382
6.432772e-007,9.1617415e-005
6.436772e-007,0.00047394877
6.440772e-007,0.00066511444
6.444772e-007,0.00040042351
6.448772e-007,0.00059158918
6.452772e-007,0.00020925783
6.456772e-007,0.00048865382
6.460772e-007,0.00032689825
6.464772e-007,0.00050335887
6.468772e-007,1.8092155e-005
6.472772e-007,0.00029748814
6.476772e-007,7.6912363e-005
6.480772e-007,0.00019455278
6.484772e-007,0.00019455278
6.488772e-007,0.00062099928
6.492772e-007,0.00053276897
6.496772e-007,0.00069452454
6.500772e-007,-0.00014366342
6.504772e-007,0.00041512856
6.508772e-007,-0.00012895836
6.512772e-007,0.00029748814
6.516772e-007,-0.00015836847
6.520772e-007,0.0003416033
6.524772e-007,3.2797207e-005
6.528772e-007,0.00026807804
6.532772e-007,6.2207311e-005
6.536772e-007,0.00042983361
6.540772e-007,-1.1317949e-005
6.544772e-007,0.00032689825
6.548772e-007,-0.00017307352
6.552772e-007,0.00038571845
6.556772e-007,3.2797207e-005
6.560772e-007,0.00015043762
6.564772e-007,0.00010632247
6.568772e-007,0.00029748814
6.572772e-007,0.00013573257
6.576772e-007,0.00013573257
6.580772e-007,0.00013573257
6.584772e-007,3.2797207e-005
6.588772e-007,-4.0728053e-005
6.592772e-007,4.7502259e-005
6.596772e-007,0.00010632247
6.600772e-007,-0.00024659878
6.604772e-007,0.00032689825
6.608772e-007,0.0003416033
6.612772e-007,-2.6023001e-005
6.616772e-007,0.00013573257
6.620772e-007,0.00016514267
6.624772e-007,-0.00040835435
6.628772e-007,-0.00014366342
6.632772e-007,-8.4843209e-005
6.636772e-007,-0.00011425331
6.640772e-007,0.00042983361
6.644772e-007,-0.00015836847
6.648772e-007,6.2207311e-005
6.652772e-007,0.00028278309
6.656772e-007,-0.00021718868
6.660772e-007,-0.00030541899
6.664772e-007,0.00015043762
6.668772e-007,-1.1317949e-005
6.672772e-007,4.7502259e-005
6.676772e-007,7.6912363e-005
6.680772e-007,-0.00017307352
6.684772e-007,0.00012102752
6.688772e-007,3.2797207e-005
6.692772e-007,0.00016514267
6.696772e-007,-0.00021718868
6.700772e-007,0.00010632247
6.704772e-007,6.2207311e-005
6.708772e-007,0.00012102752
6.712772e-007,-0.00046717456
6.716772e-007,9.1617415e-005
6.720772e-007,-0.00012895836
6.724772e-007,3.3871028e-006
6.728772e-007,-0.00023189373
6.732772e-007,7.6912363e-005
6.736772e-007,-8.4843209e-005
6.740772e-007,-0.00012895836
6.744772e-007,9.1617415e-005
6.748772e-007,0.00016514267
6.752772e-007,-0.00034953414
6.756772e-007,-1.1317949e-005
6.760772e-007,3.2797207e-005
6.764772e-007,-5.5433105e-005
6.768772e-007,-0.00011425331
6.772772e-007,-0.00017307352
6.776772e-007,-0.00020248362
6.780772e-007,-0.00034953414
6.784772e-007,-0.00049658466
6.788772e-007,6.2207311e-005
6.792772e-007,4.7502259e-005
6.796772e-007,-0.00026130383
6.800772e-007,0.00028278309
6.804772e-007,-9.9548261e-005
6.808772e-007,0.00016514267
6.812772e-007,-0.00043776446
6.816772e-007,3.3871028e-006
6.820772e-007,1.8092155e-005
6.824772e-007,-0.00024659878
6.828772e-007,-0.00023189373
6.832772e-007,1.8092155e-005
6.836772e-007,7.6912363e-005
6.840772e-007,-0.0003642392
6.844772e-007,-1.1317949e-005
6.848772e-007,-0.00018777857
6.852772e-007,-8.4843209e-005
6.856772e-007,9.1617415e-005
6.860772e-007,4.7502259e-005
6.864772e-007,0.00022396288
6.868772e-007,-0.00029071394
6.872772e-007,-0.00018777857
6.876772e-007,3.3871028e-006
6.880772e-007,-0.00018777857
6.884772e-007,1.8092155e-005
6.888772e-007,-0.00026130383
6.892772e-007,4.7502259e-005
6.896772e-007,-0.00012895836
6.900772e-007,-9.9548261e-005
6.904772e-007,-0.00054069982
6.908772e-007,-0.00030541899
6.912772e-007,-0.0003642392
6.916772e-007,0.00047394877
6.920772e-007,-0.00043776446
6.924772e-007,-5.5433105e-005
6.928772e-007,-0.00071716044
6.932772e-007,-1.1317949e-005
6.936772e-007,-8.4843209e-005
6.940772e-007,-5.5433105e-005
6.944772e-007,-0.00021718868
6.948772e-007,0.00017984773
6.952772e-007,4.7502259e-005
6.956772e-007,-0.00014366342
6.960772e-007,6.2207311e-005
6.964772e-007,-7.0138157e-005
6.968772e-007,-7.0138157e-005
6.972772e-007,-0.00030541899
6.976772e-007,-4.0728053e-005
6.980772e-007,-7.0138157e-005
6.984772e-007,0.00016514267
6.988772e-007,-0.00045246951
6.992772e-007,0.00020925783
6.996772e-007,-0.00027600888
7.000772e-007,-0.00011425331
7.004772e-007,-7.0138157e-005
7.008772e-007,-8.4843209e-005
7.012772e-007,-0.00017307352
7.016772e-007,0.00013573257
7.020772e-007,-0.00024659878
7.024772e-007,-0.00014366342
7.028772e-007,-0.00012895836
7.032772e-007,-0.00015836847
7.036772e-007,-0.00023189373
7.040772e-007,3.2797207e-005
7.044772e-007,-0.00014366342
7.048772e-007,-0.00029071394
7.052772e-007,-0.00037894425
7.056772e-007,-0.00014366342
7.060772e-007,-5.5433105e-005
7.064772e-007,-0.00017307352
7.068772e-007,-0.00027600888
7.072772e-007,-0.00026130383
7.076772e-007,0.00013573257
7.080772e-007,6.2207311e-005
7.084772e-007,-2.6023001e-005
7.088772e-007,-0.00014366342
7.092772e-007,7.6912363e-005
7.096772e-007,-0.00021718868
7.100772e-007,-0.00026130383
7.104772e-007,-0.00011425331
7.108772e-007,-0.00015836847
7.112772e-007,4.7502259e-005
7.116772e-007,-0.00027600888
7.120772e-007,-0.00012895836
7.124772e-007,-0.00011425331
7.128772e-007,-0.00030541899
7.132772e-007,-0.00023189373
7.136772e-007,-0.00017307352
7.140772e-007,-7.0138157e-005
7.144772e-007,-0.00032012404
7.148772e-007,-0.00037894425
7.152772e-007,-2.6023001e-005
7.156772e-007,-4.0728053e-005
7.160772e-007,-0.00011425331
7.164772e-007,0.00016514267
7.168772e-007,-0.00029071394
7.172772e-007,3.3871028e-006
7.176772e-007,-0.00029071394
7.180772e-007,-1.1317949e-005
7.184772e-007,-2.6023001e-005
7.188772e-007,0.00015043762
7.192772e-007,-7.0138157e-005
7.196772e-007,-0.00024659878
7.200772e-007,-0.00012895836
7.204772e-007,6.2207311e-005
7.208772e-007,-2.6023001e-005
7.212772e-007,-0.00051128972
7.216772e-007,0.00026807804
7.220772e-007,0.00017984773
7.224772e-007,-8.4843209e-005
7.228772e-007,-0.00030541899
7.232772e-007,0.00015043762
7.236772e-007,7.6912363e-005
7.240772e-007,7.6912363e-005
7.244772e-007,-7.0138157e-005
7.248772e-007,6.2207311e-005
7.252772e-007,6.2207311e-005
7.256772e-007,-0.00020248362
7.260772e-007,-0.00011425331
7.264772e-007,0.00032689825
7.268772e-007,-0.00026130383
7.272772e-007,6.2207311e-005
7.276772e-007,-0.0004230594
7.280772e-007,0.00022396288
7.284772e-007,-0.00020248362
7.288772e-007,0.00013573257
7.292772e-007,0.00031219319
7.296772e-007,-0.00014366342
7.300772e-007,-0.00014366342
7.304772e-007,7.6912363e-005
7.308772e-007,0.00012102752
7.312772e-007,9.1617415e-005
7.316772e-007,0.00016514267
7.320772e-007,3.3871028e-006
7.324772e-007,0.00023866793
7.328772e-007,0.00023866793
7.332772e-007,7.6912363e-005
7.336772e-007,-9.9548261e-005
7.340772e-007,-0.00017307352
7.344772e-007,7.6912363e-005
7.348772e-007,1.8092155e-005
7.352772e-007,-0.00027600888
7.356772e-007,9.1617415e-005
7.360772e-007,0.00019455278
7.364772e-007,-0.00029071394
7.368772e-007,3.2797207e-005
7.372772e-007,-4.0728053e-005
7.376772e-007,1.8092155e-005
7.380772e-007,-4.0728053e-005
7.384772e-007,-5.5433105e-005
7.388772e-007,-0.00014366342
7.392772e-007,-0.00024659878
7.396772e-007,-0.00011425331
7.400772e-007,3.3871028e-006
7.404772e-007,0.00022396288
7.408772e-007,0.00016514267
7.412772e-007,6.2207311e-005
7.416772e-007,-5.5433105e-005
7.420772e-007,-0.00015836847
7.424772e-007,-0.00014366342
7.428772e-007,-0.00017307352
7.432772e-007,6.2207311e-005
7.436772e-007,-9.9548261e-005
7.440772e-007,6.2207311e-005
7.444772e-007,-0.00026130383
7.448772e-007,-0.00011425331
7.452772e-007,1.8092155e-005
7.456772e-007,9.1617415e-005
7.460772e-007,-4.0728053e-005
7.464772e-007,0.00026807804
7.468772e-007,4.7502259e-005
7.472772e-007,-5.5433105e-005
7.476772e-007,-2.6023001e-005
7.480772e-007,-8.4843209e-005
7.484772e-007,0.00022396288
7.488772e-007,-1.1317949e-005
7.492772e-007,3.3871028e-006
7.496772e-007,0.00020925783
7.500772e-007,-0.00033482909
7.504772e-007,0.00029748814
7.508772e-007,-0.00018777857
7.512772e-007,0.00028278309
7.516772e-007,-0.00026130383
7.520772e-007,-0.00014366342
7.524772e-007,0.00012102752
7.528772e-007,-0.00012895836
7.532772e-007,-1.1317949e-005
7.536772e-007,0.00022396288
7.540772e-007,6.2207311e-005
7.544772e-007,6.2207311e-005
7.548772e-007,-4.0728053e-005
7.552772e-007,0.00013573257
7.556772e-007,-0.00023189373
7.560772e-007,0.00035630835
7.564772e-007,0.00015043762
7.568772e-007,0.00012102752
7.572772e-007,-0.00011425331
7.576772e-007,-7.0138157e-005
7.580772e-007,-8.4843209e-005
7.584772e-007,-2.6023001e-005
7.588772e-007,1.8092155e-005
7.592772e-007,7.6912363e-005
7.596772e-007,4.7502259e-005
7.600772e-007,0.00015043762
7.604772e-007,-0.00014366342
7.608772e-007,3.2797207e-005
7.612772e-007,-0.00058481498
7.616772e-007,0.00029748814
7.620772e-007,-0.00020248362
7.624772e-007,0.00045924371
7.628772e-007,3.2797207e-005
7.632772e-007,6.2207311e-005
7.636772e-007,4.7502259e-005
7.640772e-007,-0.00012895836
7.644772e-007,3.3871028e-006
7.648772e-007,-5.5433105e-005
7.652772e-007,0.00012102752
7.656772e-007,-0.00015836847
7.660772e-007,-0.00012895836
7.664772e-007,-0.00012895836
7.668772e-007,-1.1317949e-005
7.672772e-007,-0.00015836847
7.676772e-007,-0.00030541899
7.680772e-007,0.00025337299
7.684772e-007,-8.4843209e-005
7.688772e-007,0.00010632247
7.692772e-007,-0.00023189373
7.696772e-007,4.7502259e-005
7.700772e-007,3.2797207e-005
7.704772e-007,-0.00011425331
7.708772e-007,1.8092155e-005
7.712772e-007,-0.00021718868
7.716772e-007,-5.5433105e-005
7.720772e-007,-0.00032012404
7.724772e-007,0.00019455278
7.728772e-007,-2.6023001e-005
7.732772e-007,1.8092155e-005
7.736772e-007,0.00013573257
7.740772e-007,-1.1317949e-005
7.744772e-007,9.1617415e-005
7.748772e-007,-8.4843209e-005
7.752772e-007,-0.00015836847
7.756772e-007,4.7502259e-005
7.760772e-007,-1.1317949e-005
7.764772e-007,0.00010632247
7.768772e-007,3.2797207e-005
7.772772e-007,0.00013573257
7.776772e-007,-8.4843209e-005
7.780772e-007,0.00019455278
7.784772e-007,3.3871028e-006
7.788772e-007,-0.00012895836
7.792772e-007,0.00013573257
7.796772e-007,-5.5433105e-005
7.800772e-007,-0.00012895836
7.804772e-007,-9.9548261e-005
7.808772e-007,-7.0138157e-005
7.812772e-007,0.00012102752
7.816772e-007,-0.00015836847
7.820772e-007,-5.5433105e-005
7.824772e-007,0.00017984773
7.828772e-007,-0.00011425331
7.832772e-007,-2.6023001e-005
7.836772e-007,0.00013573257
7.840772e-007,4.7502259e-005
7.844772e-007,-0.00018777857
7.848772e-007,-0.00014366342
7.852772e-007,-0.00026130383
7.856772e-007,0.00023866793
7.860772e-007,7.6912363e-005
7.864772e-007,-2.6023001e-005
7.868772e-007,-4.0728053e-005
7.872772e-007,0.00015043762
7.876772e-007,-7.0138157e-005
7.880772e-007,-7.0138157e-005
7.884772e-007,0.00032689825
7.888772e-007,0.00010632247
7.892772e-007,3.2797207e-005
7.896772e-007,-5.5433105e-005
7.900772e-007,-1.1317949e-005
7.904772e-007,3.3871028e-006
7.908772e-007,4.7502259e-005
7.912772e-007,-5.5433105e-005
7.916772e-007,4.7502259e-005
7.920772e-007,-0.00020248362
7.924772e-007,0.00019455278
7.928772e-007,-0.00029071394
7.932772e-007,-0.00014366342
7.936772e-007,0.00013573257
7.940772e-007,7.6912363e-005
7.944772e-007,-8.4843209e-005
7.948772e-007,0.00020925783
7.952772e-007,-0.00012895836
7.956772e-007,0.00013573257
7.960772e-007,7.6912363e-005
7.964772e-007,1.8092155e-005
7.968772e-007,0.00012102752
7.972772e-007,3.3871028e-006
7.976772e-007,0.00012102752
7.980772e-007,-7.0138157e-005
7.984772e-007,3.2797207e-005
7.988772e-007,0.00010632247
7.992772e-007,0.00012102752
7.996772e-007,-4.0728053e-005
8.000772e-007,-1.1317949e-005
