LECROYWS4104HD,18971,Waveform
Segments,1,SegmentSize,2502
Segment,TrigTime,TimeSinceSegment1
#1,14-Jan-2025 18:05:55,0                 
Time,Ampl
-2.003228e-007,-9.9548261e-005
-1.999228e-007,-2.6023001e-005
-1.995228e-007,0.00019455278
-1.991228e-007,0.00012102752
-1.987228e-007,0.00015043762
-1.983228e-007,3.3871028e-006
-1.979228e-007,3.2797207e-005
-1.975228e-007,0.00023866793
-1.971228e-007,0.00026807804
-1.967228e-007,4.7502259e-005
-1.963228e-007,0.00016514267
-1.959228e-007,0.00035630835
-1.955228e-007,0.00010632247
-1.951228e-007,0.00023866793
-1.947228e-007,3.2797207e-005
-1.943228e-007,0.00023866793
-1.939228e-007,3.2797207e-005
-1.935228e-007,0.00035630835
-1.931228e-007,-8.4843209e-005
-1.927228e-007,0.00028278309
-1.923228e-007,7.6912363e-005
-1.919228e-007,0.00025337299
-1.915228e-007,0.00017984773
-1.911228e-007,0.00031219319
-1.907228e-007,0.00028278309
-1.903228e-007,0.00022396288
-1.899228e-007,-5.5433105e-005
-1.895228e-007,4.7502259e-005
-1.891228e-007,-5.5433105e-005
-1.887228e-007,0.00038571845
-1.883228e-007,0.00020925783
-1.879228e-007,9.1617415e-005
-1.875228e-007,0.00019455278
-1.871228e-007,0.00013573257
-1.867228e-007,0.00012102752
-1.863228e-007,7.6912363e-005
-1.859228e-007,0.00025337299
-1.855228e-007,-2.6023001e-005
-1.851228e-007,0.00015043762
-1.847228e-007,3.3871028e-006
-1.843228e-007,6.2207311e-005
-1.839228e-007,1.8092155e-005
-1.835228e-007,0.00019455278
-1.831228e-007,0.00025337299
-1.827228e-007,-4.0728053e-005
-1.823228e-007,0.00032689825
-1.819228e-007,-0.00014366342
-1.815228e-007,9.1617415e-005
-1.811228e-007,0.00010632247
-1.807228e-007,0.00016514267
-1.803228e-007,0.00020925783
-1.799228e-007,0.00029748814
-1.795228e-007,1.8092155e-005
-1.791228e-007,0.00019455278
-1.787228e-007,-8.4843209e-005
-1.783228e-007,-2.6023001e-005
-1.779228e-007,0.00023866793
-1.775228e-007,3.2797207e-005
-1.771228e-007,0.00022396288
-1.767228e-007,1.8092155e-005
-1.763228e-007,0.00019455278
-1.759228e-007,3.3871028e-006
-1.755228e-007,0.00044453866
-1.751228e-007,7.6912363e-005
-1.747228e-007,0.00013573257
-1.743228e-007,9.1617415e-005
-1.739228e-007,0.00017984773
-1.735228e-007,9.1617415e-005
-1.731228e-007,0.00028278309
-1.727228e-007,0.00020925783
-1.723228e-007,0.00026807804
-1.719228e-007,0.00010632247
-1.715228e-007,0.00013573257
-1.711228e-007,3.2797207e-005
-1.707228e-007,0.00031219319
-1.703228e-007,-1.1317949e-005
-1.699228e-007,0.00017984773
-1.695228e-007,0.00013573257
-1.691228e-007,0.00035630835
-1.687228e-007,4.7502259e-005
-1.683228e-007,-1.1317949e-005
-1.679228e-007,0.00026807804
-1.675228e-007,0.00015043762
-1.671228e-007,0.00010632247
-1.667228e-007,0.00026807804
-1.663228e-007,-5.5433105e-005
-1.659228e-007,-4.0728053e-005
-1.655228e-007,0.00012102752
-1.651228e-007,0.00028278309
-1.647228e-007,-9.9548261e-005
-1.643228e-007,0.00032689825
-1.639228e-007,1.8092155e-005
-1.635228e-007,0.0003416033
-1.631228e-007,-5.5433105e-005
-1.627228e-007,0.00025337299
-1.623228e-007,0.00022396288
-1.619228e-007,-4.0728053e-005
-1.615228e-007,-0.00011425331
-1.611228e-007,0.00015043762
-1.607228e-007,0.00015043762
-1.603228e-007,6.2207311e-005
-1.599228e-007,0.00020925783
-1.595228e-007,0.00015043762
-1.591228e-007,4.7502259e-005
-1.587228e-007,3.3871028e-006
-1.583228e-007,0.00013573257
-1.579228e-007,-1.1317949e-005
-1.575228e-007,0.00023866793
-1.571228e-007,-1.1317949e-005
-1.567228e-007,0.00016514267
-1.563228e-007,-1.1317949e-005
-1.559228e-007,0.00029748814
-1.555228e-007,0.00031219319
-1.551228e-007,-7.0138157e-005
-1.547228e-007,0.00015043762
-1.543228e-007,6.2207311e-005
-1.539228e-007,0.00025337299
-1.535228e-007,1.8092155e-005
-1.531228e-007,0.00020925783
-1.527228e-007,4.7502259e-005
-1.523228e-007,6.2207311e-005
-1.519228e-007,3.3871028e-006
-1.515228e-007,-8.4843209e-005
-1.511228e-007,9.1617415e-005
-1.507228e-007,0.00017984773
-1.503228e-007,-9.9548261e-005
-1.499228e-007,1.8092155e-005
-1.495228e-007,9.1617415e-005
-1.491228e-007,0.00019455278
-1.487228e-007,0.00035630835
-1.483228e-007,-0.00024659878
-1.479228e-007,0.00038571845
-1.475228e-007,-4.0728053e-005
-1.471228e-007,-1.1317949e-005
-1.467228e-007,7.6912363e-005
-1.463228e-007,-4.0728053e-005
-1.459228e-007,0.00019455278
-1.455228e-007,7.6912363e-005
-1.451228e-007,3.3871028e-006
-1.447228e-007,0.00028278309
-1.443228e-007,0.00010632247
-1.439228e-007,1.8092155e-005
-1.435228e-007,-5.5433105e-005
-1.431228e-007,0.00012102752
-1.427228e-007,-0.00014366342
-1.423228e-007,-2.6023001e-005
-1.419228e-007,0.00019455278
-1.415228e-007,0.00020925783
-1.411228e-007,0.00045924371
-1.407228e-007,4.7502259e-005
-1.403228e-007,0.0003710134
-1.399228e-007,1.8092155e-005
-1.395228e-007,0.00026807804
-1.391228e-007,-7.0138157e-005
-1.387228e-007,0.00029748814
-1.383228e-007,6.2207311e-005
-1.379228e-007,-2.6023001e-005
-1.375228e-007,1.8092155e-005
-1.371228e-007,0.00023866793
-1.367228e-007,0.00016514267
-1.363228e-007,0.00023866793
-1.359228e-007,-7.0138157e-005
-1.355228e-007,0.0003710134
-1.351228e-007,0.00013573257
-1.347228e-007,0.00022396288
-1.343228e-007,0.00020925783
-1.339228e-007,0.00050335887
-1.335228e-007,0.00026807804
-1.331228e-007,-1.1317949e-005
-1.327228e-007,0.00031219319
-1.323228e-007,4.7502259e-005
-1.319228e-007,0.00031219319
-1.315228e-007,0.00022396288
-1.311228e-007,3.2797207e-005
-1.307228e-007,7.6912363e-005
-1.303228e-007,-0.00021718868
-1.299228e-007,0.00013573257
-1.295228e-007,-0.00011425331
-1.291228e-007,0.00020925783
-1.287228e-007,0.00023866793
-1.283228e-007,0.00025337299
-1.279228e-007,0.00012102752
-1.275228e-007,9.1617415e-005
-1.271228e-007,-1.1317949e-005
-1.267228e-007,0.00012102752
-1.263228e-007,9.1617415e-005
-1.259228e-007,0.00016514267
-1.255228e-007,0.00019455278
-1.251228e-007,4.7502259e-005
-1.247228e-007,-0.00011425331
-1.243228e-007,0.00010632247
-1.239228e-007,3.3871028e-006
-1.235228e-007,0.00022396288
-1.231228e-007,-9.9548261e-005
-1.227228e-007,0.00022396288
-1.223228e-007,4.7502259e-005
-1.219228e-007,0.00022396288
-1.215228e-007,0.00048865382
-1.211228e-007,0.00020925783
-1.207228e-007,0.00023866793
-1.203228e-007,0.00013573257
-1.199228e-007,4.7502259e-005
-1.195228e-007,0.00020925783
-1.191228e-007,-0.00012895836
-1.187228e-007,0.00013573257
-1.183228e-007,0.00028278309
-1.179228e-007,-8.4843209e-005
-1.175228e-007,0.00026807804
-1.171228e-007,-0.00014366342
-1.167228e-007,3.2797207e-005
-1.163228e-007,0.00025337299
-1.159228e-007,0.00010632247
-1.155228e-007,0.00016514267
-1.151228e-007,0.00016514267
-1.147228e-007,0.00016514267
-1.143228e-007,0.00023866793
-1.139228e-007,-0.00017307352
-1.135228e-007,0.00029748814
-1.131228e-007,0.00013573257
-1.127228e-007,0.00012102752
-1.123228e-007,0.00025337299
-1.119228e-007,-2.6023001e-005
-1.115228e-007,6.2207311e-005
-1.111228e-007,0.00015043762
-1.107228e-007,3.2797207e-005
-1.103228e-007,0.00013573257
-1.099228e-007,0.00031219319
-1.095228e-007,0.00015043762
-1.091228e-007,0.00015043762
-1.087228e-007,0.00028278309
-1.083228e-007,3.3871028e-006
-1.079228e-007,0.00017984773
-1.075228e-007,0.00016514267
-1.071228e-007,0.00019455278
-1.067228e-007,9.1617415e-005
-1.063228e-007,1.8092155e-005
-1.059228e-007,0.00022396288
-1.055228e-007,0.00016514267
-1.051228e-007,0.00012102752
-1.047228e-007,0.00015043762
-1.043228e-007,0.00020925783
-1.039228e-007,0.00035630835
-1.035228e-007,0.00013573257
-1.031228e-007,0.00015043762
-1.027228e-007,1.8092155e-005
-1.023228e-007,0.00023866793
-1.019228e-007,-4.0728053e-005
-1.015228e-007,4.7502259e-005
-1.011228e-007,-2.6023001e-005
-1.007228e-007,-2.6023001e-005
-1.003228e-007,0.0003710134
-9.99228e-008,-4.0728053e-005
-9.95228e-008,-0.00017307352
-9.91228e-008,0.00016514267
-9.87228e-008,3.3871028e-006
-9.83228e-008,0.00026807804
-9.79228e-008,1.8092155e-005
-9.75228e-008,-1.1317949e-005
-9.71228e-008,0.00010632247
-9.67228e-008,0.00017984773
-9.63228e-008,-9.9548261e-005
-9.59228e-008,0.00015043762
-9.55228e-008,0.00016514267
-9.51228e-008,9.1617415e-005
-9.47228e-008,0.00016514267
-9.43228e-008,0.00029748814
-9.39228e-008,4.7502259e-005
-9.35228e-008,9.1617415e-005
-9.31228e-008,7.6912363e-005
-9.27228e-008,3.2797207e-005
-9.23228e-008,-0.00015836847
-9.19228e-008,0.00012102752
-9.15228e-008,3.2797207e-005
-9.11228e-008,7.6912363e-005
-9.07228e-008,-5.5433105e-005
-9.03228e-008,0.00010632247
-8.99228e-008,3.2797207e-005
-8.95228e-008,0.00019455278
-8.91228e-008,-0.00012895836
-8.87228e-008,0.00031219319
-8.83228e-008,0.00010632247
-8.79228e-008,0.00017984773
-8.75228e-008,9.1617415e-005
-8.71228e-008,1.8092155e-005
-8.67228e-008,0.00012102752
-8.63228e-008,-7.0138157e-005
-8.59228e-008,0.00016514267
-8.55228e-008,4.7502259e-005
-8.51228e-008,0.00016514267
-8.47228e-008,0.00020925783
-8.43228e-008,0.00012102752
-8.39228e-008,-0.00011425331
-8.35228e-008,4.7502259e-005
-8.31228e-008,0.00016514267
-8.27228e-008,0.00017984773
-8.23228e-008,0.00031219319
-8.19228e-008,0.00032689825
-8.15228e-008,-4.0728053e-005
-8.11228e-008,-4.0728053e-005
-8.07228e-008,0.00010632247
-8.03228e-008,4.7502259e-005
-7.99228e-008,0.00022396288
-7.95228e-008,0.00010632247
-7.91228e-008,0.00017984773
-7.87228e-008,-2.6023001e-005
-7.83228e-008,-2.6023001e-005
-7.79228e-008,-7.0138157e-005
-7.75228e-008,-9.9548261e-005
-7.71228e-008,0.00028278309
-7.67228e-008,6.2207311e-005
-7.63228e-008,4.7502259e-005
-7.59228e-008,-2.6023001e-005
-7.55228e-008,0.00028278309
-7.51228e-008,9.1617415e-005
-7.47228e-008,0.00025337299
-7.43228e-008,-1.1317949e-005
-7.39228e-008,6.2207311e-005
-7.35228e-008,-4.0728053e-005
-7.31228e-008,0.00023866793
-7.27228e-008,-0.00018777857
-7.23228e-008,0.00026807804
-7.19228e-008,-7.0138157e-005
-7.15228e-008,0.00029748814
-7.11228e-008,6.2207311e-005
-7.07228e-008,0.00022396288
-7.03228e-008,0.00020925783
-6.99228e-008,0.00017984773
-6.95228e-008,0.00016514267
-6.91228e-008,-7.0138157e-005
-6.87228e-008,4.7502259e-005
-6.83228e-008,0.00020925783
-6.79228e-008,9.1617415e-005
-6.75228e-008,0.00028278309
-6.71228e-008,0.00010632247
-6.67228e-008,0.00038571845
-6.63228e-008,-1.1317949e-005
-6.59228e-008,0.00038571845
-6.55228e-008,0.00017984773
-6.51228e-008,0.00038571845
-6.47228e-008,-0.00020248362
-6.43228e-008,0.00032689825
-6.39228e-008,3.3871028e-006
-6.35228e-008,0.00016514267
-6.31228e-008,0.00013573257
-6.27228e-008,9.1617415e-005
-6.23228e-008,0.00013573257
-6.19228e-008,0.00016514267
-6.15228e-008,0.00016514267
-6.11228e-008,4.7502259e-005
-6.07228e-008,0.00013573257
-6.03228e-008,3.3871028e-006
-5.99228e-008,4.7502259e-005
-5.95228e-008,0.00016514267
-5.91228e-008,0.00016514267
-5.87228e-008,-0.00012895836
-5.83228e-008,0.00028278309
-5.79228e-008,-2.6023001e-005
-5.75228e-008,3.2797207e-005
-5.71228e-008,0.00019455278
-5.67228e-008,0.00013573257
-5.63228e-008,-9.9548261e-005
-5.59228e-008,0.00013573257
-5.55228e-008,-4.0728053e-005
-5.51228e-008,0.00041512856
-5.47228e-008,0.00020925783
-5.43228e-008,0.00020925783
-5.39228e-008,3.3871028e-006
-5.35228e-008,0.00026807804
-5.31228e-008,0.00022396288
-5.27228e-008,0.00020925783
-5.23228e-008,0.00010632247
-5.19228e-008,0.00044453866
-5.15228e-008,7.6912363e-005
-5.11228e-008,0.00020925783
-5.07228e-008,-0.00011425331
-5.03228e-008,0.00023866793
-4.99228e-008,-9.9548261e-005
-4.95228e-008,9.1617415e-005
-4.91228e-008,0.00029748814
-4.87228e-008,0.00015043762
-4.83228e-008,0.00013573257
-4.79228e-008,7.6912363e-005
-4.75228e-008,-1.1317949e-005
-4.71228e-008,0.00025337299
-4.67228e-008,0.00019455278
-4.63228e-008,0.00020925783
-4.59228e-008,0.00010632247
-4.55228e-008,0.00015043762
-4.51228e-008,0.00020925783
-4.47228e-008,-4.0728053e-005
-4.43228e-008,0.00013573257
-4.39228e-008,6.2207311e-005
-4.35228e-008,-5.5433105e-005
-4.31228e-008,3.3871028e-006
-4.27228e-008,1.8092155e-005
-4.23228e-008,0.00019455278
-4.19228e-008,-2.6023001e-005
-4.15228e-008,-0.00011425331
-4.11228e-008,0.00019455278
-4.07228e-008,-1.1317949e-005
-4.03228e-008,6.2207311e-005
-3.99228e-008,0.00016514267
-3.95228e-008,0.00015043762
-3.91228e-008,-1.1317949e-005
-3.87228e-008,0.00045924371
-3.83228e-008,0.00029748814
-3.79228e-008,9.1617415e-005
-3.75228e-008,0.00012102752
-3.71228e-008,4.7502259e-005
-3.67228e-008,-2.6023001e-005
-3.63228e-008,-9.9548261e-005
-3.59228e-008,0.0003416033
-3.55228e-008,9.1617415e-005
-3.51228e-008,0.00017984773
-3.47228e-008,-0.00012895836
-3.43228e-008,0.00028278309
-3.39228e-008,-0.00014366342
-3.35228e-008,0.00020925783
-3.31228e-008,0.00016514267
-3.27228e-008,-1.1317949e-005
-3.23228e-008,0.00010632247
-3.19228e-008,-9.9548261e-005
-3.15228e-008,0.00026807804
-3.11228e-008,3.2797207e-005
-3.07228e-008,0.00023866793
-3.03228e-008,3.3871028e-006
-2.99228e-008,0.00020925783
-2.95228e-008,0.00017984773
-2.91228e-008,-1.1317949e-005
-2.87228e-008,0.00022396288
-2.83228e-008,0.00015043762
-2.79228e-008,0.00017984773
-2.75228e-008,0.00022396288
-2.71228e-008,-1.1317949e-005
-2.67228e-008,0.00028278309
-2.63228e-008,0.00026807804
-2.59228e-008,0.00017984773
-2.55228e-008,3.2797207e-005
-2.51228e-008,0.0003416033
-2.47228e-008,0.00017984773
-2.43228e-008,0.00047394877
-2.39228e-008,3.2797207e-005
-2.35228e-008,0.00022396288
-2.31228e-008,0.00038571845
-2.27228e-008,4.7502259e-005
-2.23228e-008,0.00013573257
-2.19228e-008,-5.5433105e-005
-2.15228e-008,0.00035630835
-2.11228e-008,3.2797207e-005
-2.07228e-008,0.00020925783
-2.03228e-008,9.1617415e-005
-1.99228e-008,0.00017984773
-1.95228e-008,6.2207311e-005
-1.91228e-008,0.00032689825
-1.87228e-008,1.8092155e-005
-1.83228e-008,9.1617415e-005
-1.79228e-008,0.00017984773
-1.75228e-008,-9.9548261e-005
-1.71228e-008,0.00016514267
-1.67228e-008,0.00022396288
-1.63228e-008,0.00025337299
-1.59228e-008,0.00022396288
-1.55228e-008,4.7502259e-005
-1.51228e-008,6.2207311e-005
-1.47228e-008,-0.00020248362
-1.43228e-008,0.00016514267
-1.39228e-008,-0.00017307352
-1.35228e-008,0.00020925783
-1.31228e-008,3.2797207e-005
-1.27228e-008,0.00017984773
-1.23228e-008,-0.00012895836
-1.19228e-008,0.00012102752
-1.15228e-008,0.00015043762
-1.11228e-008,0.00016514267
-1.07228e-008,3.3871028e-006
-1.03228e-008,0.00016514267
-9.9228e-009,9.1617415e-005
-9.5228e-009,6.2207311e-005
-9.1228e-009,0.00019455278
-8.7228e-009,0.00015043762
-8.3228e-009,0.00019455278
-7.9228e-009,6.2207311e-005
-7.5228e-009,0.00012102752
-7.1228e-009,1.8092155e-005
-6.7228e-009,-2.6023001e-005
-6.3228e-009,9.1617415e-005
-5.9228e-009,0.00010632247
-5.5228e-009,0.00045924371
-5.1228e-009,-0.00017307352
-4.7228e-009,0.00010632247
-4.3228e-009,9.1617415e-005
-3.9228e-009,0.00029748814
-3.5228e-009,0.00016514267
-3.1228e-009,0.0003710134
-2.7228e-009,0.00015043762
-2.3228e-009,0.00035630835
-1.9228e-009,-4.0728053e-005
-1.5228e-009,0.00015043762
-1.1228e-009,-2.6023001e-005
-7.228e-010,0.00013573257
-3.228e-010,0.00013573257
7.72e-011,0.00026807804
4.772e-010,0.00010632247
8.772e-010,4.7502259e-005
1.2772e-009,3.2797207e-005
1.6772e-009,0.00013573257
2.0772e-009,0.00016514267
2.4772e-009,0.00012102752
2.8772e-009,0.00026807804
3.2772e-009,1.8092155e-005
3.6772e-009,0.00023866793
4.0772e-009,0.00015043762
4.4772e-009,9.1617415e-005
4.8772e-009,1.8092155e-005
5.2772e-009,0.00012102752
5.6772e-009,6.2207311e-005
6.0772e-009,0.00013573257
6.4772e-009,0.00022396288
6.8772e-009,0.00016514267
7.2772e-009,0.00017984773
7.6772e-009,0.00010632247
8.0772e-009,0.00012102752
8.4772e-009,0.00026807804
8.8772e-009,6.2207311e-005
9.2772e-009,0.00031219319
9.6772e-009,-0.00018777857
1.00772e-008,0.00048865382
1.04772e-008,-0.00018777857
1.08772e-008,0.00012102752
1.12772e-008,9.1617415e-005
1.16772e-008,0.00015043762
1.20772e-008,3.3871028e-006
1.24772e-008,0.00031219319
1.28772e-008,-2.6023001e-005
1.32772e-008,0.00019455278
1.36772e-008,0.00015043762
1.40772e-008,0.00025337299
1.44772e-008,0.00016514267
1.48772e-008,-7.0138157e-005
1.52772e-008,0.00015043762
1.56772e-008,9.1617415e-005
1.60772e-008,0.00013573257
1.64772e-008,0.00023866793
1.68772e-008,0.00015043762
1.72772e-008,-4.0728053e-005
1.76772e-008,0.00026807804
1.80772e-008,0.00019455278
1.84772e-008,0.00013573257
1.88772e-008,0.00020925783
1.92772e-008,0.00028278309
1.96772e-008,6.2207311e-005
2.00772e-008,0.00035630835
2.04772e-008,9.1617415e-005
2.08772e-008,0.00016514267
2.12772e-008,0.00010632247
2.16772e-008,-1.1317949e-005
2.20772e-008,0.00013573257
2.24772e-008,0.00032689825
2.28772e-008,3.3871028e-006
2.32772e-008,0.00015043762
2.36772e-008,0.00017984773
2.40772e-008,0.00010632247
2.44772e-008,0.00015043762
2.48772e-008,6.2207311e-005
2.52772e-008,0.00038571845
2.56772e-008,-8.4843209e-005
2.60772e-008,0.00026807804
2.64772e-008,-0.00021718868
2.68772e-008,0.00012102752
2.72772e-008,9.1617415e-005
2.76772e-008,9.1617415e-005
2.80772e-008,0.00019455278
2.84772e-008,0.00023866793
2.88772e-008,7.6912363e-005
2.92772e-008,1.8092155e-005
2.96772e-008,0.00015043762
3.00772e-008,-0.00015836847
3.04772e-008,0.00019455278
3.08772e-008,-9.9548261e-005
3.12772e-008,0.00017984773
3.16772e-008,0.00013573257
3.20772e-008,0.00045924371
3.24772e-008,0.00026807804
3.28772e-008,1.8092155e-005
3.32772e-008,0.00020925783
3.36772e-008,0.00019455278
3.40772e-008,0.00019455278
3.44772e-008,0.00015043762
3.48772e-008,0.00013573257
3.52772e-008,-8.4843209e-005
3.56772e-008,3.2797207e-005
3.60772e-008,-1.1317949e-005
3.64772e-008,3.2797207e-005
3.68772e-008,3.3871028e-006
3.72772e-008,0.00015043762
3.76772e-008,3.2797207e-005
3.80772e-008,0.00013573257
3.84772e-008,0.00031219319
3.88772e-008,0.00019455278
3.92772e-008,7.6912363e-005
3.96772e-008,0.00019455278
4.00772e-008,0.00012102752
4.04772e-008,6.2207311e-005
4.08772e-008,9.1617415e-005
4.12772e-008,0.00022396288
4.16772e-008,0.00013573257
4.20772e-008,3.3871028e-006
4.24772e-008,0.00015043762
4.28772e-008,0.00023866793
4.32772e-008,3.3871028e-006
4.36772e-008,9.1617415e-005
4.40772e-008,0.00048865382
4.44772e-008,0.00022396288
4.48772e-008,3.3871028e-006
4.52772e-008,3.3871028e-006
4.56772e-008,0.00013573257
4.60772e-008,0.00012102752
4.64772e-008,7.6912363e-005
4.68772e-008,1.8092155e-005
4.72772e-008,0.00026807804
4.76772e-008,0.00017984773
4.80772e-008,0.00010632247
4.84772e-008,7.6912363e-005
4.88772e-008,0.00022396288
4.92772e-008,0.00017984773
4.96772e-008,0.0003416033
5.00772e-008,1.8092155e-005
5.04772e-008,0.00023866793
5.08772e-008,1.8092155e-005
5.12772e-008,0.00023866793
5.16772e-008,-8.4843209e-005
5.20772e-008,0.00017984773
5.24772e-008,6.2207311e-005
5.28772e-008,3.2797207e-005
5.32772e-008,0.00016514267
5.36772e-008,9.1617415e-005
5.40772e-008,0.00023866793
5.44772e-008,-0.00011425331
5.48772e-008,0.00028278309
5.52772e-008,-0.00012895836
5.56772e-008,0.00012102752
5.60772e-008,3.3871028e-006
5.64772e-008,-0.00012895836
5.68772e-008,9.1617415e-005
5.72772e-008,7.6912363e-005
5.76772e-008,4.7502259e-005
5.80772e-008,7.6912363e-005
5.84772e-008,4.7502259e-005
5.88772e-008,4.7502259e-005
5.92772e-008,1.8092155e-005
5.96772e-008,7.6912363e-005
6.00772e-008,6.2207311e-005
6.04772e-008,0.00017984773
6.08772e-008,7.6912363e-005
6.12772e-008,0.00023866793
6.16772e-008,6.2207311e-005
6.20772e-008,0.00020925783
6.24772e-008,-0.00017307352
6.28772e-008,0.00025337299
6.32772e-008,-0.00026130383
6.36772e-008,0.00022396288
6.40772e-008,-4.0728053e-005
6.44772e-008,0.00045924371
6.48772e-008,-0.00023189373
6.52772e-008,0.00032689825
6.56772e-008,1.8092155e-005
6.60772e-008,0.00022396288
6.64772e-008,3.2797207e-005
6.68772e-008,0.00012102752
6.72772e-008,0.00010632247
6.76772e-008,6.2207311e-005
6.80772e-008,0.00020925783
6.84772e-008,0.00032689825
6.88772e-008,-1.1317949e-005
6.92772e-008,0.00012102752
6.96772e-008,4.7502259e-005
7.00772e-008,-4.0728053e-005
7.04772e-008,4.7502259e-005
7.08772e-008,0.00031219319
7.12772e-008,0.00015043762
7.16772e-008,9.1617415e-005
7.20772e-008,6.2207311e-005
7.24772e-008,0.00025337299
7.28772e-008,3.2797207e-005
7.32772e-008,0.00032689825
7.36772e-008,1.8092155e-005
7.40772e-008,0.00038571845
7.44772e-008,0.00010632247
7.48772e-008,0.00032689825
7.52772e-008,-0.00014366342
7.56772e-008,0.00022396288
7.60772e-008,0.00012102752
7.64772e-008,0.00012102752
7.68772e-008,-0.00027600888
7.72772e-008,0.00022396288
7.76772e-008,9.1617415e-005
7.80772e-008,-2.6023001e-005
7.84772e-008,3.2797207e-005
7.88772e-008,0.00032689825
7.92772e-008,3.2797207e-005
7.96772e-008,0.00015043762
8.00772e-008,1.8092155e-005
8.04772e-008,0.00023866793
8.08772e-008,-0.00011425331
8.12772e-008,0.00013573257
8.16772e-008,-2.6023001e-005
8.20772e-008,0.0003416033
8.24772e-008,0.00020925783
8.28772e-008,9.1617415e-005
8.32772e-008,9.1617415e-005
8.36772e-008,3.2797207e-005
8.40772e-008,0.00023866793
8.44772e-008,0.00017984773
8.48772e-008,3.3871028e-006
8.52772e-008,4.7502259e-005
8.56772e-008,0.00015043762
8.60772e-008,-2.6023001e-005
8.64772e-008,6.2207311e-005
8.68772e-008,9.1617415e-005
8.72772e-008,-0.00011425331
8.76772e-008,6.2207311e-005
8.80772e-008,-9.9548261e-005
8.84772e-008,0.00031219319
8.88772e-008,0.00023866793
8.92772e-008,0.00029748814
8.96772e-008,9.1617415e-005
9.00772e-008,0.00020925783
9.04772e-008,-0.00011425331
9.08772e-008,0.00013573257
9.12772e-008,0.00023866793
9.16772e-008,3.3871028e-006
9.20772e-008,0.00010632247
9.24772e-008,0.00012102752
9.28772e-008,-1.1317949e-005
9.32772e-008,6.2207311e-005
9.36772e-008,0.00012102752
9.40772e-008,7.6912363e-005
9.44772e-008,-0.00021718868
9.48772e-008,0.00022396288
9.52772e-008,0.00013573257
9.56772e-008,3.3871028e-006
9.60772e-008,7.6912363e-005
9.64772e-008,0.00013573257
9.68772e-008,0.00020925783
9.72772e-008,0.00013573257
9.76772e-008,3.2797207e-005
9.80772e-008,0.00010632247
9.84772e-008,0.00010632247
9.88772e-008,0.00019455278
9.92772e-008,-0.00012895836
9.96772e-008,0.00031219319
1.000772e-007,3.3871028e-006
1.004772e-007,0.00013573257
1.008772e-007,7.6912363e-005
1.012772e-007,1.8092155e-005
1.016772e-007,7.6912363e-005
1.020772e-007,4.7502259e-005
1.024772e-007,0.00020925783
1.028772e-007,0.00016514267
1.032772e-007,0.00019455278
1.036772e-007,-4.0728053e-005
1.040772e-007,0.00023866793
1.044772e-007,-2.6023001e-005
1.048772e-007,0.00010632247
1.052772e-007,0.00019455278
1.056772e-007,-0.00012895836
1.060772e-007,3.3871028e-006
1.064772e-007,0.00025337299
1.068772e-007,-7.0138157e-005
1.072772e-007,7.6912363e-005
1.076772e-007,1.8092155e-005
1.080772e-007,0.00032689825
1.084772e-007,3.2797207e-005
1.088772e-007,1.8092155e-005
1.092772e-007,0.00017984773
1.096772e-007,0.00023866793
1.100772e-007,3.2797207e-005
1.104772e-007,0.00032689825
1.108772e-007,7.6912363e-005
1.112772e-007,-1.1317949e-005
1.116772e-007,0.00026807804
1.120772e-007,0.00023866793
1.124772e-007,-4.0728053e-005
1.128772e-007,0.0003416033
1.132772e-007,9.1617415e-005
1.136772e-007,7.6912363e-005
1.140772e-007,0.00010632247
1.144772e-007,0.00025337299
1.148772e-007,0.00035630835
1.152772e-007,-1.1317949e-005
1.156772e-007,-4.0728053e-005
1.160772e-007,-7.0138157e-005
1.164772e-007,0.00016514267
1.168772e-007,6.2207311e-005
1.172772e-007,0.00022396288
1.176772e-007,6.2207311e-005
1.180772e-007,1.8092155e-005
1.184772e-007,0.00019455278
1.188772e-007,0.00028278309
1.192772e-007,0.00015043762
1.196772e-007,0.00028278309
1.200772e-007,0.00028278309
1.204772e-007,0.00031219319
1.208772e-007,6.2207311e-005
1.212772e-007,0.00016514267
1.216772e-007,3.3871028e-006
1.220772e-007,0.00013573257
1.224772e-007,0.00019455278
1.228772e-007,-9.9548261e-005
1.232772e-007,0.00029748814
1.236772e-007,0.00016514267
1.240772e-007,-4.0728053e-005
1.244772e-007,0.00019455278
1.248772e-007,0.00012102752
1.252772e-007,0.00017984773
1.256772e-007,0.00012102752
1.260772e-007,-0.00020248362
1.264772e-007,0.00025337299
1.268772e-007,0.00019455278
1.272772e-007,0.00012102752
1.276772e-007,4.7502259e-005
1.280772e-007,0.00032689825
1.284772e-007,0.00010632247
1.288772e-007,7.6912363e-005
1.292772e-007,-0.00015836847
1.296772e-007,0.00023866793
1.300772e-007,-0.00021718868
1.304772e-007,0.00015043762
1.308772e-007,0.00010632247
1.312772e-007,-0.00027600888
1.316772e-007,0.00019455278
1.320772e-007,-0.00012895836
1.324772e-007,0.00026807804
1.328772e-007,-7.0138157e-005
1.332772e-007,0.00041512856
1.336772e-007,-8.4843209e-005
1.340772e-007,0.00010632247
1.344772e-007,-9.9548261e-005
1.348772e-007,7.6912363e-005
1.352772e-007,0.00015043762
1.356772e-007,0.00012102752
1.360772e-007,0.00012102752
1.364772e-007,0.00013573257
1.368772e-007,9.1617415e-005
1.372772e-007,9.1617415e-005
1.376772e-007,-1.1317949e-005
1.380772e-007,-1.1317949e-005
1.384772e-007,-0.00015836847
1.388772e-007,3.2797207e-005
1.392772e-007,0.00016514267
1.396772e-007,-8.4843209e-005
1.400772e-007,0.00015043762
1.404772e-007,6.2207311e-005
1.408772e-007,-5.5433105e-005
1.412772e-007,0.00013573257
1.416772e-007,0.00017984773
1.420772e-007,0.00022396288
1.424772e-007,0.00013573257
1.428772e-007,0.00023866793
1.432772e-007,1.8092155e-005
1.436772e-007,0.00023866793
1.440772e-007,6.2207311e-005
1.444772e-007,6.2207311e-005
1.448772e-007,0.00016514267
1.452772e-007,-0.00011425331
1.456772e-007,0.00013573257
1.460772e-007,3.2797207e-005
1.464772e-007,0.00042983361
1.468772e-007,0.00016514267
1.472772e-007,0.00017984773
1.476772e-007,0.00025337299
1.480772e-007,-5.5433105e-005
1.484772e-007,0.00026807804
1.488772e-007,0.00012102752
1.492772e-007,-4.0728053e-005
1.496772e-007,9.1617415e-005
1.500772e-007,7.6912363e-005
1.504772e-007,0.00015043762
1.508772e-007,0.00031219319
1.512772e-007,0.00017984773
1.516772e-007,0.00016514267
1.520772e-007,3.3871028e-006
1.524772e-007,0.00032689825
1.528772e-007,3.2797207e-005
1.532772e-007,0.00028278309
1.536772e-007,-0.00026130383
1.540772e-007,0.00017984773
1.544772e-007,7.6912363e-005
1.548772e-007,0.00016514267
1.552772e-007,-4.0728053e-005
1.556772e-007,0.00026807804
1.560772e-007,9.1617415e-005
1.564772e-007,-4.0728053e-005
1.568772e-007,4.7502259e-005
1.572772e-007,0.00019455278
1.576772e-007,6.2207311e-005
1.580772e-007,0.00016514267
1.584772e-007,0.00038571845
1.588772e-007,-7.0138157e-005
1.592772e-007,0.00026807804
1.596772e-007,3.3871028e-006
1.600772e-007,0.00010632247
1.604772e-007,0.00013573257
1.608772e-007,0.00016514267
1.612772e-007,4.7502259e-005
1.616772e-007,0.00012102752
1.620772e-007,3.2797207e-005
1.624772e-007,6.2207311e-005
1.628772e-007,4.7502259e-005
1.632772e-007,1.8092155e-005
1.636772e-007,9.1617415e-005
1.640772e-007,0.00010632247
1.644772e-007,3.3871028e-006
1.648772e-007,7.6912363e-005
1.652772e-007,-7.0138157e-005
1.656772e-007,0.00017984773
1.660772e-007,6.2207311e-005
1.664772e-007,0.00013573257
1.668772e-007,0.00041512856
1.672772e-007,3.2797207e-005
1.676772e-007,3.2797207e-005
1.680772e-007,0.00012102752
1.684772e-007,9.1617415e-005
1.688772e-007,6.2207311e-005
1.692772e-007,0.00012102752
1.696772e-007,0.00020925783
1.700772e-007,0.00013573257
1.704772e-007,4.7502259e-005
1.708772e-007,7.6912363e-005
1.712772e-007,0.00012102752
1.716772e-007,-4.0728053e-005
1.720772e-007,0.00032689825
1.724772e-007,-2.6023001e-005
1.728772e-007,0.00019455278
1.732772e-007,0.00042983361
1.736772e-007,0.00013573257
1.740772e-007,0.00019455278
1.744772e-007,6.2207311e-005
1.748772e-007,0.00025337299
1.752772e-007,0.00016514267
1.756772e-007,0.00017984773
1.760772e-007,0.00012102752
1.764772e-007,0.00026807804
1.768772e-007,1.8092155e-005
1.772772e-007,7.6912363e-005
1.776772e-007,0.00029748814
1.780772e-007,0.00020925783
1.784772e-007,3.3871028e-006
1.788772e-007,0.00020925783
1.792772e-007,0.00019455278
1.796772e-007,6.2207311e-005
1.800772e-007,-5.5433105e-005
1.804772e-007,0.0003710134
1.808772e-007,9.1617415e-005
1.812772e-007,0.00016514267
1.816772e-007,3.2797207e-005
1.820772e-007,9.1617415e-005
1.824772e-007,7.6912363e-005
1.828772e-007,-0.00012895836
1.832772e-007,0.00017984773
1.836772e-007,6.2207311e-005
1.840772e-007,0.00015043762
1.844772e-007,0.00031219319
1.848772e-007,7.6912363e-005
1.852772e-007,0.00019455278
1.856772e-007,0.00010632247
1.860772e-007,0.00019455278
1.864772e-007,0.00012102752
1.868772e-007,7.6912363e-005
1.872772e-007,0.00031219319
1.876772e-007,-0.00011425331
1.880772e-007,0.00031219319
1.884772e-007,0.00012102752
1.888772e-007,0.00029748814
1.892772e-007,0.00016514267
1.896772e-007,0.00023866793
1.900772e-007,-0.00015836847
1.904772e-007,-4.0728053e-005
1.908772e-007,0.0003416033
1.912772e-007,3.2797207e-005
1.916772e-007,0.00022396288
1.920772e-007,0.00013573257
1.924772e-007,9.1617415e-005
1.928772e-007,7.6912363e-005
1.932772e-007,0.00016514267
1.936772e-007,0.00035630835
1.940772e-007,6.2207311e-005
1.944772e-007,0.00010632247
1.948772e-007,3.2797207e-005
1.952772e-007,0.00010632247
1.956772e-007,0.00019455278
1.960772e-007,4.7502259e-005
1.964772e-007,0.00023866793
1.968772e-007,0.00012102752
1.972772e-007,0.00012102752
1.976772e-007,0.00022396288
1.980772e-007,0.00031219319
1.984772e-007,3.2797207e-005
1.988772e-007,0.00012102752
1.992772e-007,0.00015043762
1.996772e-007,-4.0728053e-005
2.000772e-007,0.00016514267
2.004772e-007,9.1617415e-005
2.008772e-007,4.7502259e-005
2.012772e-007,0.00013573257
2.016772e-007,0.00010632247
2.020772e-007,0.00035630835
2.024772e-007,7.6912363e-005
2.028772e-007,-7.0138157e-005
2.032772e-007,0.00016514267
2.036772e-007,0.00022396288
2.040772e-007,0.00020925783
2.044772e-007,-2.6023001e-005
2.048772e-007,0.00023866793
2.052772e-007,-1.1317949e-005
2.056772e-007,-2.6023001e-005
2.060772e-007,0.00026807804
2.064772e-007,0.00029748814
2.068772e-007,7.6912363e-005
2.072772e-007,0.00020925783
2.076772e-007,4.7502259e-005
2.080772e-007,0.00020925783
2.084772e-007,0.00012102752
2.088772e-007,7.6912363e-005
2.092772e-007,1.8092155e-005
2.096772e-007,0.00020925783
2.100772e-007,1.8092155e-005
2.104772e-007,6.2207311e-005
2.108772e-007,3.3871028e-006
2.112772e-007,0.00016514267
2.116772e-007,0.00010632247
2.120772e-007,0.00040042351
2.124772e-007,-0.00020248362
2.128772e-007,0.00038571845
2.132772e-007,1.8092155e-005
2.136772e-007,0.00012102752
2.140772e-007,1.8092155e-005
2.144772e-007,-0.00011425331
2.148772e-007,0.00023866793
2.152772e-007,0.00016514267
2.156772e-007,-0.00011425331
2.160772e-007,-0.00014366342
2.164772e-007,3.3871028e-006
2.168772e-007,4.7502259e-005
2.172772e-007,7.6912363e-005
2.176772e-007,0.00028278309
2.180772e-007,0.00031219319
2.184772e-007,-5.5433105e-005
2.188772e-007,0.00016514267
2.192772e-007,0.00010632247
2.196772e-007,0.00032689825
2.200772e-007,0.00016514267
2.204772e-007,0.00020925783
2.208772e-007,0.00019455278
2.212772e-007,1.8092155e-005
2.216772e-007,0.00032689825
2.220772e-007,0.00016514267
2.224772e-007,-8.4843209e-005
2.228772e-007,0.00028278309
2.232772e-007,0.00012102752
2.236772e-007,4.7502259e-005
2.240772e-007,0.00015043762
2.244772e-007,3.2797207e-005
2.248772e-007,4.7502259e-005
2.252772e-007,9.1617415e-005
2.256772e-007,6.2207311e-005
2.260772e-007,0.00035630835
2.264772e-007,0.00012102752
2.268772e-007,0.00022396288
2.272772e-007,0.00029748814
2.276772e-007,0.00013573257
2.280772e-007,0.00015043762
2.284772e-007,0.00016514267
2.288772e-007,4.7502259e-005
2.292772e-007,1.8092155e-005
2.296772e-007,0.00035630835
2.300772e-007,3.2797207e-005
2.304772e-007,9.1617415e-005
2.308772e-007,0.00013573257
2.312772e-007,9.1617415e-005
2.316772e-007,0.00012102752
2.320772e-007,0.00020925783
2.324772e-007,0.00012102752
2.328772e-007,0.00010632247
2.332772e-007,-1.1317949e-005
2.336772e-007,0.00020925783
2.340772e-007,-2.6023001e-005
2.344772e-007,0.00020925783
2.348772e-007,1.8092155e-005
2.352772e-007,1.8092155e-005
2.356772e-007,0.00032689825
2.360772e-007,-8.4843209e-005
2.364772e-007,-0.00020248362
2.368772e-007,-7.0138157e-005
2.372772e-007,0.00023866793
2.376772e-007,-9.9548261e-005
2.380772e-007,6.2207311e-005
2.384772e-007,0.00016514267
2.388772e-007,-0.00021718868
2.392772e-007,0.00029748814
2.396772e-007,-7.0138157e-005
2.400772e-007,-1.1317949e-005
2.404772e-007,-0.00012895836
2.408772e-007,0.00023866793
2.412772e-007,-0.00029071394
2.416772e-007,0.00031219319
2.420772e-007,-5.5433105e-005
2.424772e-007,0.00020925783
2.428772e-007,1.8092155e-005
2.432772e-007,0.00038571845
2.436772e-007,0.00017984773
2.440772e-007,0.00017984773
2.444772e-007,3.3871028e-006
2.448772e-007,0.00013573257
2.452772e-007,-9.9548261e-005
2.456772e-007,0.00035630835
2.460772e-007,9.1617415e-005
2.464772e-007,1.8092155e-005
2.468772e-007,-0.00012895836
2.472772e-007,0.00035630835
2.476772e-007,0.00019455278
2.480772e-007,0.00020925783
2.484772e-007,0.00017984773
2.488772e-007,0.00026807804
2.492772e-007,0.0003416033
2.496772e-007,0.0003416033
2.500772e-007,0.00019455278
2.504772e-007,-5.5433105e-005
2.508772e-007,-1.1317949e-005
2.512772e-007,-0.00018777857
2.516772e-007,0.00029748814
2.520772e-007,-0.00015836847
2.524772e-007,0.00013573257
2.528772e-007,-8.4843209e-005
2.532772e-007,0.00012102752
2.536772e-007,0.00023866793
2.540772e-007,0.00013573257
2.544772e-007,0.00013573257
2.548772e-007,0.00025337299
2.552772e-007,0.00026807804
2.556772e-007,1.8092155e-005
2.560772e-007,0.00031219319
2.564772e-007,9.1617415e-005
2.568772e-007,0.00016514267
2.572772e-007,3.2797207e-005
2.576772e-007,-0.00014366342
2.580772e-007,0.00017984773
2.584772e-007,-9.9548261e-005
2.588772e-007,0.00028278309
2.592772e-007,-0.00030541899
2.596772e-007,0.00023866793
2.600772e-007,-0.00014366342
2.604772e-007,0.00026807804
2.608772e-007,0.00015043762
2.612772e-007,0.00022396288
2.616772e-007,0.00013573257
2.620772e-007,0.00040042351
2.624772e-007,0.00022396288
2.628772e-007,0.00038571845
2.632772e-007,9.1617415e-005
2.636772e-007,-9.9548261e-005
2.640772e-007,0.00029748814
2.644772e-007,0.00013573257
2.648772e-007,4.7502259e-005
2.652772e-007,1.8092155e-005
2.656772e-007,4.7502259e-005
2.660772e-007,0.00023866793
2.664772e-007,-2.6023001e-005
2.668772e-007,0.0003416033
2.672772e-007,0.00022396288
2.676772e-007,0.00023866793
2.680772e-007,-1.1317949e-005
2.684772e-007,0.00015043762
2.688772e-007,-0.00014366342
2.692772e-007,1.8092155e-005
2.696772e-007,3.3871028e-006
2.700772e-007,-5.5433105e-005
2.704772e-007,0.00012102752
2.708772e-007,0.00016514267
2.712772e-007,0.00013573257
2.716772e-007,-2.6023001e-005
2.720772e-007,0.00013573257
2.724772e-007,6.2207311e-005
2.728772e-007,0.00020925783
2.732772e-007,-4.0728053e-005
2.736772e-007,0.00020925783
2.740772e-007,-9.9548261e-005
2.744772e-007,0.00015043762
2.748772e-007,0.00025337299
2.752772e-007,3.3871028e-006
2.756772e-007,0.00023866793
2.760772e-007,7.6912363e-005
2.764772e-007,0.00016514267
2.768772e-007,3.3871028e-006
2.772772e-007,6.2207311e-005
2.776772e-007,0.00013573257
2.780772e-007,0.00010632247
2.784772e-007,-0.00012895836
2.788772e-007,0.00015043762
2.792772e-007,1.8092155e-005
2.796772e-007,0.00016514267
2.800772e-007,3.2797207e-005
2.804772e-007,-5.5433105e-005
2.808772e-007,0.00035630835
2.812772e-007,3.2797207e-005
2.816772e-007,0.00016514267
2.820772e-007,0.00041512856
2.824772e-007,-1.1317949e-005
2.828772e-007,0.00013573257
2.832772e-007,0.00020925783
2.836772e-007,7.6912363e-005
2.840772e-007,0.00017984773
2.844772e-007,9.1617415e-005
2.848772e-007,3.3871028e-006
2.852772e-007,0.00023866793
2.856772e-007,0.00015043762
2.860772e-007,7.6912363e-005
2.864772e-007,4.7502259e-005
2.868772e-007,0.00010632247
2.872772e-007,0.00012102752
2.876772e-007,-0.00017307352
2.880772e-007,0.00017984773
2.884772e-007,6.2207311e-005
2.888772e-007,0.00023866793
2.892772e-007,0.00017984773
2.896772e-007,0.00025337299
2.900772e-007,-0.00011425331
2.904772e-007,0.00017984773
2.908772e-007,0.00010632247
2.912772e-007,0.00020925783
2.916772e-007,7.6912363e-005
2.920772e-007,3.2797207e-005
2.924772e-007,3.2797207e-005
2.928772e-007,-0.00015836847
2.932772e-007,0.00032689825
2.936772e-007,0.00010632247
2.940772e-007,-0.00011425331
2.944772e-007,0.00017984773
2.948772e-007,9.1617415e-005
2.952772e-007,-5.5433105e-005
2.956772e-007,0.00025337299
2.960772e-007,-4.0728053e-005
2.964772e-007,0.00026807804
2.968772e-007,0.00010632247
2.972772e-007,-5.5433105e-005
2.976772e-007,0.00019455278
2.980772e-007,3.3871028e-006
2.984772e-007,-1.1317949e-005
2.988772e-007,-8.4843209e-005
2.992772e-007,3.2797207e-005
2.996772e-007,0.00012102752
3.000772e-007,1.8092155e-005
3.004772e-007,4.7502259e-005
3.008772e-007,0.00016514267
3.012772e-007,-7.0138157e-005
3.016772e-007,0.00031219319
3.020772e-007,-1.1317949e-005
3.024772e-007,-0.00011425331
3.028772e-007,-1.1317949e-005
3.032772e-007,0.00010632247
3.036772e-007,0.00013573257
3.040772e-007,0.00022396288
3.044772e-007,-0.00014366342
3.048772e-007,0.00025337299
3.052772e-007,-0.00020248362
3.056772e-007,0.00038571845
3.060772e-007,9.1617415e-005
3.064772e-007,0.00032689825
3.068772e-007,7.6912363e-005
3.072772e-007,0.00016514267
3.076772e-007,-1.1317949e-005
3.080772e-007,0.00022396288
3.084772e-007,4.7502259e-005
3.088772e-007,0.00010632247
3.092772e-007,-5.5433105e-005
3.096772e-007,0.00012102752
3.100772e-007,3.2797207e-005
3.104772e-007,1.8092155e-005
3.108772e-007,7.6912363e-005
3.112772e-007,0.00019455278
3.116772e-007,6.2207311e-005
3.120772e-007,0.00013573257
3.124772e-007,6.2207311e-005
3.128772e-007,0.00012102752
3.132772e-007,4.7502259e-005
3.136772e-007,-9.9548261e-005
3.140772e-007,0.00010632247
3.144772e-007,-0.00011425331
3.148772e-007,9.1617415e-005
3.152772e-007,0.00013573257
3.156772e-007,1.8092155e-005
3.160772e-007,0.00022396288
3.164772e-007,-0.00021718868
3.168772e-007,0.00019455278
3.172772e-007,-0.00020248362
3.176772e-007,0.00016514267
3.180772e-007,7.6912363e-005
3.184772e-007,0.00020925783
3.188772e-007,0.00010632247
3.192772e-007,0.00028278309
3.196772e-007,-2.6023001e-005
3.200772e-007,0.00029748814
3.204772e-007,0.00012102752
3.208772e-007,7.6912363e-005
3.212772e-007,0.00013573257
3.216772e-007,0.00022396288
3.220772e-007,0.00013573257
3.224772e-007,-2.6023001e-005
3.228772e-007,0.00023866793
3.232772e-007,0.00019455278
3.236772e-007,3.3871028e-006
3.240772e-007,0.00020925783
3.244772e-007,4.7502259e-005
3.248772e-007,0.00012102752
3.252772e-007,9.1617415e-005
3.256772e-007,0.00019455278
3.260772e-007,3.3871028e-006
3.264772e-007,4.7502259e-005
3.268772e-007,0.0003710134
3.272772e-007,1.8092155e-005
3.276772e-007,0.00025337299
3.280772e-007,0.00017984773
3.284772e-007,-1.1317949e-005
3.288772e-007,0.00016514267
3.292772e-007,7.6912363e-005
3.296772e-007,0.00019455278
3.300772e-007,1.8092155e-005
3.304772e-007,6.2207311e-005
3.308772e-007,0.00010632247
3.312772e-007,3.2797207e-005
3.316772e-007,0.00015043762
3.320772e-007,0.00015043762
3.324772e-007,0.00017984773
3.328772e-007,-5.5433105e-005
3.332772e-007,0.00028278309
3.336772e-007,7.6912363e-005
3.340772e-007,3.2797207e-005
3.344772e-007,-8.4843209e-005
3.348772e-007,9.1617415e-005
3.352772e-007,7.6912363e-005
3.356772e-007,4.7502259e-005
3.360772e-007,0.00016514267
3.364772e-007,0.00013573257
3.368772e-007,0.00015043762
3.372772e-007,-0.00014366342
3.376772e-007,-8.4843209e-005
3.380772e-007,9.1617415e-005
3.384772e-007,6.2207311e-005
3.388772e-007,0.00013573257
3.392772e-007,-0.00011425331
3.396772e-007,0.00010632247
3.400772e-007,0.00012102752
3.404772e-007,-2.6023001e-005
3.408772e-007,-0.00017307352
3.412772e-007,9.1617415e-005
3.416772e-007,0.00028278309
3.420772e-007,-0.00011425331
3.424772e-007,9.1617415e-005
3.428772e-007,-4.0728053e-005
3.432772e-007,0.00020925783
3.436772e-007,0.00025337299
3.440772e-007,0.00010632247
3.444772e-007,0.00015043762
3.448772e-007,6.2207311e-005
3.452772e-007,0.00015043762
3.456772e-007,4.7502259e-005
3.460772e-007,9.1617415e-005
3.464772e-007,0.00020925783
3.468772e-007,0.00023866793
3.472772e-007,0.00019455278
3.476772e-007,0.00010632247
3.480772e-007,0.00012102752
3.484772e-007,0.00020925783
3.488772e-007,0.00015043762
3.492772e-007,-0.00012895836
3.496772e-007,0.00022396288
3.500772e-007,4.7502259e-005
3.504772e-007,-8.4843209e-005
3.508772e-007,0.00019455278
3.512772e-007,1.8092155e-005
3.516772e-007,6.2207311e-005
3.520772e-007,3.2797207e-005
3.524772e-007,-0.00026130383
3.528772e-007,0.00044453866
3.532772e-007,6.2207311e-005
3.536772e-007,0.00016514267
3.540772e-007,-1.1317949e-005
3.544772e-007,0.00016514267
3.548772e-007,6.2207311e-005
3.552772e-007,0.00025337299
3.556772e-007,0.00015043762
3.560772e-007,-8.4843209e-005
3.564772e-007,0.00020925783
3.568772e-007,-0.00014366342
3.572772e-007,0.00045924371
3.576772e-007,-4.0728053e-005
3.580772e-007,0.00032689825
3.584772e-007,-5.5433105e-005
3.588772e-007,0.00050335887
3.592772e-007,-5.5433105e-005
3.596772e-007,0.00015043762
3.600772e-007,0.0003710134
3.604772e-007,0.00012102752
3.608772e-007,-0.00017307352
3.612772e-007,4.7502259e-005
3.616772e-007,1.8092155e-005
3.620772e-007,-7.0138157e-005
3.624772e-007,1.8092155e-005
3.628772e-007,6.2207311e-005
3.632772e-007,6.2207311e-005
3.636772e-007,0.00010632247
3.640772e-007,4.7502259e-005
3.644772e-007,7.6912363e-005
3.648772e-007,0.00017984773
3.652772e-007,0.0003710134
3.656772e-007,0.00015043762
3.660772e-007,0.00017984773
3.664772e-007,-0.00012895836
3.668772e-007,0.00026807804
3.672772e-007,-7.0138157e-005
3.676772e-007,0.00016514267
3.680772e-007,-9.9548261e-005
3.684772e-007,0.00016514267
3.688772e-007,0.00010632247
3.692772e-007,0.00025337299
3.696772e-007,0.00016514267
3.700772e-007,0.00013573257
3.704772e-007,3.2797207e-005
3.708772e-007,0.00013573257
3.712772e-007,0.00023866793
3.716772e-007,0.00010632247
3.720772e-007,7.6912363e-005
3.724772e-007,0.00013573257
3.728772e-007,3.2797207e-005
3.732772e-007,4.7502259e-005
3.736772e-007,0.00016514267
3.740772e-007,4.7502259e-005
3.744772e-007,0.00010632247
3.748772e-007,0.00016514267
3.752772e-007,0.00010632247
3.756772e-007,-1.1317949e-005
3.760772e-007,0.00026807804
3.764772e-007,-9.9548261e-005
3.768772e-007,0.00016514267
3.772772e-007,0.00017984773
3.776772e-007,3.3871028e-006
3.780772e-007,0.0003710134
3.784772e-007,7.6912363e-005
3.788772e-007,0.00016514267
3.792772e-007,3.2797207e-005
3.796772e-007,0.00013573257
3.800772e-007,-1.1317949e-005
3.804772e-007,3.2797207e-005
3.808772e-007,-9.9548261e-005
3.812772e-007,0.00019455278
3.816772e-007,0.00015043762
3.820772e-007,-1.1317949e-005
3.824772e-007,3.2797207e-005
3.828772e-007,0.00015043762
3.832772e-007,0.00013573257
3.836772e-007,0.00012102752
3.840772e-007,0.00026807804
3.844772e-007,0.00010632247
3.848772e-007,-2.6023001e-005
3.852772e-007,3.2797207e-005
3.856772e-007,9.1617415e-005
3.860772e-007,9.1617415e-005
3.864772e-007,-2.6023001e-005
3.868772e-007,0.00015043762
3.872772e-007,0.00026807804
3.876772e-007,-0.00018777857
3.880772e-007,0.00031219319
3.884772e-007,0.00015043762
3.888772e-007,-1.1317949e-005
3.892772e-007,0.00010632247
3.896772e-007,-0.00026130383
3.900772e-007,0.00022396288
3.904772e-007,-0.00014366342
3.908772e-007,1.8092155e-005
3.912772e-007,6.2207311e-005
3.916772e-007,0.00013573257
3.920772e-007,0.00012102752
3.924772e-007,0.00015043762
3.928772e-007,0.00019455278
3.932772e-007,-2.6023001e-005
3.936772e-007,7.6912363e-005
3.940772e-007,-4.0728053e-005
3.944772e-007,-1.1317949e-005
3.948772e-007,3.2797207e-005
3.952772e-007,0.00016514267
3.956772e-007,-4.0728053e-005
3.960772e-007,-8.4843209e-005
3.964772e-007,0.00029748814
3.968772e-007,-9.9548261e-005
3.972772e-007,0.00025337299
3.976772e-007,0.00012102752
3.980772e-007,0.00016514267
3.984772e-007,0.00016514267
3.988772e-007,-0.00011425331
3.992772e-007,6.2207311e-005
3.996772e-007,4.7502259e-005
4.000772e-007,0.00010632247
4.004772e-007,-2.6023001e-005
4.008772e-007,0.00016514267
4.012772e-007,-8.4843209e-005
4.016772e-007,0.00013573257
4.020772e-007,9.1617415e-005
4.024772e-007,4.7502259e-005
4.028772e-007,0.00012102752
4.032772e-007,4.7502259e-005
4.036772e-007,0.00015043762
4.040772e-007,0.0003710134
4.044772e-007,6.2207311e-005
4.048772e-007,0.0003710134
4.052772e-007,0.00010632247
4.056772e-007,0.00013573257
4.060772e-007,7.6912363e-005
4.064772e-007,0.00017984773
4.068772e-007,7.6912363e-005
4.072772e-007,-1.1317949e-005
4.076772e-007,0.00017984773
4.080772e-007,0.00013573257
4.084772e-007,0.00016514267
4.088772e-007,0.00019455278
4.092772e-007,0.00025337299
4.096772e-007,0.00020925783
4.100772e-007,9.1617415e-005
4.104772e-007,-8.4843209e-005
4.108772e-007,0.00028278309
4.112772e-007,-0.00015836847
4.116772e-007,9.1617415e-005
4.120772e-007,0.00017984773
4.124772e-007,4.7502259e-005
4.128772e-007,-7.0138157e-005
4.132772e-007,-0.00021718868
4.136772e-007,0.00015043762
4.140772e-007,6.2207311e-005
4.144772e-007,0.00017984773
4.148772e-007,4.7502259e-005
4.152772e-007,0.00017984773
4.156772e-007,0.00028278309
4.160772e-007,4.7502259e-005
4.164772e-007,0.00023866793
4.168772e-007,0.00012102752
4.172772e-007,-0.00012895836
4.176772e-007,4.7502259e-005
4.180772e-007,3.3871028e-006
4.184772e-007,9.1617415e-005
4.188772e-007,3.3871028e-006
4.192772e-007,1.8092155e-005
4.196772e-007,-7.0138157e-005
4.200772e-007,0.00032689825
4.204772e-007,1.8092155e-005
4.208772e-007,0.00015043762
4.212772e-007,0.00019455278
4.216772e-007,3.2797207e-005
4.220772e-007,0.00016514267
4.224772e-007,0.00010632247
4.228772e-007,-5.5433105e-005
4.232772e-007,-2.6023001e-005
4.236772e-007,7.6912363e-005
4.240772e-007,-5.5433105e-005
4.244772e-007,0.00012102752
4.248772e-007,0.00019455278
4.252772e-007,-0.00011425331
4.256772e-007,0.00023866793
4.260772e-007,0.00019455278
4.264772e-007,4.7502259e-005
4.268772e-007,0.00016514267
4.272772e-007,3.2797207e-005
4.276772e-007,0.00025337299
4.280772e-007,9.1617415e-005
4.284772e-007,0.00016514267
4.288772e-007,0.00025337299
4.292772e-007,3.3871028e-006
4.296772e-007,0.00013573257
4.300772e-007,3.2797207e-005
4.304772e-007,0.00040042351
4.308772e-007,3.2797207e-005
4.312772e-007,1.8092155e-005
4.316772e-007,6.2207311e-005
4.320772e-007,0.00012102752
4.324772e-007,0.00020925783
4.328772e-007,1.8092155e-005
4.332772e-007,4.7502259e-005
4.336772e-007,0.00026807804
4.340772e-007,0.00015043762
4.344772e-007,3.3871028e-006
4.348772e-007,0.00020925783
4.352772e-007,3.2797207e-005
4.356772e-007,0.00035630835
4.360772e-007,-0.00018777857
4.364772e-007,0.00038571845
4.368772e-007,-7.0138157e-005
4.372772e-007,0.00023866793
4.376772e-007,-0.00017307352
4.380772e-007,0.00019455278
4.384772e-007,4.7502259e-005
4.388772e-007,0.00020925783
4.392772e-007,0.00028278309
4.396772e-007,7.6912363e-005
4.400772e-007,0.00019455278
4.404772e-007,6.2207311e-005
4.408772e-007,0.00022396288
4.412772e-007,0.00022396288
4.416772e-007,0.00023866793
4.420772e-007,0.00020925783
4.424772e-007,-1.1317949e-005
4.428772e-007,-1.1317949e-005
4.432772e-007,0.00012102752
4.436772e-007,0.00026807804
4.440772e-007,0.00017984773
4.444772e-007,-1.1317949e-005
4.448772e-007,0.00032689825
4.452772e-007,0.00012102752
4.456772e-007,-4.0728053e-005
4.460772e-007,-0.00015836847
4.464772e-007,0.00010632247
4.468772e-007,0.00015043762
4.472772e-007,0.00013573257
4.476772e-007,3.2797207e-005
4.480772e-007,-8.4843209e-005
4.484772e-007,0.00031219319
4.488772e-007,-0.00012895836
4.492772e-007,0.00016514267
4.496772e-007,0.00017984773
4.500772e-007,0.00016514267
4.504772e-007,0.00012102752
4.508772e-007,1.8092155e-005
4.512772e-007,0.00019455278
4.516772e-007,3.3871028e-006
4.520772e-007,0.00028278309
4.524772e-007,-0.00014366342
4.528772e-007,0.00020925783
4.532772e-007,-9.9548261e-005
4.536772e-007,0.00025337299
4.540772e-007,4.7502259e-005
4.544772e-007,7.6912363e-005
4.548772e-007,3.2797207e-005
4.552772e-007,0.00010632247
4.556772e-007,0.0003416033
4.560772e-007,1.8092155e-005
4.564772e-007,0.00013573257
4.568772e-007,0.0003416033
4.572772e-007,0.00022396288
4.576772e-007,0.00029748814
4.580772e-007,0.00015043762
4.584772e-007,0.00023866793
4.588772e-007,-0.00011425331
4.592772e-007,0.00013573257
4.596772e-007,0.00010632247
4.600772e-007,0.00028278309
4.604772e-007,3.3871028e-006
4.608772e-007,-1.1317949e-005
4.612772e-007,0.00012102752
4.616772e-007,-0.00011425331
4.620772e-007,0.00016514267
4.624772e-007,3.3871028e-006
4.628772e-007,9.1617415e-005
4.632772e-007,0.00015043762
4.636772e-007,-8.4843209e-005
4.640772e-007,0.00020925783
4.644772e-007,-7.0138157e-005
4.648772e-007,0.00031219319
4.652772e-007,-0.00012895836
4.656772e-007,0.00028278309
4.660772e-007,0.00010632247
4.664772e-007,-5.5433105e-005
4.668772e-007,-9.9548261e-005
4.672772e-007,-4.0728053e-005
4.676772e-007,3.3871028e-006
4.680772e-007,0.00023866793
4.684772e-007,0.00010632247
4.688772e-007,0.00012102752
4.692772e-007,7.6912363e-005
4.696772e-007,0.00010632247
4.700772e-007,0.00013573257
4.704772e-007,4.7502259e-005
4.708772e-007,0.00023866793
4.712772e-007,0.00017984773
4.716772e-007,-5.5433105e-005
4.720772e-007,0.00031219319
4.724772e-007,-4.0728053e-005
4.728772e-007,-8.4843209e-005
4.732772e-007,0.0003416033
4.736772e-007,-7.0138157e-005
4.740772e-007,0.00012102752
4.744772e-007,9.1617415e-005
4.748772e-007,4.7502259e-005
4.752772e-007,0.00010632247
4.756772e-007,9.1617415e-005
4.760772e-007,-0.00024659878
4.764772e-007,0.00023866793
4.768772e-007,-5.5433105e-005
4.772772e-007,0.00023866793
4.776772e-007,9.1617415e-005
4.780772e-007,1.8092155e-005
4.784772e-007,3.3871028e-006
4.788772e-007,3.2797207e-005
4.792772e-007,9.1617415e-005
4.796772e-007,6.2207311e-005
4.800772e-007,0.00022396288
4.804772e-007,0.00012102752
4.808772e-007,3.3871028e-006
4.812772e-007,0.00031219319
4.816772e-007,0.00016514267
4.820772e-007,4.7502259e-005
4.824772e-007,-4.0728053e-005
4.828772e-007,-7.0138157e-005
4.832772e-007,0.00010632247
4.836772e-007,4.7502259e-005
4.840772e-007,7.6912363e-005
4.844772e-007,3.3871028e-006
4.848772e-007,0.00017984773
4.852772e-007,1.8092155e-005
4.856772e-007,0.00026807804
4.860772e-007,0.00013573257
4.864772e-007,-1.1317949e-005
4.868772e-007,0.00015043762
4.872772e-007,-0.00011425331
4.876772e-007,0.00010632247
4.880772e-007,9.1617415e-005
4.884772e-007,-2.6023001e-005
4.888772e-007,-5.5433105e-005
4.892772e-007,9.1617415e-005
4.896772e-007,0.00020925783
4.900772e-007,0.00013573257
4.904772e-007,1.8092155e-005
4.908772e-007,0.00019455278
4.912772e-007,-8.4843209e-005
4.916772e-007,0.00017984773
4.920772e-007,-7.0138157e-005
4.924772e-007,0.00022396288
4.928772e-007,0.00020925783
4.932772e-007,0.00029748814
4.936772e-007,0.00010632247
4.940772e-007,0.00020925783
4.944772e-007,0.00016514267
4.948772e-007,4.7502259e-005
4.952772e-007,4.7502259e-005
4.956772e-007,0.00025337299
4.960772e-007,-0.00011425331
4.964772e-007,0.00016514267
4.968772e-007,0.00026807804
4.972772e-007,7.6912363e-005
4.976772e-007,9.1617415e-005
4.980772e-007,0.00023866793
4.984772e-007,0.00041512856
4.988772e-007,9.1617415e-005
4.992772e-007,0.00012102752
4.996772e-007,-0.00017307352
5.000772e-007,-2.6023001e-005
5.004772e-007,0.00023866793
5.008772e-007,0.00012102752
5.012772e-007,-4.0728053e-005
5.016772e-007,7.6912363e-005
5.020772e-007,-8.4843209e-005
5.024772e-007,-2.6023001e-005
5.028772e-007,0.00020925783
5.032772e-007,0.00012102752
5.036772e-007,0.00016514267
5.040772e-007,4.7502259e-005
5.044772e-007,9.1617415e-005
5.048772e-007,0.00019455278
5.052772e-007,0.00025337299
5.056772e-007,0.00022396288
5.060772e-007,9.1617415e-005
5.064772e-007,-0.00012895836
5.068772e-007,-4.0728053e-005
5.072772e-007,1.8092155e-005
5.076772e-007,9.1617415e-005
5.080772e-007,7.6912363e-005
5.084772e-007,9.1617415e-005
5.088772e-007,0.00012102752
5.092772e-007,0.00035630835
5.096772e-007,0.00010632247
5.100772e-007,0.00010632247
5.104772e-007,1.8092155e-005
5.108772e-007,0.0003710134
5.112772e-007,9.1617415e-005
5.116772e-007,7.6912363e-005
5.120772e-007,0.00023866793
5.124772e-007,-4.0728053e-005
5.128772e-007,0.00015043762
5.132772e-007,-2.6023001e-005
5.136772e-007,0.00020925783
5.140772e-007,6.2207311e-005
5.144772e-007,1.8092155e-005
5.148772e-007,0.00019455278
5.152772e-007,-0.00018777857
5.156772e-007,0.00040042351
5.160772e-007,0.00015043762
5.164772e-007,0.00032689825
5.168772e-007,-9.9548261e-005
5.172772e-007,0.00028278309
5.176772e-007,3.3871028e-006
5.180772e-007,0.00015043762
5.184772e-007,7.6912363e-005
5.188772e-007,0.00041512856
5.192772e-007,0.00016514267
5.196772e-007,0.00012102752
5.200772e-007,0.00031219319
5.204772e-007,-2.6023001e-005
5.208772e-007,0.00025337299
5.212772e-007,4.7502259e-005
5.216772e-007,0.00010632247
5.220772e-007,0.00012102752
5.224772e-007,9.1617415e-005
5.228772e-007,3.3871028e-006
5.232772e-007,0.00010632247
5.236772e-007,0.00015043762
5.240772e-007,0.00013573257
5.244772e-007,-8.4843209e-005
5.248772e-007,1.8092155e-005
5.252772e-007,0.00016514267
5.256772e-007,7.6912363e-005
5.260772e-007,0.00017984773
5.264772e-007,0.00010632247
5.268772e-007,0.00031219319
5.272772e-007,-4.0728053e-005
5.276772e-007,0.00022396288
5.280772e-007,0.00023866793
5.284772e-007,0.00022396288
5.288772e-007,0.00016514267
5.292772e-007,4.7502259e-005
5.296772e-007,-0.00011425331
5.300772e-007,7.6912363e-005
5.304772e-007,1.8092155e-005
5.308772e-007,9.1617415e-005
5.312772e-007,4.7502259e-005
5.316772e-007,9.1617415e-005
5.320772e-007,6.2207311e-005
5.324772e-007,0.00010632247
5.328772e-007,0.00026807804
5.332772e-007,9.1617415e-005
5.336772e-007,1.8092155e-005
5.340772e-007,0.00017984773
5.344772e-007,4.7502259e-005
5.348772e-007,4.7502259e-005
5.352772e-007,9.1617415e-005
5.356772e-007,-9.9548261e-005
5.360772e-007,0.00015043762
5.364772e-007,0.00025337299
5.368772e-007,-1.1317949e-005
5.372772e-007,0.00013573257
5.376772e-007,0.00015043762
5.380772e-007,-8.4843209e-005
5.384772e-007,0.00012102752
5.388772e-007,0.00019455278
5.392772e-007,3.2797207e-005
5.396772e-007,0.00023866793
5.400772e-007,3.2797207e-005
5.404772e-007,0.00019455278
5.408772e-007,4.7502259e-005
5.412772e-007,0.0003416033
5.416772e-007,9.1617415e-005
5.420772e-007,0.00028278309
5.424772e-007,0.00013573257
5.428772e-007,0.00023866793
5.432772e-007,-2.6023001e-005
5.436772e-007,0.00019455278
5.440772e-007,4.7502259e-005
5.444772e-007,0.00010632247
5.448772e-007,-0.00011425331
5.452772e-007,0.00025337299
5.456772e-007,4.7502259e-005
5.460772e-007,0.00031219319
5.464772e-007,4.7502259e-005
5.468772e-007,-0.00018777857
5.472772e-007,0.00019455278
5.476772e-007,-4.0728053e-005
5.480772e-007,-2.6023001e-005
5.484772e-007,0.00031219319
5.488772e-007,6.2207311e-005
5.492772e-007,0.00026807804
5.496772e-007,0.00019455278
5.500772e-007,0.00016514267
5.504772e-007,1.8092155e-005
5.508772e-007,3.3871028e-006
5.512772e-007,-0.00015836847
5.516772e-007,0.00016514267
5.520772e-007,3.3871028e-006
5.524772e-007,1.8092155e-005
5.528772e-007,4.7502259e-005
5.532772e-007,1.8092155e-005
5.536772e-007,1.8092155e-005
5.540772e-007,0.00016514267
5.544772e-007,0.00023866793
5.548772e-007,1.8092155e-005
5.552772e-007,0.00012102752
5.556772e-007,-1.1317949e-005
5.560772e-007,0.0003710134
5.564772e-007,-8.4843209e-005
5.568772e-007,0.00028278309
5.572772e-007,-7.0138157e-005
5.576772e-007,0.00013573257
5.580772e-007,-9.9548261e-005
5.584772e-007,0.00020925783
5.588772e-007,9.1617415e-005
5.592772e-007,6.2207311e-005
5.596772e-007,-0.00012895836
5.600772e-007,0.00016514267
5.604772e-007,-0.00012895836
5.608772e-007,0.00015043762
5.612772e-007,-0.00030541899
5.616772e-007,0.00020925783
5.620772e-007,0.00015043762
5.624772e-007,-0.00065834023
5.628772e-007,-0.0050992659
5.632772e-007,-0.0018641545
5.636772e-007,-0.0031876092
5.640772e-007,0.0122674
5.644772e-007,-0.0073638439
5.648772e-007,0.0039737511
5.652772e-007,0.003664945
5.656772e-007,-0.0018053343
5.660772e-007,0.0078852949
5.664772e-007,0.0073117979
5.668772e-007,0.0018562236
5.672772e-007,0.0083999718
5.676772e-007,0.0048119391
5.680772e-007,0.0041060966
5.684772e-007,0.010826305
5.688772e-007,0.0071794525
5.692772e-007,0.0071500424
5.696772e-007,0.011076291
5.700772e-007,0.0071059272
5.704772e-007,0.009605786
5.708772e-007,0.012620322
5.712772e-007,0.0088264183
5.716772e-007,0.011546853
5.720772e-007,0.011738019
5.724772e-007,0.0081499859
5.728772e-007,0.012473271
5.732772e-007,0.011899774
5.736772e-007,0.010899831
5.740772e-007,0.01345851
5.744772e-007,0.011679198
5.748772e-007,0.010899831
5.752772e-007,0.01503195
5.756772e-007,0.011767429
5.760772e-007,0.011458623
5.764772e-007,0.014384928
5.768772e-007,0.011605673
5.772772e-007,0.011046881
5.776772e-007,0.013267344
5.780772e-007,0.011517443
5.784772e-007,0.0122674
5.788772e-007,0.012443861
5.792772e-007,0.011223342
5.796772e-007,0.012076235
5.800772e-007,0.012576207
5.804772e-007,0.010385154
5.808772e-007,0.013620265
5.812772e-007,0.011738019
5.816772e-007,0.010767485
5.820772e-007,0.012017415
5.824772e-007,0.011370392
5.828772e-007,0.0095469658
5.832772e-007,0.011899774
5.836772e-007,0.010385154
5.840772e-007,0.011164522
5.844772e-007,0.010149873
5.848772e-007,0.010679255
5.852772e-007,0.011899774
5.856772e-007,0.0096204911
5.860772e-007,0.010076348
5.864772e-007,0.012532091
5.868772e-007,0.0095616709
5.872772e-007,0.0083264465
5.876772e-007,0.010988061
5.880772e-007,0.0099587073
5.884772e-007,0.0081646909
5.888772e-007,0.010414564
5.892772e-007,0.0093410951
5.896772e-007,0.0098557719
5.900772e-007,0.0097087214
5.904772e-007,0.0076500141
5.908772e-007,0.0097234264
5.912772e-007,0.0095616709
5.916772e-007,0.0075911939
5.920772e-007,0.0085617273
5.924772e-007,0.010017527
5.928772e-007,0.0076500141
5.932772e-007,0.0080911657
5.936772e-007,0.008179396
5.940772e-007,0.0077823596
5.944772e-007,0.0080176404
5.948772e-007,0.0083852667
5.952772e-007,0.0064589049
5.956772e-007,0.0076500141
5.960772e-007,0.0072382727
5.964772e-007,0.0070765171
5.968772e-007,0.0075617838
5.972772e-007,0.0076794242
5.976772e-007,0.0066500706
5.980772e-007,0.0076353091
5.984772e-007,0.0066794807
5.988772e-007,0.0079147051
5.992772e-007,0.005341321
5.996772e-007,0.0064441999
6.000772e-007,0.0063559695
6.004772e-007,0.0054442563
6.008772e-007,0.0059883432
6.012772e-007,0.0066206605
6.016772e-007,0.0060618685
6.020772e-007,0.0062971493
6.024772e-007,0.0066353655
6.028772e-007,0.0055766018
6.032772e-007,0.0059442281
6.036772e-007,0.0067824161
6.040772e-007,0.0042531471
6.044772e-007,0.0057236523
6.048772e-007,0.0048707593
6.052772e-007,0.0043266724
6.056772e-007,0.0062383291
6.060772e-007,0.0043266724
6.064772e-007,0.0047384138
6.068772e-007,0.0058854079
6.072772e-007,0.0043560825
6.076772e-007,0.0041355067
6.080772e-007,0.0055913068
6.084772e-007,0.0041355067
6.088772e-007,0.0040766865
6.092772e-007,0.0043413774
6.096772e-007,0.0044296077
6.100772e-007,0.0031943834
6.104772e-007,0.0041943269
6.108772e-007,0.0037531754
6.112772e-007,0.0034737794
6.116772e-007,0.0034737794
6.120772e-007,0.0028855773
6.124772e-007,0.0041355067
6.128772e-007,0.0035767147
6.132772e-007,0.0038561107
6.136772e-007,0.0039590461
6.140772e-007,0.0028267571
6.144772e-007,0.0031796783
6.148772e-007,0.0028414621
6.152772e-007,0.0022238499
6.156772e-007,0.0035473046
6.160772e-007,0.0027091167
6.164772e-007,0.0032973187
6.168772e-007,0.0028561672
6.172772e-007,0.0024444257
6.176772e-007,0.0031943834
6.180772e-007,0.0021944398
6.184772e-007,0.0031208581
6.188772e-007,0.0025473611
6.192772e-007,0.0026061813
6.196772e-007,0.0018709287
6.200772e-007,0.0015768277
6.204772e-007,0.0025767712
6.208772e-007,0.0017826984
6.212772e-007,0.0019738641
6.216772e-007,0.0025032459
6.220772e-007,0.0016503529
6.224772e-007,0.0020620944
6.228772e-007,0.0021062095
6.232772e-007,0.0021797348
6.236772e-007,0.0021356196
6.240772e-007,0.0013562519
6.244772e-007,0.0017679933
6.248772e-007,0.0013268418
6.252772e-007,0.0013121367
6.256772e-007,0.001679763
6.260772e-007,0.0015180075
6.264772e-007,0.0018415186
6.268772e-007,0.001665058
6.272772e-007,0.0013268418
6.276772e-007,0.0016209428
6.280772e-007,0.0013268418
6.284772e-007,0.0018562236
6.288772e-007,0.0015033024
6.292772e-007,0.0011944963
6.296772e-007,0.0013268418
6.300772e-007,0.00084157506
6.304772e-007,0.00062099928
6.308772e-007,0.0014150721
6.312772e-007,0.0016356479
6.316772e-007,0.0018121085
6.320772e-007,0.00095921548
6.324772e-007,0.0015621226
6.328772e-007,0.00059158918
6.332772e-007,0.00085628012
6.336772e-007,0.00053276897
6.340772e-007,0.00094451043
6.344772e-007,0.00065040939
6.348772e-007,0.00098862558
6.352772e-007,0.00023866793
6.356772e-007,0.0010327407
6.360772e-007,0.00066511444
6.364772e-007,0.0012386115
6.368772e-007,0.00060629423
6.372772e-007,0.0012239064
6.376772e-007,0.00095921548
6.380772e-007,0.00082687001
6.384772e-007,0.00087098517
6.388772e-007,0.0010621508
6.392772e-007,0.00053276897
6.396772e-007,0.00054747402
6.400772e-007,0.00032689825
6.404772e-007,0.00092980538
6.408772e-007,7.6912363e-005
6.412772e-007,0.00044453866
6.416772e-007,0.00084157506
6.420772e-007,0.00048865382
6.424772e-007,0.00040042351
6.428772e-007,0.00042983361
6.432772e-007,0.00060629423
6.436772e-007,0.00087098517
6.440772e-007,0.00013573257
6.444772e-007,0.00022396288
6.448772e-007,0.00025337299
6.452772e-007,0.00050335887
6.456772e-007,-1.1317949e-005
6.460772e-007,0.00022396288
6.464772e-007,0.00088569022
6.468772e-007,0.00044453866
6.472772e-007,0.00010632247
6.476772e-007,-0.00011425331
6.480772e-007,0.00031219319
6.484772e-007,-0.00012895836
6.488772e-007,0.00012102752
6.492772e-007,-2.6023001e-005
6.496772e-007,0.00032689825
6.500772e-007,0.00059158918
6.504772e-007,0.00016514267
6.508772e-007,0.00012102752
6.512772e-007,0.00072393465
6.516772e-007,4.7502259e-005
6.520772e-007,0.00032689825
6.524772e-007,3.3871028e-006
6.528772e-007,0.00053276897
6.532772e-007,-0.00024659878
6.536772e-007,3.3871028e-006
6.540772e-007,-2.6023001e-005
6.544772e-007,0.00026807804
6.548772e-007,0.00012102752
6.552772e-007,0.00017984773
6.556772e-007,9.1617415e-005
6.560772e-007,0.00066511444
6.564772e-007,-0.00034953414
6.568772e-007,0.00044453866
6.572772e-007,0.00020925783
6.576772e-007,0.00016514267
6.580772e-007,3.2797207e-005
6.584772e-007,0.00015043762
6.588772e-007,0.00045924371
6.592772e-007,0.00022396288
6.596772e-007,-8.4843209e-005
6.600772e-007,-0.00012895836
6.604772e-007,0.00012102752
6.608772e-007,-7.0138157e-005
6.612772e-007,-1.1317949e-005
6.616772e-007,0.00051806392
6.620772e-007,-0.00024659878
6.624772e-007,0.00016514267
6.628772e-007,3.3871028e-006
6.632772e-007,-0.00017307352
6.636772e-007,6.2207311e-005
6.640772e-007,0.00016514267
6.644772e-007,0.0003416033
6.648772e-007,0.00015043762
6.652772e-007,7.6912363e-005
6.656772e-007,-2.6023001e-005
6.660772e-007,-8.4843209e-005
6.664772e-007,4.7502259e-005
6.668772e-007,0.00029748814
6.672772e-007,-7.0138157e-005
6.676772e-007,0.00022396288
6.680772e-007,0.00032689825
6.684772e-007,0.0003710134
6.688772e-007,-0.00015836847
6.692772e-007,0.00042983361
6.696772e-007,0.00023866793
6.700772e-007,9.1617415e-005
6.704772e-007,1.8092155e-005
6.708772e-007,6.2207311e-005
6.712772e-007,3.3871028e-006
6.716772e-007,-5.5433105e-005
6.720772e-007,0.00016514267
6.724772e-007,0.00010632247
6.728772e-007,0.00019455278
6.732772e-007,-7.0138157e-005
6.736772e-007,0.00012102752
6.740772e-007,-9.9548261e-005
6.744772e-007,1.8092155e-005
6.748772e-007,-2.6023001e-005
6.752772e-007,-0.00012895836
6.756772e-007,-0.00020248362
6.760772e-007,-0.0003936493
6.764772e-007,0.00013573257
6.768772e-007,0.00010632247
6.772772e-007,0.00015043762
6.776772e-007,0.00042983361
6.780772e-007,7.6912363e-005
6.784772e-007,-1.1317949e-005
6.788772e-007,-2.6023001e-005
6.792772e-007,-5.5433105e-005
6.796772e-007,3.3871028e-006
6.800772e-007,-0.00017307352
6.804772e-007,-0.00014366342
6.808772e-007,0.00022396288
6.812772e-007,-0.00021718868
6.816772e-007,-0.00024659878
6.820772e-007,0.00016514267
6.824772e-007,-4.0728053e-005
6.828772e-007,-0.00032012404
6.832772e-007,6.2207311e-005
6.836772e-007,-0.00023189373
6.840772e-007,9.1617415e-005
6.844772e-007,-0.00033482909
6.848772e-007,-5.5433105e-005
6.852772e-007,0.00012102752
6.856772e-007,0.00010632247
6.860772e-007,-0.00027600888
6.864772e-007,0.00020925783
6.868772e-007,0.00019455278
6.872772e-007,-0.00026130383
6.876772e-007,-0.00032012404
6.880772e-007,-0.0004230594
6.884772e-007,9.1617415e-005
6.888772e-007,-0.00026130383
6.892772e-007,0.00081216496
6.896772e-007,-0.00014366342
6.900772e-007,-0.00032012404
6.904772e-007,6.2207311e-005
6.908772e-007,-2.6023001e-005
6.912772e-007,9.1617415e-005
6.916772e-007,4.7502259e-005
6.920772e-007,-0.00029071394
6.924772e-007,-0.00011425331
6.928772e-007,3.2797207e-005
6.932772e-007,-4.0728053e-005
6.936772e-007,1.8092155e-005
6.940772e-007,0.00023866793
6.944772e-007,-0.00046717456
6.948772e-007,0.00013573257
6.952772e-007,-7.0138157e-005
6.956772e-007,-9.9548261e-005
6.960772e-007,1.8092155e-005
6.964772e-007,-0.00023189373
6.968772e-007,-5.5433105e-005
6.972772e-007,-0.00012895836
6.976772e-007,-0.00045246951
6.980772e-007,-2.6023001e-005
6.984772e-007,-9.9548261e-005
6.988772e-007,0.00023866793
6.992772e-007,-0.00021718868
6.996772e-007,0.00016514267
7.000772e-007,-7.0138157e-005
7.004772e-007,-5.5433105e-005
7.008772e-007,-1.1317949e-005
7.012772e-007,-0.00020248362
7.016772e-007,0.00013573257
7.020772e-007,-0.00024659878
7.024772e-007,-0.0003642392
7.028772e-007,0.00019455278
7.032772e-007,-0.00017307352
7.036772e-007,0.00010632247
7.040772e-007,-0.00012895836
7.044772e-007,-0.00021718868
7.048772e-007,0.00010632247
7.052772e-007,-0.00014366342
7.056772e-007,3.2797207e-005
7.060772e-007,-0.00011425331
7.064772e-007,-8.4843209e-005
7.068772e-007,-7.0138157e-005
7.072772e-007,-0.00032012404
7.076772e-007,-0.00017307352
7.080772e-007,-0.00027600888
7.084772e-007,-0.00018777857
7.088772e-007,0.00019455278
7.092772e-007,-0.00015836847
7.096772e-007,-0.00029071394
7.100772e-007,-0.00011425331
7.104772e-007,-0.00029071394
7.108772e-007,-0.00027600888
7.112772e-007,0.00015043762
7.116772e-007,-0.00011425331
7.120772e-007,0.00023866793
7.124772e-007,-0.00017307352
7.128772e-007,0.00026807804
7.132772e-007,3.2797207e-005
7.136772e-007,3.3871028e-006
7.140772e-007,0.00016514267
7.144772e-007,-5.5433105e-005
7.148772e-007,-9.9548261e-005
7.152772e-007,-0.00015836847
7.156772e-007,3.3871028e-006
7.160772e-007,0.00012102752
7.164772e-007,3.3871028e-006
7.168772e-007,6.2207311e-005
7.172772e-007,7.6912363e-005
7.176772e-007,-0.00021718868
7.180772e-007,0.00020925783
7.184772e-007,-0.00040835435
7.188772e-007,9.1617415e-005
7.192772e-007,0.00019455278
7.196772e-007,0.00013573257
7.200772e-007,7.6912363e-005
7.204772e-007,-0.00018777857
7.208772e-007,0.00032689825
7.212772e-007,-9.9548261e-005
7.216772e-007,-0.00012895836
7.220772e-007,0.00032689825
7.224772e-007,0.00013573257
7.228772e-007,0.00032689825
7.232772e-007,-0.00014366342
7.236772e-007,0.0003710134
7.240772e-007,6.2207311e-005
7.244772e-007,-0.00023189373
7.248772e-007,-2.6023001e-005
7.252772e-007,-7.0138157e-005
7.256772e-007,0.00022396288
7.260772e-007,9.1617415e-005
7.264772e-007,0.00031219319
7.268772e-007,0.00019455278
7.272772e-007,0.00017984773
7.276772e-007,-0.00018777857
7.280772e-007,0.00016514267
7.284772e-007,0.00023866793
7.288772e-007,-0.00012895836
7.292772e-007,3.3871028e-006
7.296772e-007,3.3871028e-006
7.300772e-007,0.00025337299
7.304772e-007,4.7502259e-005
7.308772e-007,-0.00011425331
7.312772e-007,0.00010632247
7.316772e-007,-0.00014366342
7.320772e-007,-0.00011425331
7.324772e-007,-0.00021718868
7.328772e-007,0.00013573257
7.332772e-007,0.00028278309
7.336772e-007,-2.6023001e-005
7.340772e-007,0.00012102752
7.344772e-007,6.2207311e-005
7.348772e-007,0.00015043762
7.352772e-007,-8.4843209e-005
7.356772e-007,0.00016514267
7.360772e-007,-9.9548261e-005
7.364772e-007,0.00029748814
7.368772e-007,-0.00018777857
7.372772e-007,6.2207311e-005
7.376772e-007,-0.00011425331
7.380772e-007,6.2207311e-005
7.384772e-007,0.00015043762
7.388772e-007,0.00010632247
7.392772e-007,0.00012102752
7.396772e-007,1.8092155e-005
7.400772e-007,-8.4843209e-005
7.404772e-007,-4.0728053e-005
7.408772e-007,-4.0728053e-005
7.412772e-007,1.8092155e-005
7.416772e-007,0.00012102752
7.420772e-007,-0.00014366342
7.424772e-007,6.2207311e-005
7.428772e-007,-9.9548261e-005
7.432772e-007,-5.5433105e-005
7.436772e-007,-0.00024659878
7.440772e-007,9.1617415e-005
7.444772e-007,0.00020925783
7.448772e-007,-0.00017307352
7.452772e-007,0.00023866793
7.456772e-007,4.7502259e-005
7.460772e-007,0.00010632247
7.464772e-007,-5.5433105e-005
7.468772e-007,0.00028278309
7.472772e-007,6.2207311e-005
7.476772e-007,-2.6023001e-005
7.480772e-007,1.8092155e-005
7.484772e-007,0.00017984773
7.488772e-007,0.00012102752
7.492772e-007,0.00026807804
7.496772e-007,-4.0728053e-005
7.500772e-007,6.2207311e-005
7.504772e-007,3.3871028e-006
7.508772e-007,-0.00018777857
7.512772e-007,7.6912363e-005
7.516772e-007,0.00035630835
7.520772e-007,3.3871028e-006
7.524772e-007,4.7502259e-005
7.528772e-007,6.2207311e-005
7.532772e-007,-1.1317949e-005
7.536772e-007,0.00015043762
7.540772e-007,7.6912363e-005
7.544772e-007,0.00010632247
7.548772e-007,9.1617415e-005
7.552772e-007,-1.1317949e-005
7.556772e-007,4.7502259e-005
7.560772e-007,-0.00020248362
7.564772e-007,0.00056217908
7.568772e-007,-9.9548261e-005
7.572772e-007,0.00019455278
7.576772e-007,-0.00027600888
7.580772e-007,-0.00017307352
7.584772e-007,-2.6023001e-005
7.588772e-007,-0.00018777857
7.592772e-007,0.00020925783
7.596772e-007,-0.00014366342
7.600772e-007,0.00020925783
7.604772e-007,-1.1317949e-005
7.608772e-007,0.00012102752
7.612772e-007,0.0003416033
7.616772e-007,6.2207311e-005
7.620772e-007,7.6912363e-005
7.624772e-007,0.00022396288
7.628772e-007,3.3871028e-006
7.632772e-007,0.00029748814
7.636772e-007,-1.1317949e-005
7.640772e-007,4.7502259e-005
7.644772e-007,-4.0728053e-005
7.648772e-007,0.00016514267
7.652772e-007,1.8092155e-005
7.656772e-007,0.00025337299
7.660772e-007,-8.4843209e-005
7.664772e-007,0.00017984773
7.668772e-007,-7.0138157e-005
7.672772e-007,0.00042983361
7.676772e-007,-0.00021718868
7.680772e-007,7.6912363e-005
7.684772e-007,-0.00018777857
7.688772e-007,0.00026807804
7.692772e-007,-0.00033482909
7.696772e-007,3.3871028e-006
7.700772e-007,9.1617415e-005
7.704772e-007,7.6912363e-005
7.708772e-007,-0.00015836847
7.712772e-007,3.2797207e-005
7.716772e-007,0.00017984773
7.720772e-007,6.2207311e-005
7.724772e-007,1.8092155e-005
7.728772e-007,0.00013573257
7.732772e-007,-5.5433105e-005
7.736772e-007,3.3871028e-006
7.740772e-007,0.00016514267
7.744772e-007,-0.00011425331
7.748772e-007,6.2207311e-005
7.752772e-007,0.00019455278
7.756772e-007,0.00013573257
7.760772e-007,-5.5433105e-005
7.764772e-007,0.00012102752
7.768772e-007,7.6912363e-005
7.772772e-007,0.00022396288
7.776772e-007,7.6912363e-005
7.780772e-007,0.00016514267
7.784772e-007,-1.1317949e-005
7.788772e-007,1.8092155e-005
7.792772e-007,4.7502259e-005
7.796772e-007,0.00015043762
7.800772e-007,0.00010632247
7.804772e-007,3.3871028e-006
7.808772e-007,-9.9548261e-005
7.812772e-007,9.1617415e-005
7.816772e-007,-7.0138157e-005
7.820772e-007,0.00010632247
7.824772e-007,-0.00014366342
7.828772e-007,-9.9548261e-005
7.832772e-007,4.7502259e-005
7.836772e-007,9.1617415e-005
7.840772e-007,-0.00017307352
7.844772e-007,0.00020925783
7.848772e-007,-2.6023001e-005
7.852772e-007,7.6912363e-005
7.856772e-007,0.00013573257
7.860772e-007,1.8092155e-005
7.864772e-007,0.00012102752
7.868772e-007,6.2207311e-005
7.872772e-007,-2.6023001e-005
7.876772e-007,0.00020925783
7.880772e-007,-5.5433105e-005
7.884772e-007,3.2797207e-005
7.888772e-007,-0.00032012404
7.892772e-007,0.00022396288
7.896772e-007,0.00016514267
7.900772e-007,-4.0728053e-005
7.904772e-007,-1.1317949e-005
7.908772e-007,0.00022396288
7.912772e-007,4.7502259e-005
7.916772e-007,-7.0138157e-005
7.920772e-007,0.00022396288
7.924772e-007,0.00015043762
7.928772e-007,0.00016514267
7.932772e-007,0.00025337299
7.936772e-007,0.00012102752
7.940772e-007,0.00032689825
7.944772e-007,-5.5433105e-005
7.948772e-007,0.00016514267
7.952772e-007,0.00010632247
7.956772e-007,0.00012102752
7.960772e-007,7.6912363e-005
7.964772e-007,7.6912363e-005
7.968772e-007,-7.0138157e-005
7.972772e-007,0.0003416033
7.976772e-007,-5.5433105e-005
7.980772e-007,0.00015043762
7.984772e-007,-0.00027600888
7.988772e-007,0.00022396288
7.992772e-007,-0.00015836847
7.996772e-007,0.00025337299
8.000772e-007,-4.0728053e-005
