LECROYWS4104HD,18971,Waveform
Segments,1,SegmentSize,2502
Segment,TrigTime,TimeSinceSegment1
#1,14-Jan-2025 18:33:00,0                 
Time,Ampl
-2.003228e-007,0.00015043762
-1.999228e-007,0.00010632247
-1.995228e-007,9.1617415e-005
-1.991228e-007,9.1617415e-005
-1.987228e-007,0.00038571845
-1.983228e-007,0.00023866793
-1.979228e-007,0.00013573257
-1.975228e-007,0.00020925783
-1.971228e-007,0.00013573257
-1.967228e-007,-1.1317949e-005
-1.963228e-007,6.2207311e-005
-1.959228e-007,0.00016514267
-1.955228e-007,9.1617415e-005
-1.951228e-007,0.00019455278
-1.947228e-007,6.2207311e-005
-1.943228e-007,-5.5433105e-005
-1.939228e-007,0.00016514267
-1.935228e-007,7.6912363e-005
-1.931228e-007,9.1617415e-005
-1.927228e-007,0.00026807804
-1.923228e-007,0.00022396288
-1.919228e-007,-0.00011425331
-1.915228e-007,0.00015043762
-1.911228e-007,-0.00011425331
-1.907228e-007,0.00035630835
-1.903228e-007,-0.00030541899
-1.899228e-007,0.00031219319
-1.895228e-007,1.8092155e-005
-1.891228e-007,-0.00015836847
-1.887228e-007,9.1617415e-005
-1.883228e-007,-0.00014366342
-1.879228e-007,0.00038571845
-1.875228e-007,7.6912363e-005
-1.871228e-007,0.00026807804
-1.867228e-007,-0.00017307352
-1.863228e-007,0.00017984773
-1.859228e-007,-0.00012895836
-1.855228e-007,0.00050335887
-1.851228e-007,3.2797207e-005
-1.847228e-007,0.00041512856
-1.843228e-007,-0.00024659878
-1.839228e-007,0.00022396288
-1.835228e-007,-2.6023001e-005
-1.831228e-007,0.00053276897
-1.827228e-007,-1.1317949e-005
-1.823228e-007,4.7502259e-005
-1.819228e-007,0.00016514267
-1.815228e-007,3.2797207e-005
-1.811228e-007,9.1617415e-005
-1.807228e-007,0.00010632247
-1.803228e-007,-2.6023001e-005
-1.799228e-007,0.00031219319
-1.795228e-007,0.00028278309
-1.791228e-007,0.00016514267
-1.787228e-007,-0.00011425331
-1.783228e-007,0.00032689825
-1.779228e-007,-0.00014366342
-1.775228e-007,0.00019455278
-1.771228e-007,0.00045924371
-1.767228e-007,9.1617415e-005
-1.763228e-007,0.00015043762
-1.759228e-007,-0.00014366342
-1.755228e-007,0.00020925783
-1.751228e-007,3.2797207e-005
-1.747228e-007,0.00013573257
-1.743228e-007,7.6912363e-005
-1.739228e-007,0.00031219319
-1.735228e-007,4.7502259e-005
-1.731228e-007,0.00019455278
-1.727228e-007,1.8092155e-005
-1.723228e-007,3.2797207e-005
-1.719228e-007,0.00023866793
-1.715228e-007,3.2797207e-005
-1.711228e-007,0.00029748814
-1.707228e-007,7.6912363e-005
-1.703228e-007,0.00028278309
-1.699228e-007,-5.5433105e-005
-1.695228e-007,3.2797207e-005
-1.691228e-007,0.00012102752
-1.687228e-007,1.8092155e-005
-1.683228e-007,-4.0728053e-005
-1.679228e-007,-2.6023001e-005
-1.675228e-007,0.00020925783
-1.671228e-007,0.00010632247
-1.667228e-007,0.00019455278
-1.663228e-007,0.00017984773
-1.659228e-007,0.00022396288
-1.655228e-007,-5.5433105e-005
-1.651228e-007,0.00016514267
-1.647228e-007,9.1617415e-005
-1.643228e-007,1.8092155e-005
-1.639228e-007,0.00038571845
-1.635228e-007,-7.0138157e-005
-1.631228e-007,0.00016514267
-1.627228e-007,-0.00030541899
-1.623228e-007,0.00013573257
-1.619228e-007,3.3871028e-006
-1.615228e-007,0.00022396288
-1.611228e-007,0.00016514267
-1.607228e-007,0.00025337299
-1.603228e-007,0.00010632247
-1.599228e-007,6.2207311e-005
-1.595228e-007,0.00017984773
-1.591228e-007,4.7502259e-005
-1.587228e-007,4.7502259e-005
-1.583228e-007,9.1617415e-005
-1.579228e-007,4.7502259e-005
-1.575228e-007,0.00035630835
-1.571228e-007,0.00020925783
-1.567228e-007,-4.0728053e-005
-1.563228e-007,-7.0138157e-005
-1.559228e-007,0.00016514267
-1.555228e-007,1.8092155e-005
-1.551228e-007,0.00025337299
-1.547228e-007,0.00022396288
-1.543228e-007,0.00023866793
-1.539228e-007,0.00017984773
-1.535228e-007,0.00026807804
-1.531228e-007,-4.0728053e-005
-1.527228e-007,0.00023866793
-1.523228e-007,0.00013573257
-1.519228e-007,0.00010632247
-1.515228e-007,0.00013573257
-1.511228e-007,0.00022396288
-1.507228e-007,0.00028278309
-1.503228e-007,0.00010632247
-1.499228e-007,0.00029748814
-1.495228e-007,3.2797207e-005
-1.491228e-007,6.2207311e-005
-1.487228e-007,0.00010632247
-1.483228e-007,-5.5433105e-005
-1.479228e-007,0.00010632247
-1.475228e-007,9.1617415e-005
-1.471228e-007,0.00013573257
-1.467228e-007,-2.6023001e-005
-1.463228e-007,6.2207311e-005
-1.459228e-007,9.1617415e-005
-1.455228e-007,0.00029748814
-1.451228e-007,0.00023866793
-1.447228e-007,0.00016514267
-1.443228e-007,7.6912363e-005
-1.439228e-007,-1.1317949e-005
-1.435228e-007,0.00013573257
-1.431228e-007,-9.9548261e-005
-1.427228e-007,0.00013573257
-1.423228e-007,0.00040042351
-1.419228e-007,0.00016514267
-1.415228e-007,3.2797207e-005
-1.411228e-007,0.00040042351
-1.407228e-007,3.3871028e-006
-1.403228e-007,0.00038571845
-1.399228e-007,-4.0728053e-005
-1.395228e-007,0.00035630835
-1.391228e-007,0.00013573257
-1.387228e-007,0.00017984773
-1.383228e-007,0.00015043762
-1.379228e-007,-1.1317949e-005
-1.375228e-007,0.00022396288
-1.371228e-007,0.00016514267
-1.367228e-007,0.00015043762
-1.363228e-007,0.00015043762
-1.359228e-007,0.00012102752
-1.355228e-007,3.2797207e-005
-1.351228e-007,4.7502259e-005
-1.347228e-007,0.00025337299
-1.343228e-007,6.2207311e-005
-1.339228e-007,0.00010632247
-1.335228e-007,0.00017984773
-1.331228e-007,3.2797207e-005
-1.327228e-007,0.00019455278
-1.323228e-007,0.00010632247
-1.319228e-007,-2.6023001e-005
-1.315228e-007,0.00023866793
-1.311228e-007,4.7502259e-005
-1.307228e-007,9.1617415e-005
-1.303228e-007,0.00026807804
-1.299228e-007,9.1617415e-005
-1.295228e-007,0.00028278309
-1.291228e-007,0.00022396288
-1.287228e-007,0.00041512856
-1.283228e-007,0.00010632247
-1.279228e-007,-4.0728053e-005
-1.275228e-007,0.00012102752
-1.271228e-007,-1.1317949e-005
-1.267228e-007,0.00017984773
-1.263228e-007,1.8092155e-005
-1.259228e-007,0.00035630835
-1.255228e-007,-0.00015836847
-1.251228e-007,0.00015043762
-1.247228e-007,-7.0138157e-005
-1.243228e-007,0.00017984773
-1.239228e-007,0.00038571845
-1.235228e-007,0.00022396288
-1.231228e-007,1.8092155e-005
-1.227228e-007,0.00019455278
-1.223228e-007,0.00016514267
-1.219228e-007,0.00012102752
-1.215228e-007,0.00026807804
-1.211228e-007,0.00023866793
-1.207228e-007,9.1617415e-005
-1.203228e-007,3.2797207e-005
-1.199228e-007,0.00015043762
-1.195228e-007,-9.9548261e-005
-1.191228e-007,0.0003416033
-1.187228e-007,0.00016514267
-1.183228e-007,0.00019455278
-1.179228e-007,4.7502259e-005
-1.175228e-007,0.00019455278
-1.171228e-007,0.00017984773
-1.167228e-007,0.00015043762
-1.163228e-007,0.00032689825
-1.159228e-007,0.00031219319
-1.155228e-007,0.00019455278
-1.151228e-007,-7.0138157e-005
-1.147228e-007,4.7502259e-005
-1.143228e-007,6.2207311e-005
-1.139228e-007,0.0003710134
-1.135228e-007,1.8092155e-005
-1.131228e-007,0.00029748814
-1.127228e-007,4.7502259e-005
-1.123228e-007,0.00016514267
-1.119228e-007,3.2797207e-005
-1.115228e-007,7.6912363e-005
-1.111228e-007,0.00025337299
-1.107228e-007,0.00017984773
-1.103228e-007,0.00023866793
-1.099228e-007,0.00038571845
-1.095228e-007,1.8092155e-005
-1.091228e-007,7.6912363e-005
-1.087228e-007,6.2207311e-005
-1.083228e-007,0.00042983361
-1.079228e-007,1.8092155e-005
-1.075228e-007,0.00010632247
-1.071228e-007,0.00012102752
-1.067228e-007,0.00019455278
-1.063228e-007,6.2207311e-005
-1.059228e-007,0.00015043762
-1.055228e-007,3.3871028e-006
-1.051228e-007,0.00013573257
-1.047228e-007,0.0003710134
-1.043228e-007,-0.00017307352
-1.039228e-007,0.00019455278
-1.035228e-007,0.00012102752
-1.031228e-007,0.00017984773
-1.027228e-007,0.00022396288
-1.023228e-007,6.2207311e-005
-1.019228e-007,0.00022396288
-1.015228e-007,6.2207311e-005
-1.011228e-007,-0.00014366342
-1.007228e-007,0.00028278309
-1.003228e-007,4.7502259e-005
-9.99228e-008,0.0003710134
-9.95228e-008,0.00013573257
-9.91228e-008,0.00010632247
-9.87228e-008,0.00050335887
-9.83228e-008,-9.9548261e-005
-9.79228e-008,0.00022396288
-9.75228e-008,0.00010632247
-9.71228e-008,0.00020925783
-9.67228e-008,-5.5433105e-005
-9.63228e-008,-8.4843209e-005
-9.59228e-008,-2.6023001e-005
-9.55228e-008,9.1617415e-005
-9.51228e-008,-0.00014366342
-9.47228e-008,0.00022396288
-9.43228e-008,0.00025337299
-9.39228e-008,0.0003710134
-9.35228e-008,0.00012102752
-9.31228e-008,0.00044453866
-9.27228e-008,9.1617415e-005
-9.23228e-008,0.00012102752
-9.19228e-008,0.00031219319
-9.15228e-008,-7.0138157e-005
-9.11228e-008,0.00023866793
-9.07228e-008,9.1617415e-005
-9.03228e-008,0.00038571845
-8.99228e-008,0.00019455278
-8.95228e-008,0.00012102752
-8.91228e-008,-0.00014366342
-8.87228e-008,0.00020925783
-8.83228e-008,-0.00017307352
-8.79228e-008,-5.5433105e-005
-8.75228e-008,6.2207311e-005
-8.71228e-008,-0.00012895836
-8.67228e-008,0.00020925783
-8.63228e-008,0.00019455278
-8.59228e-008,0.00022396288
-8.55228e-008,0.00019455278
-8.51228e-008,0.00029748814
-8.47228e-008,0.00044453866
-8.43228e-008,1.8092155e-005
-8.39228e-008,0.00025337299
-8.35228e-008,0.00032689825
-8.31228e-008,1.8092155e-005
-8.27228e-008,0.00023866793
-8.23228e-008,7.6912363e-005
-8.19228e-008,3.2797207e-005
-8.15228e-008,1.8092155e-005
-8.11228e-008,0.00032689825
-8.07228e-008,0.00019455278
-8.03228e-008,-1.1317949e-005
-7.99228e-008,0.00020925783
-7.95228e-008,0.00012102752
-7.91228e-008,0.00044453866
-7.87228e-008,1.8092155e-005
-7.83228e-008,0.00015043762
-7.79228e-008,4.7502259e-005
-7.75228e-008,0.00010632247
-7.71228e-008,0.00010632247
-7.67228e-008,-8.4843209e-005
-7.63228e-008,0.0003710134
-7.59228e-008,6.2207311e-005
-7.55228e-008,0.00026807804
-7.51228e-008,9.1617415e-005
-7.47228e-008,0.00016514267
-7.43228e-008,6.2207311e-005
-7.39228e-008,0.00023866793
-7.35228e-008,0.00010632247
-7.31228e-008,0.00010632247
-7.27228e-008,1.8092155e-005
-7.23228e-008,0.00019455278
-7.19228e-008,7.6912363e-005
-7.15228e-008,0.00012102752
-7.11228e-008,0.00028278309
-7.07228e-008,0.00016514267
-7.03228e-008,0.00016514267
-6.99228e-008,0.00029748814
-6.95228e-008,-9.9548261e-005
-6.91228e-008,1.8092155e-005
-6.87228e-008,0.00015043762
-6.83228e-008,-7.0138157e-005
-6.79228e-008,0.00026807804
-6.75228e-008,1.8092155e-005
-6.71228e-008,-2.6023001e-005
-6.67228e-008,9.1617415e-005
-6.63228e-008,-1.1317949e-005
-6.59228e-008,3.2797207e-005
-6.55228e-008,0.00041512856
-6.51228e-008,0.00015043762
-6.47228e-008,0.0003416033
-6.43228e-008,0.00029748814
-6.39228e-008,3.2797207e-005
-6.35228e-008,0.00016514267
-6.31228e-008,7.6912363e-005
-6.27228e-008,7.6912363e-005
-6.23228e-008,3.3871028e-006
-6.19228e-008,1.8092155e-005
-6.15228e-008,9.1617415e-005
-6.11228e-008,1.8092155e-005
-6.07228e-008,0.00022396288
-6.03228e-008,0.00017984773
-5.99228e-008,3.3871028e-006
-5.95228e-008,0.00022396288
-5.91228e-008,0.00029748814
-5.87228e-008,0.00044453866
-5.83228e-008,0.00019455278
-5.79228e-008,0.00025337299
-5.75228e-008,0.00020925783
-5.71228e-008,0.0003416033
-5.67228e-008,3.3871028e-006
-5.63228e-008,0.00013573257
-5.59228e-008,4.7502259e-005
-5.55228e-008,-5.5433105e-005
-5.51228e-008,0.00032689825
-5.47228e-008,9.1617415e-005
-5.43228e-008,0.00020925783
-5.39228e-008,0.00025337299
-5.35228e-008,4.7502259e-005
-5.31228e-008,-0.00021718868
-5.27228e-008,0.00028278309
-5.23228e-008,7.6912363e-005
-5.19228e-008,1.8092155e-005
-5.15228e-008,0.00026807804
-5.11228e-008,0.00019455278
-5.07228e-008,0.00017984773
-5.03228e-008,0.00016514267
-4.99228e-008,0.00013573257
-4.95228e-008,0.00015043762
-4.91228e-008,0.00035630835
-4.87228e-008,0.00031219319
-4.83228e-008,4.7502259e-005
-4.79228e-008,0.00023866793
-4.75228e-008,1.8092155e-005
-4.71228e-008,0.00017984773
-4.67228e-008,0.00041512856
-4.63228e-008,1.8092155e-005
-4.59228e-008,6.2207311e-005
-4.55228e-008,3.2797207e-005
-4.51228e-008,1.8092155e-005
-4.47228e-008,0.00029748814
-4.43228e-008,-0.00027600888
-4.39228e-008,0.00029748814
-4.35228e-008,7.6912363e-005
-4.31228e-008,0.0003416033
-4.27228e-008,7.6912363e-005
-4.23228e-008,0.00029748814
-4.19228e-008,3.3871028e-006
-4.15228e-008,0.00040042351
-4.11228e-008,0.00012102752
-4.07228e-008,9.1617415e-005
-4.03228e-008,0.00028278309
-3.99228e-008,3.2797207e-005
-3.95228e-008,4.7502259e-005
-3.91228e-008,0.00010632247
-3.87228e-008,0.00025337299
-3.83228e-008,0.00012102752
-3.79228e-008,3.3871028e-006
-3.75228e-008,0.00012102752
-3.71228e-008,3.2797207e-005
-3.67228e-008,7.6912363e-005
-3.63228e-008,-2.6023001e-005
-3.59228e-008,9.1617415e-005
-3.55228e-008,0.00013573257
-3.51228e-008,0.00019455278
-3.47228e-008,-2.6023001e-005
-3.43228e-008,0.00013573257
-3.39228e-008,0.00017984773
-3.35228e-008,0.00029748814
-3.31228e-008,9.1617415e-005
-3.27228e-008,0.0003710134
-3.23228e-008,-0.00011425331
-3.19228e-008,0.00029748814
-3.15228e-008,9.1617415e-005
-3.11228e-008,-4.0728053e-005
-3.07228e-008,0.00017984773
-3.03228e-008,0.00016514267
-2.99228e-008,0.00020925783
-2.95228e-008,-8.4843209e-005
-2.91228e-008,0.00012102752
-2.87228e-008,4.7502259e-005
-2.83228e-008,0.00012102752
-2.79228e-008,0.00017984773
-2.75228e-008,9.1617415e-005
-2.71228e-008,-7.0138157e-005
-2.67228e-008,4.7502259e-005
-2.63228e-008,0.00022396288
-2.59228e-008,0.00035630835
-2.55228e-008,0.00016514267
-2.51228e-008,0.00012102752
-2.47228e-008,0.00016514267
-2.43228e-008,0.00025337299
-2.39228e-008,7.6912363e-005
-2.35228e-008,-4.0728053e-005
-2.31228e-008,0.00022396288
-2.27228e-008,6.2207311e-005
-2.23228e-008,0.00013573257
-2.19228e-008,0.00020925783
-2.15228e-008,-0.00018777857
-2.11228e-008,0.00023866793
-2.07228e-008,-4.0728053e-005
-2.03228e-008,0.00012102752
-1.99228e-008,0.00031219319
-1.95228e-008,-2.6023001e-005
-1.91228e-008,0.00029748814
-1.87228e-008,9.1617415e-005
-1.83228e-008,9.1617415e-005
-1.79228e-008,1.8092155e-005
-1.75228e-008,-4.0728053e-005
-1.71228e-008,0.00016514267
-1.67228e-008,9.1617415e-005
-1.63228e-008,0.00015043762
-1.59228e-008,-0.00021718868
-1.55228e-008,0.00012102752
-1.51228e-008,-5.5433105e-005
-1.47228e-008,0.0003416033
-1.43228e-008,-2.6023001e-005
-1.39228e-008,0.00029748814
-1.35228e-008,0.00022396288
-1.31228e-008,0.00028278309
-1.27228e-008,0.00012102752
-1.23228e-008,0.00016514267
-1.19228e-008,7.6912363e-005
-1.15228e-008,0.00029748814
-1.11228e-008,6.2207311e-005
-1.07228e-008,4.7502259e-005
-1.03228e-008,0.00012102752
-9.9228e-009,-1.1317949e-005
-9.5228e-009,0.00012102752
-9.1228e-009,0.0003710134
-8.7228e-009,0.00025337299
-8.3228e-009,-0.00015836847
-7.9228e-009,7.6912363e-005
-7.5228e-009,7.6912363e-005
-7.1228e-009,0.00010632247
-6.7228e-009,0.00025337299
-6.3228e-009,0.00032689825
-5.9228e-009,0.00013573257
-5.5228e-009,0.00016514267
-5.1228e-009,-8.4843209e-005
-4.7228e-009,0.00026807804
-4.3228e-009,4.7502259e-005
-3.9228e-009,0.0003710134
-3.5228e-009,-1.1317949e-005
-3.1228e-009,0.00032689825
-2.7228e-009,0.00013573257
-2.3228e-009,6.2207311e-005
-1.9228e-009,9.1617415e-005
-1.5228e-009,0.00012102752
-1.1228e-009,0.00020925783
-7.228e-010,0.00029748814
-3.228e-010,0.00015043762
7.72e-011,6.2207311e-005
4.772e-010,-4.0728053e-005
8.772e-010,0.00013573257
1.2772e-009,0.00016514267
1.6772e-009,9.1617415e-005
2.0772e-009,4.7502259e-005
2.4772e-009,0.00019455278
2.8772e-009,0.00016514267
3.2772e-009,-1.1317949e-005
3.6772e-009,7.6912363e-005
4.0772e-009,0.00010632247
4.4772e-009,0.00026807804
4.8772e-009,1.8092155e-005
5.2772e-009,0.00045924371
5.6772e-009,0.00010632247
6.0772e-009,0.00019455278
6.4772e-009,0.00023866793
6.8772e-009,0.0003710134
7.2772e-009,3.2797207e-005
7.6772e-009,0.00044453866
8.0772e-009,-0.0003642392
8.4772e-009,0.00031219319
8.8772e-009,0.00013573257
9.2772e-009,0.00029748814
9.6772e-009,-2.6023001e-005
1.00772e-008,0.00013573257
1.04772e-008,-9.9548261e-005
1.08772e-008,6.2207311e-005
1.12772e-008,0.00028278309
1.16772e-008,9.1617415e-005
1.20772e-008,0.00031219319
1.24772e-008,9.1617415e-005
1.28772e-008,6.2207311e-005
1.32772e-008,0.00020925783
1.36772e-008,-7.0138157e-005
1.40772e-008,0.00017984773
1.44772e-008,0.00010632247
1.48772e-008,-2.6023001e-005
1.52772e-008,3.2797207e-005
1.56772e-008,0.00012102752
1.60772e-008,-5.5433105e-005
1.64772e-008,0.00013573257
1.68772e-008,0.00019455278
1.72772e-008,0.00015043762
1.76772e-008,7.6912363e-005
1.80772e-008,4.7502259e-005
1.84772e-008,0.00015043762
1.88772e-008,0.00029748814
1.92772e-008,-8.4843209e-005
1.96772e-008,9.1617415e-005
2.00772e-008,7.6912363e-005
2.04772e-008,0.00017984773
2.08772e-008,0.00015043762
2.12772e-008,0.00028278309
2.16772e-008,0.00012102752
2.20772e-008,0.0003710134
2.24772e-008,-0.00011425331
2.28772e-008,0.00012102752
2.32772e-008,4.7502259e-005
2.36772e-008,0.00015043762
2.40772e-008,4.7502259e-005
2.44772e-008,0.00028278309
2.48772e-008,0.00031219319
2.52772e-008,0.00010632247
2.56772e-008,0.00020925783
2.60772e-008,0.0003710134
2.64772e-008,-1.1317949e-005
2.68772e-008,9.1617415e-005
2.72772e-008,0.00026807804
2.76772e-008,0.00025337299
2.80772e-008,0.00022396288
2.84772e-008,0.00015043762
2.88772e-008,0.00010632247
2.92772e-008,0.00013573257
2.96772e-008,-1.1317949e-005
3.00772e-008,0.00028278309
3.04772e-008,-0.00014366342
3.08772e-008,0.00023866793
3.12772e-008,0.00022396288
3.16772e-008,0.00012102752
3.20772e-008,0.00016514267
3.24772e-008,0.00016514267
3.28772e-008,0.00015043762
3.32772e-008,-0.00015836847
3.36772e-008,0.00035630835
3.40772e-008,-9.9548261e-005
3.44772e-008,0.00013573257
3.48772e-008,-5.5433105e-005
3.52772e-008,6.2207311e-005
3.56772e-008,-8.4843209e-005
3.60772e-008,9.1617415e-005
3.64772e-008,-4.0728053e-005
3.68772e-008,4.7502259e-005
3.72772e-008,3.2797207e-005
3.76772e-008,0.00026807804
3.80772e-008,-5.5433105e-005
3.84772e-008,3.3871028e-006
3.88772e-008,0.00025337299
3.92772e-008,0.00029748814
3.96772e-008,9.1617415e-005
4.00772e-008,0.00026807804
4.04772e-008,1.8092155e-005
4.08772e-008,0.00032689825
4.12772e-008,-1.1317949e-005
4.16772e-008,0.00013573257
4.20772e-008,0.00016514267
4.24772e-008,0.00010632247
4.28772e-008,7.6912363e-005
4.32772e-008,0.00023866793
4.36772e-008,3.3871028e-006
4.40772e-008,4.7502259e-005
4.44772e-008,-0.00012895836
4.48772e-008,0.00045924371
4.52772e-008,3.2797207e-005
4.56772e-008,9.1617415e-005
4.60772e-008,0.00017984773
4.64772e-008,0.00012102752
4.68772e-008,0.00019455278
4.72772e-008,6.2207311e-005
4.76772e-008,0.00012102752
4.80772e-008,0.00013573257
4.84772e-008,-7.0138157e-005
4.88772e-008,0.00022396288
4.92772e-008,0.00022396288
4.96772e-008,0.00015043762
5.00772e-008,0.0003416033
5.04772e-008,0.00015043762
5.08772e-008,0.00010632247
5.12772e-008,-1.1317949e-005
5.16772e-008,0.00010632247
5.20772e-008,0.00025337299
5.24772e-008,-0.00015836847
5.28772e-008,0.00031219319
5.32772e-008,6.2207311e-005
5.36772e-008,0.00028278309
5.40772e-008,-1.1317949e-005
5.44772e-008,0.00020925783
5.48772e-008,-2.6023001e-005
5.52772e-008,0.00019455278
5.56772e-008,0.00017984773
5.60772e-008,7.6912363e-005
5.64772e-008,0.00012102752
5.68772e-008,-4.0728053e-005
5.72772e-008,0.00031219319
5.76772e-008,-7.0138157e-005
5.80772e-008,3.3871028e-006
5.84772e-008,-0.00011425331
5.88772e-008,0.00022396288
5.92772e-008,0.00012102752
5.96772e-008,0.00016514267
6.00772e-008,1.8092155e-005
6.04772e-008,-0.00012895836
6.08772e-008,0.00015043762
6.12772e-008,0.00015043762
6.16772e-008,9.1617415e-005
6.20772e-008,6.2207311e-005
6.24772e-008,0.00020925783
6.28772e-008,0.00025337299
6.32772e-008,0.00038571845
6.36772e-008,-9.9548261e-005
6.40772e-008,0.00031219319
6.44772e-008,-0.00012895836
6.48772e-008,1.8092155e-005
6.52772e-008,0.00022396288
6.56772e-008,-0.00012895836
6.60772e-008,0.00022396288
6.64772e-008,0.00010632247
6.68772e-008,0.00017984773
6.72772e-008,7.6912363e-005
6.76772e-008,6.2207311e-005
6.80772e-008,0.0003416033
6.84772e-008,0.00010632247
6.88772e-008,0.00022396288
6.92772e-008,6.2207311e-005
6.96772e-008,0.00015043762
7.00772e-008,-5.5433105e-005
7.04772e-008,3.2797207e-005
7.08772e-008,0.00026807804
7.12772e-008,0.00012102752
7.16772e-008,1.8092155e-005
7.20772e-008,3.2797207e-005
7.24772e-008,0.00010632247
7.28772e-008,0.00016514267
7.32772e-008,-7.0138157e-005
7.36772e-008,0.00040042351
7.40772e-008,0.00019455278
7.44772e-008,0.00012102752
7.48772e-008,-8.4843209e-005
7.52772e-008,0.00010632247
7.56772e-008,7.6912363e-005
7.60772e-008,-9.9548261e-005
7.64772e-008,0.00028278309
7.68772e-008,6.2207311e-005
7.72772e-008,4.7502259e-005
7.76772e-008,0.00016514267
7.80772e-008,0.00013573257
7.84772e-008,-0.00011425331
7.88772e-008,0.00042983361
7.92772e-008,0.00022396288
7.96772e-008,3.3871028e-006
8.00772e-008,4.7502259e-005
8.04772e-008,1.8092155e-005
8.08772e-008,0.00015043762
8.12772e-008,0.00013573257
8.16772e-008,0.00013573257
8.20772e-008,0.00016514267
8.24772e-008,3.2797207e-005
8.28772e-008,4.7502259e-005
8.32772e-008,-8.4843209e-005
8.36772e-008,0.00028278309
8.40772e-008,3.2797207e-005
8.44772e-008,0.00040042351
8.48772e-008,-0.00021718868
8.52772e-008,0.00010632247
8.56772e-008,1.8092155e-005
8.60772e-008,6.2207311e-005
8.64772e-008,9.1617415e-005
8.68772e-008,0.00015043762
8.72772e-008,-5.5433105e-005
8.76772e-008,0.00016514267
8.80772e-008,0.00017984773
8.84772e-008,0.00010632247
8.88772e-008,1.8092155e-005
8.92772e-008,4.7502259e-005
8.96772e-008,0.00012102752
9.00772e-008,-1.1317949e-005
9.04772e-008,3.3871028e-006
9.08772e-008,0.00023866793
9.12772e-008,0.00010632247
9.16772e-008,0.00013573257
9.20772e-008,7.6912363e-005
9.24772e-008,0.00032689825
9.28772e-008,-1.1317949e-005
9.32772e-008,-0.00015836847
9.36772e-008,0.00016514267
9.40772e-008,4.7502259e-005
9.44772e-008,0.00042983361
9.48772e-008,-1.1317949e-005
9.52772e-008,0.00023866793
9.56772e-008,3.3871028e-006
9.60772e-008,7.6912363e-005
9.64772e-008,7.6912363e-005
9.68772e-008,0.00032689825
9.72772e-008,-0.00017307352
9.76772e-008,0.0003710134
9.80772e-008,0.00016514267
9.84772e-008,0.00035630835
9.88772e-008,0.00022396288
9.92772e-008,0.00020925783
9.96772e-008,0.00022396288
1.000772e-007,0.00026807804
1.004772e-007,0.00012102752
1.008772e-007,6.2207311e-005
1.012772e-007,0.00012102752
1.016772e-007,-0.00011425331
1.020772e-007,0.00026807804
1.024772e-007,-0.00015836847
1.028772e-007,0.00016514267
1.032772e-007,0.00010632247
1.036772e-007,4.7502259e-005
1.040772e-007,9.1617415e-005
1.044772e-007,-9.9548261e-005
1.048772e-007,0.00016514267
1.052772e-007,9.1617415e-005
1.056772e-007,0.00038571845
1.060772e-007,1.8092155e-005
1.064772e-007,0.00032689825
1.068772e-007,9.1617415e-005
1.072772e-007,0.00028278309
1.076772e-007,0.00012102752
1.080772e-007,0.00028278309
1.084772e-007,0.00023866793
1.088772e-007,-1.1317949e-005
1.092772e-007,0.00026807804
1.096772e-007,3.2797207e-005
1.100772e-007,-4.0728053e-005
1.104772e-007,0.00017984773
1.108772e-007,0.00023866793
1.112772e-007,0.00023866793
1.116772e-007,7.6912363e-005
1.120772e-007,9.1617415e-005
1.124772e-007,0.00017984773
1.128772e-007,6.2207311e-005
1.132772e-007,0.0003710134
1.136772e-007,0.00026807804
1.140772e-007,0.00025337299
1.144772e-007,-0.00012895836
1.148772e-007,4.7502259e-005
1.152772e-007,0.00020925783
1.156772e-007,-1.1317949e-005
1.160772e-007,9.1617415e-005
1.164772e-007,0.00016514267
1.168772e-007,4.7502259e-005
1.172772e-007,0.00031219319
1.176772e-007,-1.1317949e-005
1.180772e-007,0.00023866793
1.184772e-007,-9.9548261e-005
1.188772e-007,0.00031219319
1.192772e-007,0.00015043762
1.196772e-007,3.2797207e-005
1.200772e-007,-1.1317949e-005
1.204772e-007,-5.5433105e-005
1.208772e-007,0.00017984773
1.212772e-007,0.00012102752
1.216772e-007,0.00025337299
1.220772e-007,0.00019455278
1.224772e-007,0.00016514267
1.228772e-007,0.00019455278
1.232772e-007,9.1617415e-005
1.236772e-007,3.2797207e-005
1.240772e-007,1.8092155e-005
1.244772e-007,0.00015043762
1.248772e-007,7.6912363e-005
1.252772e-007,0.00025337299
1.256772e-007,0.0003416033
1.260772e-007,0.00016514267
1.264772e-007,9.1617415e-005
1.268772e-007,0.00015043762
1.272772e-007,1.8092155e-005
1.276772e-007,-9.9548261e-005
1.280772e-007,0.00012102752
1.284772e-007,9.1617415e-005
1.288772e-007,9.1617415e-005
1.292772e-007,0.00025337299
1.296772e-007,0.00020925783
1.300772e-007,3.3871028e-006
1.304772e-007,0.00020925783
1.308772e-007,7.6912363e-005
1.312772e-007,0.00017984773
1.316772e-007,-0.00032012404
1.320772e-007,4.7502259e-005
1.324772e-007,0.0003710134
1.328772e-007,4.7502259e-005
1.332772e-007,0.00015043762
1.336772e-007,0.00031219319
1.340772e-007,0.00022396288
1.344772e-007,0.00012102752
1.348772e-007,3.2797207e-005
1.352772e-007,9.1617415e-005
1.356772e-007,-9.9548261e-005
1.360772e-007,0.00029748814
1.364772e-007,-0.00011425331
1.368772e-007,0.00013573257
1.372772e-007,-0.00018777857
1.376772e-007,0.00026807804
1.380772e-007,3.3871028e-006
1.384772e-007,1.8092155e-005
1.388772e-007,0.00012102752
1.392772e-007,0.00017984773
1.396772e-007,0.00022396288
1.400772e-007,0.0003416033
1.404772e-007,0.00010632247
1.408772e-007,6.2207311e-005
1.412772e-007,0.00012102752
1.416772e-007,0.00013573257
1.420772e-007,-4.0728053e-005
1.424772e-007,1.8092155e-005
1.428772e-007,0.00016514267
1.432772e-007,3.2797207e-005
1.436772e-007,0.00013573257
1.440772e-007,-0.00015836847
1.444772e-007,0.00010632247
1.448772e-007,0.00015043762
1.452772e-007,0.00031219319
1.456772e-007,6.2207311e-005
1.460772e-007,0.00031219319
1.464772e-007,3.3871028e-006
1.468772e-007,0.0003710134
1.472772e-007,-2.6023001e-005
1.476772e-007,0.00025337299
1.480772e-007,-0.00034953414
1.484772e-007,0.00016514267
1.488772e-007,9.1617415e-005
1.492772e-007,0.00013573257
1.496772e-007,9.1617415e-005
1.500772e-007,9.1617415e-005
1.504772e-007,0.00019455278
1.508772e-007,-0.00011425331
1.512772e-007,0.00026807804
1.516772e-007,0.00020925783
1.520772e-007,0.00012102752
1.524772e-007,3.3871028e-006
1.528772e-007,6.2207311e-005
1.532772e-007,0.00031219319
1.536772e-007,0.00023866793
1.540772e-007,0.00017984773
1.544772e-007,9.1617415e-005
1.548772e-007,6.2207311e-005
1.552772e-007,0.00015043762
1.556772e-007,0.00026807804
1.560772e-007,0.00020925783
1.564772e-007,4.7502259e-005
1.568772e-007,-9.9548261e-005
1.572772e-007,6.2207311e-005
1.576772e-007,0.00019455278
1.580772e-007,7.6912363e-005
1.584772e-007,0.00028278309
1.588772e-007,0.00012102752
1.592772e-007,0.00028278309
1.596772e-007,4.7502259e-005
1.600772e-007,0.00012102752
1.604772e-007,-2.6023001e-005
1.608772e-007,0.00012102752
1.612772e-007,0.0003416033
1.616772e-007,4.7502259e-005
1.620772e-007,0.00013573257
1.624772e-007,0.00019455278
1.628772e-007,0.00017984773
1.632772e-007,0.00013573257
1.636772e-007,0.00041512856
1.640772e-007,1.8092155e-005
1.644772e-007,0.00025337299
1.648772e-007,0.00017984773
1.652772e-007,0.00025337299
1.656772e-007,-2.6023001e-005
1.660772e-007,0.0003416033
1.664772e-007,4.7502259e-005
1.668772e-007,0.00029748814
1.672772e-007,-7.0138157e-005
1.676772e-007,0.00038571845
1.680772e-007,3.3871028e-006
1.684772e-007,0.00023866793
1.688772e-007,-8.4843209e-005
1.692772e-007,4.7502259e-005
1.696772e-007,0.00013573257
1.700772e-007,3.2797207e-005
1.704772e-007,0.00032689825
1.708772e-007,3.2797207e-005
1.712772e-007,6.2207311e-005
1.716772e-007,0.00019455278
1.720772e-007,0.00015043762
1.724772e-007,-8.4843209e-005
1.728772e-007,0.00010632247
1.732772e-007,-1.1317949e-005
1.736772e-007,0.00012102752
1.740772e-007,3.3871028e-006
1.744772e-007,0.0003416033
1.748772e-007,-2.6023001e-005
1.752772e-007,0.00035630835
1.756772e-007,0.00012102752
1.760772e-007,4.7502259e-005
1.764772e-007,0.00013573257
1.768772e-007,0.00019455278
1.772772e-007,0.00016514267
1.776772e-007,0.0003710134
1.780772e-007,0.00016514267
1.784772e-007,0.00023866793
1.788772e-007,-2.6023001e-005
1.792772e-007,0.00042983361
1.796772e-007,0.00012102752
1.800772e-007,6.2207311e-005
1.804772e-007,0.00013573257
1.808772e-007,0.00020925783
1.812772e-007,0.00010632247
1.816772e-007,0.00017984773
1.820772e-007,0.00019455278
1.824772e-007,0.00012102752
1.828772e-007,6.2207311e-005
1.832772e-007,0.00025337299
1.836772e-007,0.00013573257
1.840772e-007,0.00013573257
1.844772e-007,0.00019455278
1.848772e-007,0.00016514267
1.852772e-007,0.00026807804
1.856772e-007,3.3871028e-006
1.860772e-007,0.00023866793
1.864772e-007,1.8092155e-005
1.868772e-007,0.0003416033
1.872772e-007,3.2797207e-005
1.876772e-007,0.00020925783
1.880772e-007,7.6912363e-005
1.884772e-007,0.00053276897
1.888772e-007,-0.00014366342
1.892772e-007,4.7502259e-005
1.896772e-007,0.00022396288
1.900772e-007,9.1617415e-005
1.904772e-007,0.00013573257
1.908772e-007,0.00016514267
1.912772e-007,3.3871028e-006
1.916772e-007,0.00023866793
1.920772e-007,0.00019455278
1.924772e-007,0.00032689825
1.928772e-007,0.00020925783
1.932772e-007,0.00012102752
1.936772e-007,0.00028278309
1.940772e-007,-0.00012895836
1.944772e-007,0.00012102752
1.948772e-007,-7.0138157e-005
1.952772e-007,0.00010632247
1.956772e-007,-2.6023001e-005
1.960772e-007,0.00019455278
1.964772e-007,0.00015043762
1.968772e-007,0.00015043762
1.972772e-007,0.00028278309
1.976772e-007,-0.00011425331
1.980772e-007,0.00019455278
1.984772e-007,3.2797207e-005
1.988772e-007,0.00013573257
1.992772e-007,0.00028278309
1.996772e-007,-9.9548261e-005
2.000772e-007,0.00016514267
2.004772e-007,3.2797207e-005
2.008772e-007,9.1617415e-005
2.012772e-007,0.00015043762
2.016772e-007,0.00020925783
2.020772e-007,-9.9548261e-005
2.024772e-007,0.00045924371
2.028772e-007,-4.0728053e-005
2.032772e-007,0.00031219319
2.036772e-007,-8.4843209e-005
2.040772e-007,0.00044453866
2.044772e-007,-2.6023001e-005
2.048772e-007,0.00020925783
2.052772e-007,0.00025337299
2.056772e-007,-1.1317949e-005
2.060772e-007,0.00025337299
2.064772e-007,0.00025337299
2.068772e-007,0.00022396288
2.072772e-007,0.00022396288
2.076772e-007,0.00022396288
2.080772e-007,0.00013573257
2.084772e-007,9.1617415e-005
2.088772e-007,1.8092155e-005
2.092772e-007,0.00013573257
2.096772e-007,4.7502259e-005
2.100772e-007,0.00016514267
2.104772e-007,0.00028278309
2.108772e-007,3.2797207e-005
2.112772e-007,0.00020925783
2.116772e-007,0.00020925783
2.120772e-007,0.00023866793
2.124772e-007,0.00016514267
2.128772e-007,6.2207311e-005
2.132772e-007,0.00032689825
2.136772e-007,-5.5433105e-005
2.140772e-007,7.6912363e-005
2.144772e-007,0.00041512856
2.148772e-007,-7.0138157e-005
2.152772e-007,9.1617415e-005
2.156772e-007,0.00026807804
2.160772e-007,0.00016514267
2.164772e-007,-1.1317949e-005
2.168772e-007,0.00013573257
2.172772e-007,-1.1317949e-005
2.176772e-007,0.00012102752
2.180772e-007,0.00016514267
2.184772e-007,9.1617415e-005
2.188772e-007,9.1617415e-005
2.192772e-007,0.00013573257
2.196772e-007,0.00020925783
2.200772e-007,-0.00012895836
2.204772e-007,0.00022396288
2.208772e-007,-9.9548261e-005
2.212772e-007,9.1617415e-005
2.216772e-007,-0.00012895836
2.220772e-007,0.00013573257
2.224772e-007,-8.4843209e-005
2.228772e-007,6.2207311e-005
2.232772e-007,0.00029748814
2.236772e-007,0.00016514267
2.240772e-007,6.2207311e-005
2.244772e-007,-5.5433105e-005
2.248772e-007,0.00019455278
2.252772e-007,0.00020925783
2.256772e-007,0.00029748814
2.260772e-007,0.00013573257
2.264772e-007,0.00035630835
2.268772e-007,-1.1317949e-005
2.272772e-007,0.00040042351
2.276772e-007,-0.00017307352
2.280772e-007,0.00025337299
2.284772e-007,-4.0728053e-005
2.288772e-007,0.00047394877
2.292772e-007,6.2207311e-005
2.296772e-007,0.00020925783
2.300772e-007,-0.00026130383
2.304772e-007,0.00017984773
2.308772e-007,3.2797207e-005
2.312772e-007,0.00016514267
2.316772e-007,3.3871028e-006
2.320772e-007,9.1617415e-005
2.324772e-007,0.00010632247
2.328772e-007,-5.5433105e-005
2.332772e-007,0.00028278309
2.336772e-007,9.1617415e-005
2.340772e-007,3.2797207e-005
2.344772e-007,0.00019455278
2.348772e-007,-8.4843209e-005
2.352772e-007,0.00035630835
2.356772e-007,6.2207311e-005
2.360772e-007,0.00028278309
2.364772e-007,0.00016514267
2.368772e-007,0.00016514267
2.372772e-007,3.2797207e-005
2.376772e-007,0.00020925783
2.380772e-007,-4.0728053e-005
2.384772e-007,0.0003710134
2.388772e-007,-9.9548261e-005
2.392772e-007,0.00019455278
2.396772e-007,6.2207311e-005
2.400772e-007,0.00026807804
2.404772e-007,0.00012102752
2.408772e-007,-2.6023001e-005
2.412772e-007,0.00041512856
2.416772e-007,4.7502259e-005
2.420772e-007,0.00045924371
2.424772e-007,-1.1317949e-005
2.428772e-007,0.00023866793
2.432772e-007,0.00020925783
2.436772e-007,0.00016514267
2.440772e-007,9.1617415e-005
2.444772e-007,0.00025337299
2.448772e-007,-0.00021718868
2.452772e-007,0.00022396288
2.456772e-007,-8.4843209e-005
2.460772e-007,7.6912363e-005
2.464772e-007,3.3871028e-006
2.468772e-007,3.2797207e-005
2.472772e-007,0.00016514267
2.476772e-007,-0.00020248362
2.480772e-007,-0.00014366342
2.484772e-007,0.00016514267
2.488772e-007,0.00025337299
2.492772e-007,-2.6023001e-005
2.496772e-007,3.2797207e-005
2.500772e-007,0.00010632247
2.504772e-007,-0.00012895836
2.508772e-007,4.7502259e-005
2.512772e-007,0.00041512856
2.516772e-007,9.1617415e-005
2.520772e-007,0.00026807804
2.524772e-007,-7.0138157e-005
2.528772e-007,0.00013573257
2.532772e-007,0.00013573257
2.536772e-007,3.2797207e-005
2.540772e-007,0.00016514267
2.544772e-007,0.00023866793
2.548772e-007,0.00015043762
2.552772e-007,7.6912363e-005
2.556772e-007,0.00010632247
2.560772e-007,9.1617415e-005
2.564772e-007,0.00020925783
2.568772e-007,-8.4843209e-005
2.572772e-007,0.00029748814
2.576772e-007,0.00035630835
2.580772e-007,0.00013573257
2.584772e-007,0.00022396288
2.588772e-007,9.1617415e-005
2.592772e-007,0.00020925783
2.596772e-007,6.2207311e-005
2.600772e-007,7.6912363e-005
2.604772e-007,0.00023866793
2.608772e-007,3.2797207e-005
2.612772e-007,0.00023866793
2.616772e-007,-1.1317949e-005
2.620772e-007,0.00019455278
2.624772e-007,-1.1317949e-005
2.628772e-007,0.00026807804
2.632772e-007,1.8092155e-005
2.636772e-007,0.00019455278
2.640772e-007,0.00023866793
2.644772e-007,7.6912363e-005
2.648772e-007,0.00025337299
2.652772e-007,-4.0728053e-005
2.656772e-007,9.1617415e-005
2.660772e-007,6.2207311e-005
2.664772e-007,1.8092155e-005
2.668772e-007,6.2207311e-005
2.672772e-007,0.00028278309
2.676772e-007,0.00020925783
2.680772e-007,0.00013573257
2.684772e-007,0.00012102752
2.688772e-007,0.00031219319
2.692772e-007,-1.1317949e-005
2.696772e-007,0.00013573257
2.700772e-007,0.00012102752
2.704772e-007,0.00017984773
2.708772e-007,0.00020925783
2.712772e-007,0.00028278309
2.716772e-007,3.3871028e-006
2.720772e-007,6.2207311e-005
2.724772e-007,0.00010632247
2.728772e-007,1.8092155e-005
2.732772e-007,7.6912363e-005
2.736772e-007,0.00035630835
2.740772e-007,-5.5433105e-005
2.744772e-007,0.00023866793
2.748772e-007,-0.00011425331
2.752772e-007,0.00028278309
2.756772e-007,1.8092155e-005
2.760772e-007,1.8092155e-005
2.764772e-007,9.1617415e-005
2.768772e-007,0.00023866793
2.772772e-007,4.7502259e-005
2.776772e-007,0.00023866793
2.780772e-007,0.00010632247
2.784772e-007,4.7502259e-005
2.788772e-007,-8.4843209e-005
2.792772e-007,9.1617415e-005
2.796772e-007,0.00016514267
2.800772e-007,6.2207311e-005
2.804772e-007,0.00015043762
2.808772e-007,-7.0138157e-005
2.812772e-007,0.00013573257
2.816772e-007,0.00013573257
2.820772e-007,0.00031219319
2.824772e-007,0.00017984773
2.828772e-007,9.1617415e-005
2.832772e-007,0.00020925783
2.836772e-007,0.00019455278
2.840772e-007,0.00019455278
2.844772e-007,0.00035630835
2.848772e-007,-4.0728053e-005
2.852772e-007,6.2207311e-005
2.856772e-007,0.00019455278
2.860772e-007,0.00012102752
2.864772e-007,0.00025337299
2.868772e-007,7.6912363e-005
2.872772e-007,0.00051806392
2.876772e-007,7.6912363e-005
2.880772e-007,0.00016514267
2.884772e-007,-0.00023189373
2.888772e-007,1.8092155e-005
2.892772e-007,9.1617415e-005
2.896772e-007,0.00013573257
2.900772e-007,0.00026807804
2.904772e-007,9.1617415e-005
2.908772e-007,9.1617415e-005
2.912772e-007,0.00022396288
2.916772e-007,4.7502259e-005
2.920772e-007,0.00019455278
2.924772e-007,0.00038571845
2.928772e-007,0.00020925783
2.932772e-007,1.8092155e-005
2.936772e-007,0.00019455278
2.940772e-007,-5.5433105e-005
2.944772e-007,3.3871028e-006
2.948772e-007,0.00025337299
2.952772e-007,0.00015043762
2.956772e-007,7.6912363e-005
2.960772e-007,0.00028278309
2.964772e-007,7.6912363e-005
2.968772e-007,0.00023866793
2.972772e-007,0.00028278309
2.976772e-007,-5.5433105e-005
2.980772e-007,0.00029748814
2.984772e-007,-5.5433105e-005
2.988772e-007,0.0003416033
2.992772e-007,-0.00015836847
2.996772e-007,0.00019455278
3.000772e-007,0.00015043762
3.004772e-007,4.7502259e-005
3.008772e-007,4.7502259e-005
3.012772e-007,0.00016514267
3.016772e-007,7.6912363e-005
3.020772e-007,0.00022396288
3.024772e-007,0.00016514267
3.028772e-007,0.00020925783
3.032772e-007,6.2207311e-005
3.036772e-007,0.00015043762
3.040772e-007,0.00019455278
3.044772e-007,7.6912363e-005
3.048772e-007,0.00012102752
3.052772e-007,9.1617415e-005
3.056772e-007,0.00022396288
3.060772e-007,0.00022396288
3.064772e-007,0.00019455278
3.068772e-007,0.00013573257
3.072772e-007,3.2797207e-005
3.076772e-007,0.00025337299
3.080772e-007,-1.1317949e-005
3.084772e-007,1.8092155e-005
3.088772e-007,0.00015043762
3.092772e-007,-0.00020248362
3.096772e-007,0.00041512856
3.100772e-007,9.1617415e-005
3.104772e-007,0.00013573257
3.108772e-007,0.00010632247
3.112772e-007,4.7502259e-005
3.116772e-007,0.00026807804
3.120772e-007,0.00013573257
3.124772e-007,0.00016514267
3.128772e-007,-4.0728053e-005
3.132772e-007,0.00015043762
3.136772e-007,0.00015043762
3.140772e-007,9.1617415e-005
3.144772e-007,0.00022396288
3.148772e-007,-7.0138157e-005
3.152772e-007,0.00019455278
3.156772e-007,0.00028278309
3.160772e-007,3.3871028e-006
3.164772e-007,6.2207311e-005
3.168772e-007,1.8092155e-005
3.172772e-007,0.00015043762
3.176772e-007,1.8092155e-005
3.180772e-007,0.00029748814
3.184772e-007,0.00010632247
3.188772e-007,0.00016514267
3.192772e-007,-4.0728053e-005
3.196772e-007,4.7502259e-005
3.200772e-007,0.00026807804
3.204772e-007,0.00016514267
3.208772e-007,0.00016514267
3.212772e-007,6.2207311e-005
3.216772e-007,3.3871028e-006
3.220772e-007,0.00015043762
3.224772e-007,0.00016514267
3.228772e-007,0.00025337299
3.232772e-007,0.00023866793
3.236772e-007,0.00017984773
3.240772e-007,0.00013573257
3.244772e-007,0.00015043762
3.248772e-007,0.00028278309
3.252772e-007,0.00016514267
3.256772e-007,0.00025337299
3.260772e-007,0.00020925783
3.264772e-007,0.00015043762
3.268772e-007,0.00044453866
3.272772e-007,7.6912363e-005
3.276772e-007,0.00028278309
3.280772e-007,9.1617415e-005
3.284772e-007,6.2207311e-005
3.288772e-007,0.00026807804
3.292772e-007,0.00025337299
3.296772e-007,0.00013573257
3.300772e-007,0.00012102752
3.304772e-007,-2.6023001e-005
3.308772e-007,6.2207311e-005
3.312772e-007,0.00017984773
3.316772e-007,4.7502259e-005
3.320772e-007,0.0003416033
3.324772e-007,0.00010632247
3.328772e-007,0.00019455278
3.332772e-007,0.00017984773
3.336772e-007,0.00032689825
3.340772e-007,0.00032689825
3.344772e-007,0.00032689825
3.348772e-007,7.6912363e-005
3.352772e-007,0.00017984773
3.356772e-007,0.00016514267
3.360772e-007,0.00022396288
3.364772e-007,0.00013573257
3.368772e-007,0.00053276897
3.372772e-007,0.00013573257
3.376772e-007,0.00028278309
3.380772e-007,-1.1317949e-005
3.384772e-007,0.00020925783
3.388772e-007,-9.9548261e-005
3.392772e-007,0.00016514267
3.396772e-007,-0.00014366342
3.400772e-007,0.00029748814
3.404772e-007,3.2797207e-005
3.408772e-007,9.1617415e-005
3.412772e-007,0.00010632247
3.416772e-007,0.00015043762
3.420772e-007,0.00025337299
3.424772e-007,-2.6023001e-005
3.428772e-007,0.00012102752
3.432772e-007,9.1617415e-005
3.436772e-007,0.00025337299
3.440772e-007,0.00013573257
3.444772e-007,1.8092155e-005
3.448772e-007,0.00017984773
3.452772e-007,0.00026807804
3.456772e-007,6.2207311e-005
3.460772e-007,0.00015043762
3.464772e-007,0.00016514267
3.468772e-007,0.00025337299
3.472772e-007,0.00022396288
3.476772e-007,3.3871028e-006
3.480772e-007,0.00023866793
3.484772e-007,0.00017984773
3.488772e-007,0.00012102752
3.492772e-007,1.8092155e-005
3.496772e-007,0.00023866793
3.500772e-007,-8.4843209e-005
3.504772e-007,0.00015043762
3.508772e-007,1.8092155e-005
3.512772e-007,0.00017984773
3.516772e-007,-7.0138157e-005
3.520772e-007,0.00028278309
3.524772e-007,3.2797207e-005
3.528772e-007,0.00010632247
3.532772e-007,0.00023866793
3.536772e-007,0.0003416033
3.540772e-007,4.7502259e-005
3.544772e-007,0.00035630835
3.548772e-007,0.00022396288
3.552772e-007,-0.00011425331
3.556772e-007,0.00013573257
3.560772e-007,-0.00014366342
3.564772e-007,0.00026807804
3.568772e-007,0.00010632247
3.572772e-007,0.00047394877
3.576772e-007,0.0003416033
3.580772e-007,0.00020925783
3.584772e-007,0.00013573257
3.588772e-007,0.00016514267
3.592772e-007,0.00035630835
3.596772e-007,6.2207311e-005
3.600772e-007,9.1617415e-005
3.604772e-007,0.00019455278
3.608772e-007,0.00031219319
3.612772e-007,0.00013573257
3.616772e-007,-0.00012895836
3.620772e-007,6.2207311e-005
3.624772e-007,0.00016514267
3.628772e-007,0.00023866793
3.632772e-007,-4.0728053e-005
3.636772e-007,6.2207311e-005
3.640772e-007,0.00010632247
3.644772e-007,-4.0728053e-005
3.648772e-007,4.7502259e-005
3.652772e-007,0.00028278309
3.656772e-007,0.00016514267
3.660772e-007,4.7502259e-005
3.664772e-007,0.00016514267
3.668772e-007,-4.0728053e-005
3.672772e-007,0.00010632247
3.676772e-007,0.00016514267
3.680772e-007,-2.6023001e-005
3.684772e-007,0.00038571845
3.688772e-007,0.00026807804
3.692772e-007,0.00022396288
3.696772e-007,1.8092155e-005
3.700772e-007,0.00032689825
3.704772e-007,0.00013573257
3.708772e-007,0.00026807804
3.712772e-007,0.00020925783
3.716772e-007,0.00016514267
3.720772e-007,7.6912363e-005
3.724772e-007,0.00020925783
3.728772e-007,0.00012102752
3.732772e-007,0.00013573257
3.736772e-007,9.1617415e-005
3.740772e-007,0.00016514267
3.744772e-007,0.00020925783
3.748772e-007,7.6912363e-005
3.752772e-007,0.00025337299
3.756772e-007,3.2797207e-005
3.760772e-007,0.00023866793
3.764772e-007,3.3871028e-006
3.768772e-007,0.00035630835
3.772772e-007,4.7502259e-005
3.776772e-007,0.00022396288
3.780772e-007,0.00020925783
3.784772e-007,0.00015043762
3.788772e-007,0.00025337299
3.792772e-007,0.00019455278
3.796772e-007,0.00016514267
3.800772e-007,0.00020925783
3.804772e-007,0.00031219319
3.808772e-007,0.00013573257
3.812772e-007,0.00022396288
3.816772e-007,-1.1317949e-005
3.820772e-007,0.0003416033
3.824772e-007,0.00010632247
3.828772e-007,7.6912363e-005
3.832772e-007,0.00023866793
3.836772e-007,0.00010632247
3.840772e-007,-4.0728053e-005
3.844772e-007,7.6912363e-005
3.848772e-007,-9.9548261e-005
3.852772e-007,0.00019455278
3.856772e-007,7.6912363e-005
3.860772e-007,0.00012102752
3.864772e-007,0.00031219319
3.868772e-007,-1.1317949e-005
3.872772e-007,0.00010632247
3.876772e-007,6.2207311e-005
3.880772e-007,0.00019455278
3.884772e-007,7.6912363e-005
3.888772e-007,0.00013573257
3.892772e-007,0.00032689825
3.896772e-007,0.00053276897
3.900772e-007,-5.5433105e-005
3.904772e-007,0.00035630835
3.908772e-007,3.2797207e-005
3.912772e-007,0.00012102752
3.916772e-007,-7.0138157e-005
3.920772e-007,0.00017984773
3.924772e-007,1.8092155e-005
3.928772e-007,0.00012102752
3.932772e-007,1.8092155e-005
3.936772e-007,0.00010632247
3.940772e-007,0.00020925783
3.944772e-007,-2.6023001e-005
3.948772e-007,0.00012102752
3.952772e-007,0.00020925783
3.956772e-007,7.6912363e-005
3.960772e-007,0.00020925783
3.964772e-007,9.1617415e-005
3.968772e-007,6.2207311e-005
3.972772e-007,9.1617415e-005
3.976772e-007,0.00016514267
3.980772e-007,9.1617415e-005
3.984772e-007,0.00010632247
3.988772e-007,0.00013573257
3.992772e-007,0.00023866793
3.996772e-007,-2.6023001e-005
4.000772e-007,0.00019455278
4.004772e-007,0.00010632247
4.008772e-007,0.00016514267
4.012772e-007,0.00017984773
4.016772e-007,0.00029748814
4.020772e-007,0.00010632247
4.024772e-007,3.2797207e-005
4.028772e-007,0.00019455278
4.032772e-007,7.6912363e-005
4.036772e-007,0.00016514267
4.040772e-007,0.00022396288
4.044772e-007,-7.0138157e-005
4.048772e-007,0.00019455278
4.052772e-007,-1.1317949e-005
4.056772e-007,0.00026807804
4.060772e-007,0.00015043762
4.064772e-007,0.00023866793
4.068772e-007,-7.0138157e-005
4.072772e-007,0.00031219319
4.076772e-007,-1.1317949e-005
4.080772e-007,0.00022396288
4.084772e-007,0.00012102752
4.088772e-007,0.00012102752
4.092772e-007,0.00019455278
4.096772e-007,6.2207311e-005
4.100772e-007,0.00026807804
4.104772e-007,-7.0138157e-005
4.108772e-007,0.00012102752
4.112772e-007,9.1617415e-005
4.116772e-007,-8.4843209e-005
4.120772e-007,0.00010632247
4.124772e-007,0.00023866793
4.128772e-007,7.6912363e-005
4.132772e-007,0.00035630835
4.136772e-007,4.7502259e-005
4.140772e-007,7.6912363e-005
4.144772e-007,0.00012102752
4.148772e-007,3.2797207e-005
4.152772e-007,0.00020925783
4.156772e-007,9.1617415e-005
4.160772e-007,0.00012102752
4.164772e-007,-2.6023001e-005
4.168772e-007,0.00016514267
4.172772e-007,0.00012102752
4.176772e-007,-9.9548261e-005
4.180772e-007,0.0003710134
4.184772e-007,-1.1317949e-005
4.188772e-007,0.00025337299
4.192772e-007,0.00029748814
4.196772e-007,-2.6023001e-005
4.200772e-007,-2.6023001e-005
4.204772e-007,0.00026807804
4.208772e-007,0.00017984773
4.212772e-007,0.00042983361
4.216772e-007,0.00020925783
4.220772e-007,-1.1317949e-005
4.224772e-007,0.00012102752
4.228772e-007,0.00016514267
4.232772e-007,-0.00012895836
4.236772e-007,-7.0138157e-005
4.240772e-007,0.00017984773
4.244772e-007,1.8092155e-005
4.248772e-007,0.00012102752
4.252772e-007,0.00023866793
4.256772e-007,0.00015043762
4.260772e-007,0.00028278309
4.264772e-007,0.00025337299
4.268772e-007,0.00015043762
4.272772e-007,0.00015043762
4.276772e-007,4.7502259e-005
4.280772e-007,0.00017984773
4.284772e-007,3.2797207e-005
4.288772e-007,0.00016514267
4.292772e-007,3.2797207e-005
4.296772e-007,0.00015043762
4.300772e-007,3.2797207e-005
4.304772e-007,0.00012102752
4.308772e-007,0.00019455278
4.312772e-007,0.00023866793
4.316772e-007,-2.6023001e-005
4.320772e-007,0.00013573257
4.324772e-007,3.3871028e-006
4.328772e-007,0.00017984773
4.332772e-007,6.2207311e-005
4.336772e-007,0.00029748814
4.340772e-007,0.00019455278
4.344772e-007,3.2797207e-005
4.348772e-007,0.00026807804
4.352772e-007,0.00017984773
4.356772e-007,1.8092155e-005
4.360772e-007,0.00010632247
4.364772e-007,0.00012102752
4.368772e-007,7.6912363e-005
4.372772e-007,0.00025337299
4.376772e-007,4.7502259e-005
4.380772e-007,4.7502259e-005
4.384772e-007,0.00015043762
4.388772e-007,3.3871028e-006
4.392772e-007,1.8092155e-005
4.396772e-007,0.00022396288
4.400772e-007,0.00025337299
4.404772e-007,0.00023866793
4.408772e-007,0.00023866793
4.412772e-007,3.2797207e-005
4.416772e-007,0.00010632247
4.420772e-007,3.2797207e-005
4.424772e-007,-2.6023001e-005
4.428772e-007,0.00017984773
4.432772e-007,0.00016514267
4.436772e-007,0.00016514267
4.440772e-007,3.3871028e-006
4.444772e-007,3.3871028e-006
4.448772e-007,-0.00014366342
4.452772e-007,0.0003416033
4.456772e-007,-0.00032012404
4.460772e-007,0.00020925783
4.464772e-007,1.8092155e-005
4.468772e-007,0.00029748814
4.472772e-007,0.00013573257
4.476772e-007,0.00023866793
4.480772e-007,0.00019455278
4.484772e-007,9.1617415e-005
4.488772e-007,3.3871028e-006
4.492772e-007,0.00022396288
4.496772e-007,1.8092155e-005
4.500772e-007,0.00015043762
4.504772e-007,9.1617415e-005
4.508772e-007,0.00017984773
4.512772e-007,0.00025337299
4.516772e-007,0.00015043762
4.520772e-007,0.00042983361
4.524772e-007,4.7502259e-005
4.528772e-007,0.00032689825
4.532772e-007,-2.6023001e-005
4.536772e-007,0.00010632247
4.540772e-007,-0.00011425331
4.544772e-007,0.00028278309
4.548772e-007,3.2797207e-005
4.552772e-007,-0.00021718868
4.556772e-007,3.3871028e-006
4.560772e-007,4.7502259e-005
4.564772e-007,0.00019455278
4.568772e-007,9.1617415e-005
4.572772e-007,0.0003416033
4.576772e-007,0.00015043762
4.580772e-007,0.00012102752
4.584772e-007,0.00015043762
4.588772e-007,0.00015043762
4.592772e-007,0.00016514267
4.596772e-007,0.00017984773
4.600772e-007,1.8092155e-005
4.604772e-007,0.00035630835
4.608772e-007,6.2207311e-005
4.612772e-007,0.00023866793
4.616772e-007,3.2797207e-005
4.620772e-007,7.6912363e-005
4.624772e-007,0.00025337299
4.628772e-007,0.00019455278
4.632772e-007,7.6912363e-005
4.636772e-007,0.00010632247
4.640772e-007,0.00013573257
4.644772e-007,0.00022396288
4.648772e-007,-1.1317949e-005
4.652772e-007,0.00015043762
4.656772e-007,7.6912363e-005
4.660772e-007,-1.1317949e-005
4.664772e-007,9.1617415e-005
4.668772e-007,3.2797207e-005
4.672772e-007,0.00020925783
4.676772e-007,-0.00015836847
4.680772e-007,0.0003416033
4.684772e-007,1.8092155e-005
4.688772e-007,9.1617415e-005
4.692772e-007,4.7502259e-005
4.696772e-007,0.00023866793
4.700772e-007,0.00019455278
4.704772e-007,0.00019455278
4.708772e-007,0.00019455278
4.712772e-007,0.0003416033
4.716772e-007,4.7502259e-005
4.720772e-007,0.00032689825
4.724772e-007,0.00029748814
4.728772e-007,0.00022396288
4.732772e-007,0.00015043762
4.736772e-007,0.00023866793
4.740772e-007,0.00016514267
4.744772e-007,0.00013573257
4.748772e-007,-4.0728053e-005
4.752772e-007,0.00031219319
4.756772e-007,1.8092155e-005
4.760772e-007,1.8092155e-005
4.764772e-007,0.0003710134
4.768772e-007,-1.1317949e-005
4.772772e-007,0.00010632247
4.776772e-007,-8.4843209e-005
4.780772e-007,4.7502259e-005
4.784772e-007,0.00015043762
4.788772e-007,4.7502259e-005
4.792772e-007,0.00032689825
4.796772e-007,7.6912363e-005
4.800772e-007,1.8092155e-005
4.804772e-007,0.00047394877
4.808772e-007,-4.0728053e-005
4.812772e-007,0.00041512856
4.816772e-007,-2.6023001e-005
4.820772e-007,0.00010632247
4.824772e-007,-0.00012895836
4.828772e-007,6.2207311e-005
4.832772e-007,9.1617415e-005
4.836772e-007,-4.0728053e-005
4.840772e-007,0.00028278309
4.844772e-007,0.00015043762
4.848772e-007,-0.00011425331
4.852772e-007,0.00019455278
4.856772e-007,-8.4843209e-005
4.860772e-007,0.0003416033
4.864772e-007,0.00010632247
4.868772e-007,0.00023866793
4.872772e-007,9.1617415e-005
4.876772e-007,0.00028278309
4.880772e-007,0.00016514267
4.884772e-007,-0.00014366342
4.888772e-007,0.00013573257
4.892772e-007,-7.0138157e-005
4.896772e-007,0.00026807804
4.900772e-007,-0.00012895836
4.904772e-007,4.7502259e-005
4.908772e-007,0.00022396288
4.912772e-007,0.00013573257
4.916772e-007,0.00031219319
4.920772e-007,0.00023866793
4.924772e-007,1.8092155e-005
4.928772e-007,-1.1317949e-005
4.932772e-007,0.00016514267
4.936772e-007,-0.00026130383
4.940772e-007,0.00028278309
4.944772e-007,4.7502259e-005
4.948772e-007,0.00025337299
4.952772e-007,-4.0728053e-005
4.956772e-007,0.00017984773
4.960772e-007,-2.6023001e-005
4.964772e-007,-9.9548261e-005
4.968772e-007,9.1617415e-005
4.972772e-007,0.00029748814
4.976772e-007,9.1617415e-005
4.980772e-007,0.00038571845
4.984772e-007,0.00029748814
4.988772e-007,0.00022396288
4.992772e-007,6.2207311e-005
4.996772e-007,-9.9548261e-005
5.000772e-007,0.00019455278
5.004772e-007,0.00035630835
5.008772e-007,3.3871028e-006
5.012772e-007,-5.5433105e-005
5.016772e-007,0.00012102752
5.020772e-007,0.00016514267
5.024772e-007,-0.00024659878
5.028772e-007,0.00013573257
5.032772e-007,0.00038571845
5.036772e-007,-0.00015836847
5.040772e-007,0.00045924371
5.044772e-007,-5.5433105e-005
5.048772e-007,0.00035630835
5.052772e-007,0.00032689825
5.056772e-007,0.00028278309
5.060772e-007,0.00025337299
5.064772e-007,0.00022396288
5.068772e-007,0.00012102752
5.072772e-007,0.00029748814
5.076772e-007,4.7502259e-005
5.080772e-007,0.00026807804
5.084772e-007,6.2207311e-005
5.088772e-007,0.00019455278
5.092772e-007,3.3871028e-006
5.096772e-007,0.00026807804
5.100772e-007,0.00017984773
5.104772e-007,0.00012102752
5.108772e-007,0.00015043762
5.112772e-007,0.00023866793
5.116772e-007,3.2797207e-005
5.120772e-007,-4.0728053e-005
5.124772e-007,-0.00018777857
5.128772e-007,0.00025337299
5.132772e-007,1.8092155e-005
5.136772e-007,0.00016514267
5.140772e-007,0.00016514267
5.144772e-007,7.6912363e-005
5.148772e-007,7.6912363e-005
5.152772e-007,0.00020925783
5.156772e-007,3.3871028e-006
5.160772e-007,7.6912363e-005
5.164772e-007,1.8092155e-005
5.168772e-007,0.00017984773
5.172772e-007,0.00020925783
5.176772e-007,-4.0728053e-005
5.180772e-007,1.8092155e-005
5.184772e-007,-7.0138157e-005
5.188772e-007,0.0003710134
5.192772e-007,0.0003710134
5.196772e-007,9.1617415e-005
5.200772e-007,0.00015043762
5.204772e-007,4.7502259e-005
5.208772e-007,0.0003416033
5.212772e-007,7.6912363e-005
5.216772e-007,0.00019455278
5.220772e-007,0.00026807804
5.224772e-007,6.2207311e-005
5.228772e-007,7.6912363e-005
5.232772e-007,9.1617415e-005
5.236772e-007,9.1617415e-005
5.240772e-007,0.00020925783
5.244772e-007,0.00012102752
5.248772e-007,6.2207311e-005
5.252772e-007,7.6912363e-005
5.256772e-007,-7.0138157e-005
5.260772e-007,0.00028278309
5.264772e-007,1.8092155e-005
5.268772e-007,0.00032689825
5.272772e-007,0.00017984773
5.276772e-007,-4.0728053e-005
5.280772e-007,0.00029748814
5.284772e-007,4.7502259e-005
5.288772e-007,0.00015043762
5.292772e-007,4.7502259e-005
5.296772e-007,0.00012102752
5.300772e-007,0.0003710134
5.304772e-007,6.2207311e-005
5.308772e-007,0.00023866793
5.312772e-007,0.00025337299
5.316772e-007,0.00026807804
5.320772e-007,0.00016514267
5.324772e-007,4.7502259e-005
5.328772e-007,0.0003710134
5.332772e-007,-7.0138157e-005
5.336772e-007,0.0003416033
5.340772e-007,0.00016514267
5.344772e-007,0.00013573257
5.348772e-007,0.00022396288
5.352772e-007,0.00031219319
5.356772e-007,6.2207311e-005
5.360772e-007,0.00012102752
5.364772e-007,0.00054747402
5.368772e-007,7.6912363e-005
5.372772e-007,-2.6023001e-005
5.376772e-007,0.00026807804
5.380772e-007,0.00029748814
5.384772e-007,4.7502259e-005
5.388772e-007,0.00016514267
5.392772e-007,0.00013573257
5.396772e-007,0.00029748814
5.400772e-007,0.00025337299
5.404772e-007,1.8092155e-005
5.408772e-007,0.00013573257
5.412772e-007,6.2207311e-005
5.416772e-007,1.8092155e-005
5.420772e-007,0.00023866793
5.424772e-007,-2.6023001e-005
5.428772e-007,0.00053276897
5.432772e-007,-8.4843209e-005
5.436772e-007,-1.1317949e-005
5.440772e-007,0.00026807804
5.444772e-007,0.00016514267
5.448772e-007,0.00029748814
5.452772e-007,0.00035630835
5.456772e-007,0.00019455278
5.460772e-007,0.00016514267
5.464772e-007,-7.0138157e-005
5.468772e-007,0.00016514267
5.472772e-007,-1.1317949e-005
5.476772e-007,0.00015043762
5.480772e-007,-0.00015836847
5.484772e-007,0.00020925783
5.488772e-007,4.7502259e-005
5.492772e-007,-1.1317949e-005
5.496772e-007,-0.00023189373
5.500772e-007,0.00015043762
5.504772e-007,-8.4843209e-005
5.508772e-007,0.00013573257
5.512772e-007,3.2797207e-005
5.516772e-007,0.00028278309
5.520772e-007,1.8092155e-005
5.524772e-007,-0.00048187961
5.528772e-007,-0.0010700817
5.532772e-007,-0.00037894425
5.536772e-007,0.00090039527
5.540772e-007,-0.00054069982
5.544772e-007,0.0044590178
5.548772e-007,-0.003702286
5.552772e-007,0.0041502118
5.556772e-007,0.001400367
5.560772e-007,0.00087098517
5.564772e-007,0.0039884562
5.568772e-007,0.0023267853
5.572772e-007,0.0012680216
5.576772e-007,0.0047090037
5.580772e-007,0.0021062095
5.584772e-007,0.0032237935
5.588772e-007,0.0052383856
5.592772e-007,0.0028855773
5.596772e-007,0.0040325713
5.600772e-007,0.0056060119
5.604772e-007,0.0029738076
5.608772e-007,0.005635422
5.612772e-007,0.0055030765
5.616772e-007,0.0040913915
5.620772e-007,0.005341321
5.624772e-007,0.0054589614
5.628772e-007,0.0042384421
5.632772e-007,0.0062824443
5.636772e-007,0.0057236523
5.640772e-007,0.0049442846
5.644772e-007,0.0060618685
5.648772e-007,0.0057089473
5.652772e-007,0.0059442281
5.656772e-007,0.0055618967
5.660772e-007,0.0052236805
5.664772e-007,0.0061648039
5.668772e-007,0.0055471917
5.672772e-007,0.0049001694
5.676772e-007,0.0059001129
5.680772e-007,0.0060030483
5.684772e-007,0.0052089755
5.688772e-007,0.0060177534
5.692772e-007,0.0052972058
5.696772e-007,0.0052972058
5.700772e-007,0.005914818
5.704772e-007,0.0052825008
5.708772e-007,0.0055618967
5.712772e-007,0.0056060119
5.716772e-007,0.0048413492
5.720772e-007,0.0056501271
5.724772e-007,0.00507663
5.728772e-007,0.0045178381
5.732772e-007,0.0052677957
5.736772e-007,0.0050031048
5.740772e-007,0.0048266441
5.744772e-007,0.0041208016
5.748772e-007,0.0060912786
5.752772e-007,0.0046060684
5.756772e-007,0.0039590461
5.760772e-007,0.0054295513
5.764772e-007,0.0054442563
5.768772e-007,0.0034884844
5.772772e-007,0.0038414057
5.776772e-007,0.0052383856
5.780772e-007,0.0040913915
5.784772e-007,0.0039149309
5.788772e-007,0.0042972623
5.792772e-007,0.0042678522
5.796772e-007,0.004782529
5.800772e-007,0.0036355349
5.804772e-007,0.0038414057
5.808772e-007,0.0050031048
5.812772e-007,0.0034443693
5.816772e-007,0.0028267571
5.820772e-007,0.0047090037
5.824772e-007,0.0037384703
5.828772e-007,0.0036061248
5.832772e-007,0.003370844
5.836772e-007,0.0035178945
5.840772e-007,0.0031796783
5.844772e-007,0.0040031612
5.848772e-007,0.0031502682
5.852772e-007,0.0030032177
5.856772e-007,0.0036061248
5.860772e-007,0.0032384985
5.864772e-007,0.0028267571
5.868772e-007,0.0037972905
5.872772e-007,0.0032826137
5.876772e-007,0.002797347
5.880772e-007,0.0029738076
5.884772e-007,0.0030620379
5.888772e-007,0.0034149592
5.892772e-007,0.0015474176
5.896772e-007,0.0032679086
5.900772e-007,0.0017238782
5.904772e-007,0.0026061813
5.908772e-007,0.0026208863
5.912772e-007,0.0034002541
5.916772e-007,0.0023561954
5.920772e-007,0.0029443975
5.924772e-007,0.0031943834
5.928772e-007,0.0018268135
5.932772e-007,0.0036208299
5.936772e-007,0.0021797348
5.940772e-007,0.0013709569
5.944772e-007,0.0026502965
5.948772e-007,0.0016503529
5.952772e-007,0.0023267853
5.956772e-007,0.0026061813
5.960772e-007,0.001679763
5.964772e-007,0.002812052
5.968772e-007,0.0029443975
5.972772e-007,0.0015180075
5.976772e-007,0.001944454
5.980772e-007,0.0028561672
5.984772e-007,0.0013415468
5.988772e-007,0.0017385832
5.992772e-007,0.002238555
5.996772e-007,0.0016503529
6.000772e-007,0.0011650862
6.004772e-007,0.002238555
6.008772e-007,0.0010915609
6.012772e-007,0.0023120803
6.016772e-007,0.0010180357
6.020772e-007,0.0012974317
6.024772e-007,0.0020326843
6.028772e-007,0.0017679933
6.032772e-007,0.0017974034
6.036772e-007,0.0022826702
6.040772e-007,0.0015033024
6.044772e-007,0.0012680216
6.048772e-007,0.0007386397
6.052772e-007,0.00092980538
6.056772e-007,0.0012092014
6.060772e-007,0.0012974317
6.064772e-007,0.0019885691
6.068772e-007,0.0013121367
6.072772e-007,0.0014591872
6.076772e-007,0.0012533165
6.080772e-007,0.00090039527
6.084772e-007,0.0014150721
6.088772e-007,0.00098862558
6.092772e-007,0.0018121085
6.096772e-007,0.00028278309
6.100772e-007,0.00098862558
6.104772e-007,0.00067981949
6.108772e-007,0.00041512856
6.112772e-007,0.0010474458
6.116772e-007,0.0015327125
6.120772e-007,0.00065040939
6.124772e-007,0.0015033024
6.128772e-007,0.00063570434
6.132772e-007,0.0011209711
6.136772e-007,0.00054747402
6.140772e-007,0.00066511444
6.144772e-007,0.00051806392
6.148772e-007,0.00054747402
6.152772e-007,0.00069452454
6.156772e-007,0.0010033306
6.160772e-007,0.00051806392
6.164772e-007,0.00091510032
6.168772e-007,0.00019455278
6.172772e-007,0.00057688413
6.176772e-007,0.00050335887
6.180772e-007,0.00075334475
6.184772e-007,0.0012092014
6.188772e-007,0.00062099928
6.192772e-007,0.00062099928
6.196772e-007,0.00042983361
6.200772e-007,0.00059158918
6.204772e-007,0.00017984773
6.208772e-007,0.00088569022
6.212772e-007,0.00072393465
6.216772e-007,0.00066511444
6.220772e-007,0.00045924371
6.224772e-007,0.0010327407
6.228772e-007,-9.9548261e-005
6.232772e-007,0.00051806392
6.236772e-007,7.6912363e-005
6.240772e-007,0.00090039527
6.244772e-007,0.00015043762
6.248772e-007,0.00051806392
6.252772e-007,3.3871028e-006
6.256772e-007,0.00082687001
6.260772e-007,0.00022396288
6.264772e-007,0.0007092296
6.268772e-007,0.00025337299
6.272772e-007,0.00091510032
6.276772e-007,0.00020925783
6.280772e-007,0.00062099928
6.284772e-007,0.00048865382
6.288772e-007,0.0007092296
6.292772e-007,-5.5433105e-005
6.296772e-007,0.00085628012
6.300772e-007,0.00020925783
6.304772e-007,0.00059158918
6.308772e-007,-8.4843209e-005
6.312772e-007,0.00097392053
6.316772e-007,0.00015043762
6.320772e-007,0.00032689825
6.324772e-007,0.00016514267
6.328772e-007,0.00084157506
6.332772e-007,0.00032689825
6.336772e-007,0.00082687001
6.340772e-007,-0.00024659878
6.344772e-007,0.00026807804
6.348772e-007,1.8092155e-005
6.352772e-007,0.00026807804
6.356772e-007,-0.00014366342
6.360772e-007,0.00056217908
6.364772e-007,0.00059158918
6.368772e-007,0.00040042351
6.372772e-007,0.00013573257
6.376772e-007,-5.5433105e-005
6.380772e-007,-4.0728053e-005
6.384772e-007,0.00012102752
6.388772e-007,0.00031219319
6.392772e-007,-8.4843209e-005
6.396772e-007,0.00062099928
6.400772e-007,1.8092155e-005
6.404772e-007,-7.0138157e-005
6.408772e-007,0.00016514267
6.412772e-007,0.0003710134
6.416772e-007,-0.00017307352
6.420772e-007,0.00032689825
6.424772e-007,0.00022396288
6.428772e-007,0.0003710134
6.432772e-007,-0.00021718868
6.436772e-007,0.00022396288
6.440772e-007,0.00023866793
6.444772e-007,0.00029748814
6.448772e-007,1.8092155e-005
6.452772e-007,0.00032689825
6.456772e-007,-1.1317949e-005
6.460772e-007,0.0003416033
6.464772e-007,-0.00023189373
6.468772e-007,0.00060629423
6.472772e-007,-0.00020248362
6.476772e-007,3.2797207e-005
6.480772e-007,0.00013573257
6.484772e-007,-2.6023001e-005
6.488772e-007,0.00028278309
6.492772e-007,0.00016514267
6.496772e-007,9.1617415e-005
6.500772e-007,-0.00012895836
6.504772e-007,-0.00011425331
6.508772e-007,6.2207311e-005
6.512772e-007,0.00032689825
6.516772e-007,0.00041512856
6.520772e-007,0.00016514267
6.524772e-007,0.00062099928
6.528772e-007,-5.5433105e-005
6.532772e-007,-0.00012895836
6.536772e-007,0.00040042351
6.540772e-007,-4.0728053e-005
6.544772e-007,0.00020925783
6.548772e-007,0.00032689825
6.552772e-007,0.00032689825
6.556772e-007,-0.00033482909
6.560772e-007,9.1617415e-005
6.564772e-007,-0.00030541899
6.568772e-007,7.6912363e-005
6.572772e-007,3.3871028e-006
6.576772e-007,0.00022396288
6.580772e-007,0.00023866793
6.584772e-007,7.6912363e-005
6.588772e-007,-0.00026130383
6.592772e-007,0.00016514267
6.596772e-007,-0.00011425331
6.600772e-007,0.00016514267
6.604772e-007,-0.00020248362
6.608772e-007,0.00054747402
6.612772e-007,0.00010632247
6.616772e-007,0.00015043762
6.620772e-007,0.00022396288
6.624772e-007,9.1617415e-005
6.628772e-007,-9.9548261e-005
6.632772e-007,-9.9548261e-005
6.636772e-007,0.00015043762
6.640772e-007,9.1617415e-005
6.644772e-007,9.1617415e-005
6.648772e-007,0.00019455278
6.652772e-007,-9.9548261e-005
6.656772e-007,0.00016514267
6.660772e-007,7.6912363e-005
6.664772e-007,1.8092155e-005
6.668772e-007,0.00012102752
6.672772e-007,9.1617415e-005
6.676772e-007,0.00019455278
6.680772e-007,0.00012102752
6.684772e-007,-5.5433105e-005
6.688772e-007,3.3871028e-006
6.692772e-007,7.6912363e-005
6.696772e-007,1.8092155e-005
6.700772e-007,-4.0728053e-005
6.704772e-007,3.2797207e-005
6.708772e-007,0.00015043762
6.712772e-007,0.00013573257
6.716772e-007,-0.00018777857
6.720772e-007,0.00016514267
6.724772e-007,-9.9548261e-005
6.728772e-007,3.2797207e-005
6.732772e-007,-7.0138157e-005
6.736772e-007,9.1617415e-005
6.740772e-007,3.3871028e-006
6.744772e-007,-0.0004230594
6.748772e-007,7.6912363e-005
6.752772e-007,-1.1317949e-005
6.756772e-007,-0.00014366342
6.760772e-007,9.1617415e-005
6.764772e-007,0.00029748814
6.768772e-007,0.00015043762
6.772772e-007,4.7502259e-005
6.776772e-007,0.00022396288
6.780772e-007,6.2207311e-005
6.784772e-007,-9.9548261e-005
6.788772e-007,0.00050335887
6.792772e-007,-0.00012895836
6.796772e-007,0.0007386397
6.800772e-007,-0.00046717456
6.804772e-007,0.00015043762
6.808772e-007,0.00022396288
6.812772e-007,0.00023866793
6.816772e-007,-5.5433105e-005
6.820772e-007,9.1617415e-005
6.824772e-007,-5.5433105e-005
6.828772e-007,9.1617415e-005
6.832772e-007,-0.00032012404
6.836772e-007,-5.5433105e-005
6.840772e-007,0.00012102752
6.844772e-007,-8.4843209e-005
6.848772e-007,-2.6023001e-005
6.852772e-007,0.00029748814
6.856772e-007,-0.00024659878
6.860772e-007,0.00016514267
6.864772e-007,0.00015043762
6.868772e-007,-2.6023001e-005
6.872772e-007,-1.1317949e-005
6.876772e-007,6.2207311e-005
6.880772e-007,-0.0003936493
6.884772e-007,0.00013573257
6.888772e-007,0.00015043762
6.892772e-007,0.00015043762
6.896772e-007,-4.0728053e-005
6.900772e-007,-5.5433105e-005
6.904772e-007,9.1617415e-005
6.908772e-007,3.3871028e-006
6.912772e-007,3.3871028e-006
6.916772e-007,0.00017984773
6.920772e-007,0.00010632247
6.924772e-007,0.00026807804
6.928772e-007,0.00026807804
6.932772e-007,0.00012102752
6.936772e-007,-1.1317949e-005
6.940772e-007,-4.0728053e-005
6.944772e-007,4.7502259e-005
6.948772e-007,0.00028278309
6.952772e-007,0.00019455278
6.956772e-007,0.00032689825
6.960772e-007,-9.9548261e-005
6.964772e-007,0.00028278309
6.968772e-007,9.1617415e-005
6.972772e-007,-5.5433105e-005
6.976772e-007,-0.00021718868
6.980772e-007,0.00017984773
6.984772e-007,1.8092155e-005
6.988772e-007,-4.0728053e-005
6.992772e-007,-4.0728053e-005
6.996772e-007,7.6912363e-005
7.000772e-007,0.00019455278
7.004772e-007,6.2207311e-005
7.008772e-007,6.2207311e-005
7.012772e-007,0.00040042351
7.016772e-007,-0.00024659878
7.020772e-007,0.00016514267
7.024772e-007,3.3871028e-006
7.028772e-007,4.7502259e-005
7.032772e-007,0.00010632247
7.036772e-007,6.2207311e-005
7.040772e-007,-8.4843209e-005
7.044772e-007,0.00023866793
7.048772e-007,-0.00029071394
7.052772e-007,4.7502259e-005
7.056772e-007,4.7502259e-005
7.060772e-007,1.8092155e-005
7.064772e-007,9.1617415e-005
7.068772e-007,0.00017984773
7.072772e-007,0.00010632247
7.076772e-007,1.8092155e-005
7.080772e-007,0.0003416033
7.084772e-007,-0.00020248362
7.088772e-007,0.00016514267
7.092772e-007,-9.9548261e-005
7.096772e-007,0.00048865382
7.100772e-007,3.3871028e-006
7.104772e-007,7.6912363e-005
7.108772e-007,0.00035630835
7.112772e-007,0.00032689825
7.116772e-007,9.1617415e-005
7.120772e-007,9.1617415e-005
7.124772e-007,0.00020925783
7.128772e-007,0.00016514267
7.132772e-007,-4.0728053e-005
7.136772e-007,0.00056217908
7.140772e-007,-0.00011425331
7.144772e-007,1.8092155e-005
7.148772e-007,9.1617415e-005
7.152772e-007,0.00012102752
7.156772e-007,0.00017984773
7.160772e-007,0.00025337299
7.164772e-007,0.00020925783
7.168772e-007,0.00026807804
7.172772e-007,-4.0728053e-005
7.176772e-007,9.1617415e-005
7.180772e-007,-8.4843209e-005
7.184772e-007,0.00025337299
7.188772e-007,0.00035630835
7.192772e-007,-9.9548261e-005
7.196772e-007,0.00035630835
7.200772e-007,0.00040042351
7.204772e-007,7.6912363e-005
7.208772e-007,-1.1317949e-005
7.212772e-007,0.00020925783
7.216772e-007,0.00028278309
7.220772e-007,0.0003416033
7.224772e-007,0.00022396288
7.228772e-007,0.00017984773
7.232772e-007,-2.6023001e-005
7.236772e-007,-7.0138157e-005
7.240772e-007,0.00012102752
7.244772e-007,-4.0728053e-005
7.248772e-007,0.00029748814
7.252772e-007,0.00026807804
7.256772e-007,3.2797207e-005
7.260772e-007,0.00015043762
7.264772e-007,7.6912363e-005
7.268772e-007,-4.0728053e-005
7.272772e-007,9.1617415e-005
7.276772e-007,6.2207311e-005
7.280772e-007,0.00041512856
7.284772e-007,0.00016514267
7.288772e-007,0.00022396288
7.292772e-007,0.00012102752
7.296772e-007,0.0003416033
7.300772e-007,-8.4843209e-005
7.304772e-007,6.2207311e-005
7.308772e-007,-2.6023001e-005
7.312772e-007,0.00031219319
7.316772e-007,3.3871028e-006
7.320772e-007,9.1617415e-005
7.324772e-007,0.00026807804
7.328772e-007,9.1617415e-005
7.332772e-007,1.8092155e-005
7.336772e-007,3.3871028e-006
7.340772e-007,0.00041512856
7.344772e-007,7.6912363e-005
7.348772e-007,0.00012102752
7.352772e-007,4.7502259e-005
7.356772e-007,4.7502259e-005
7.360772e-007,0.00022396288
7.364772e-007,-2.6023001e-005
7.368772e-007,0.00015043762
7.372772e-007,-7.0138157e-005
7.376772e-007,0.00041512856
7.380772e-007,-2.6023001e-005
7.384772e-007,0.00023866793
7.388772e-007,6.2207311e-005
7.392772e-007,-4.0728053e-005
7.396772e-007,3.3871028e-006
7.400772e-007,0.00019455278
7.404772e-007,-1.1317949e-005
7.408772e-007,0.00017984773
7.412772e-007,9.1617415e-005
7.416772e-007,6.2207311e-005
7.420772e-007,0.00017984773
7.424772e-007,0.00012102752
7.428772e-007,0.00031219319
7.432772e-007,0.00023866793
7.436772e-007,0.00040042351
7.440772e-007,0.00015043762
7.444772e-007,3.3871028e-006
7.448772e-007,-5.5433105e-005
7.452772e-007,0.00016514267
7.456772e-007,3.2797207e-005
7.460772e-007,0.00016514267
7.464772e-007,0.00032689825
7.468772e-007,0.00035630835
7.472772e-007,4.7502259e-005
7.476772e-007,0.00015043762
7.480772e-007,0.00025337299
7.484772e-007,0.00016514267
7.488772e-007,-2.6023001e-005
7.492772e-007,0.00023866793
7.496772e-007,-0.00014366342
7.500772e-007,4.7502259e-005
7.504772e-007,0.00015043762
7.508772e-007,0.00032689825
7.512772e-007,0.00013573257
7.516772e-007,0.00020925783
7.520772e-007,-0.00011425331
7.524772e-007,0.00028278309
7.528772e-007,0.0003416033
7.532772e-007,0.00010632247
7.536772e-007,0.00022396288
7.540772e-007,0.00029748814
7.544772e-007,-2.6023001e-005
7.548772e-007,0.00016514267
7.552772e-007,-8.4843209e-005
7.556772e-007,0.00017984773
7.560772e-007,6.2207311e-005
7.564772e-007,0.00019455278
7.568772e-007,-1.1317949e-005
7.572772e-007,-2.6023001e-005
7.576772e-007,-9.9548261e-005
7.580772e-007,9.1617415e-005
7.584772e-007,3.3871028e-006
7.588772e-007,1.8092155e-005
7.592772e-007,0.00029748814
7.596772e-007,0.00013573257
7.600772e-007,0.00016514267
7.604772e-007,0.00012102752
7.608772e-007,0.00010632247
7.612772e-007,0.00019455278
7.616772e-007,3.3871028e-006
7.620772e-007,0.00032689825
7.624772e-007,-0.00017307352
7.628772e-007,0.00012102752
7.632772e-007,4.7502259e-005
7.636772e-007,0.00013573257
7.640772e-007,0.00028278309
7.644772e-007,0.00025337299
7.648772e-007,7.6912363e-005
7.652772e-007,-7.0138157e-005
7.656772e-007,0.00015043762
7.660772e-007,3.3871028e-006
7.664772e-007,9.1617415e-005
7.668772e-007,4.7502259e-005
7.672772e-007,0.00023866793
7.676772e-007,-0.00018777857
7.680772e-007,-1.1317949e-005
7.684772e-007,3.2797207e-005
7.688772e-007,0.00016514267
7.692772e-007,-1.1317949e-005
7.696772e-007,0.00020925783
7.700772e-007,7.6912363e-005
7.704772e-007,0.00016514267
7.708772e-007,6.2207311e-005
7.712772e-007,0.00012102752
7.716772e-007,3.3871028e-006
7.720772e-007,0.00042983361
7.724772e-007,1.8092155e-005
7.728772e-007,0.00017984773
7.732772e-007,-5.5433105e-005
7.736772e-007,-1.1317949e-005
7.740772e-007,3.2797207e-005
7.744772e-007,0.00022396288
7.748772e-007,4.7502259e-005
7.752772e-007,1.8092155e-005
7.756772e-007,3.2797207e-005
7.760772e-007,0.00013573257
7.764772e-007,1.8092155e-005
7.768772e-007,3.3871028e-006
7.772772e-007,0.00031219319
7.776772e-007,0.00032689825
7.780772e-007,3.3871028e-006
7.784772e-007,-0.00011425331
7.788772e-007,0.00025337299
7.792772e-007,0.00016514267
7.796772e-007,7.6912363e-005
7.800772e-007,0.00013573257
7.804772e-007,0.00019455278
7.808772e-007,9.1617415e-005
7.812772e-007,0.00025337299
7.816772e-007,-2.6023001e-005
7.820772e-007,0.00015043762
7.824772e-007,-0.00014366342
7.828772e-007,0.00032689825
7.832772e-007,0.00016514267
7.836772e-007,0.00023866793
7.840772e-007,0.00022396288
7.844772e-007,0.00031219319
7.848772e-007,0.00026807804
7.852772e-007,9.1617415e-005
7.856772e-007,6.2207311e-005
7.860772e-007,0.00022396288
7.864772e-007,0.00026807804
7.868772e-007,4.7502259e-005
7.872772e-007,0.00016514267
7.876772e-007,0.00031219319
7.880772e-007,-4.0728053e-005
7.884772e-007,0.00022396288
7.888772e-007,0.00022396288
7.892772e-007,7.6912363e-005
7.896772e-007,3.3871028e-006
7.900772e-007,4.7502259e-005
7.904772e-007,0.00020925783
7.908772e-007,3.3871028e-006
7.912772e-007,0.00022396288
7.916772e-007,0.00012102752
7.920772e-007,0.00025337299
7.924772e-007,0.00010632247
7.928772e-007,0.00019455278
7.932772e-007,0.00017984773
7.936772e-007,0.00010632247
7.940772e-007,0.00016514267
7.944772e-007,4.7502259e-005
7.948772e-007,1.8092155e-005
7.952772e-007,0.00031219319
7.956772e-007,-0.00012895836
7.960772e-007,0.00017984773
7.964772e-007,0.00010632247
7.968772e-007,7.6912363e-005
7.972772e-007,0.00020925783
7.976772e-007,0.00010632247
7.980772e-007,0.00029748814
7.984772e-007,7.6912363e-005
7.988772e-007,7.6912363e-005
7.992772e-007,0.00013573257
7.996772e-007,0.00012102752
8.000772e-007,0.00022396288
