LECROYWS4104HD,18971,Waveform
Segments,1,SegmentSize,2502
Segment,TrigTime,TimeSinceSegment1
#1,14-Jan-2025 18:04:01,0                 
Time,Ampl
-2.002058e-007,0.0235551
-1.998058e-007,0.0235551
-1.994058e-007,0.0212023
-1.990058e-007,0.0164965
-1.986058e-007,0.0235551
-1.982058e-007,0.0212023
-1.978058e-007,0.0282609
-1.974058e-007,0.0141436
-1.970058e-007,0.0235551
-1.966058e-007,0.0164965
-1.962058e-007,0.0188494
-1.958058e-007,0.0164965
-1.954058e-007,0.0212023
-1.950058e-007,0.0141436
-1.946058e-007,0.0212023
-1.942058e-007,0.0164965
-1.938058e-007,0.0141436
-1.934058e-007,0.025908
-1.930058e-007,0.025908
-1.926058e-007,0.0282609
-1.922058e-007,0.025908
-1.918058e-007,0.0117907
-1.914058e-007,0.0164965
-1.910058e-007,0.0188494
-1.906058e-007,0.0164965
-1.902058e-007,0.0141436
-1.898058e-007,0.0164965
-1.894058e-007,0.0117907
-1.890058e-007,0.0235551
-1.886058e-007,0.0141436
-1.882058e-007,0.025908
-1.878058e-007,0.0164965
-1.874058e-007,0.0282609
-1.870058e-007,0.0164965
-1.866058e-007,0.0164965
-1.862058e-007,0.025908
-1.858058e-007,0.025908
-1.854058e-007,0.00943787
-1.850058e-007,0.0164965
-1.846058e-007,0.0235551
-1.842058e-007,0.0212023
-1.838058e-007,0.0117907
-1.834058e-007,0.0282609
-1.830058e-007,0.0117907
-1.826058e-007,0.0117907
-1.822058e-007,0.0188494
-1.818058e-007,0.0212023
-1.814058e-007,0.0188494
-1.810058e-007,0.0141436
-1.806058e-007,0.0164965
-1.802058e-007,0.0141436
-1.798058e-007,0.0282609
-1.794058e-007,0.0164965
-1.790058e-007,0.0212023
-1.786058e-007,0.025908
-1.782058e-007,0.00943787
-1.778058e-007,0.0141436
-1.774058e-007,0.0188494
-1.770058e-007,0.0188494
-1.766058e-007,0.0164965
-1.762058e-007,0.0188494
-1.758058e-007,0.0188494
-1.754058e-007,0.0282609
-1.750058e-007,0.00943787
-1.746058e-007,0.0282609
-1.742058e-007,0.0141436
-1.738058e-007,0.0164965
-1.734058e-007,0.0282609
-1.730058e-007,0.0188494
-1.726058e-007,0.0212023
-1.722058e-007,0.0353195
-1.718058e-007,0.0282609
-1.714058e-007,0.0235551
-1.710058e-007,0.0188494
-1.706058e-007,0.0141436
-1.702058e-007,0.0141436
-1.698058e-007,0.0212023
-1.694058e-007,0.0141436
-1.690058e-007,0.0164965
-1.686058e-007,0.0117907
-1.682058e-007,0.0188494
-1.678058e-007,0.0117907
-1.674058e-007,0.0212023
-1.670058e-007,0.0164965
-1.666058e-007,0.0235551
-1.662058e-007,0.0164965
-1.658058e-007,0.0164965
-1.654058e-007,0.0164965
-1.650058e-007,0.0188494
-1.646058e-007,0.0212023
-1.642058e-007,0.0188494
-1.638058e-007,0.0164965
-1.634058e-007,0.0353195
-1.630058e-007,0.00943787
-1.626058e-007,0.0141436
-1.622058e-007,0.0212023
-1.618058e-007,0.0282609
-1.614058e-007,0.0141436
-1.610058e-007,0.0235551
-1.606058e-007,0.025908
-1.602058e-007,0.0282609
-1.598058e-007,0.0212023
-1.594058e-007,0.0212023
-1.590058e-007,0.0117907
-1.586058e-007,0.025908
-1.582058e-007,0.0212023
-1.578058e-007,0.0282609
-1.574058e-007,0.0164965
-1.570058e-007,0.0188494
-1.566058e-007,0.0141436
-1.562058e-007,0.0164965
-1.558058e-007,0.0141436
-1.554058e-007,0.0212023
-1.550058e-007,0.0188494
-1.546058e-007,0.0212023
-1.542058e-007,0.0212023
-1.538058e-007,0.00473211
-1.534058e-007,0.00943787
-1.530058e-007,0.0164965
-1.526058e-007,0.0164965
-1.522058e-007,0.0141436
-1.518058e-007,0.0212023
-1.514058e-007,0.0117907
-1.510058e-007,0.0164965
-1.506058e-007,0.0212023
-1.502058e-007,0.0164965
-1.498058e-007,0.0164965
-1.494058e-007,0.0117907
-1.490058e-007,0.0212023
-1.486058e-007,0.0117907
-1.482058e-007,0.0212023
-1.478058e-007,0.0235551
-1.474058e-007,0.025908
-1.470058e-007,0.0117907
-1.466058e-007,0.0282609
-1.462058e-007,0.0164965
-1.458058e-007,0.0141436
-1.454058e-007,0.0117907
-1.450058e-007,0.0235551
-1.446058e-007,0.00943787
-1.442058e-007,0.0188494
-1.438058e-007,0.00943787
-1.434058e-007,0.0117907
-1.430058e-007,0.0164965
-1.426058e-007,0.00708499
-1.422058e-007,0.0188494
-1.418058e-007,0.0235551
-1.414058e-007,0.0117907
-1.410058e-007,0.0188494
-1.406058e-007,0.0164965
-1.402058e-007,0.0141436
-1.398058e-007,0.0212023
-1.394058e-007,0.0282609
-1.390058e-007,0.0188494
-1.386058e-007,0.0188494
-1.382058e-007,0.0235551
-1.378058e-007,0.0282609
-1.374058e-007,0.0141436
-1.370058e-007,0.025908
-1.366058e-007,0.0141436
-1.362058e-007,0.0329667
-1.358058e-007,0.0164965
-1.354058e-007,0.0117907
-1.350058e-007,0.0164965
-1.346058e-007,0.0188494
-1.342058e-007,0.0188494
-1.338058e-007,0.0188494
-1.334058e-007,0.0235551
-1.330058e-007,0.0212023
-1.326058e-007,0.0306138
-1.322058e-007,0.0282609
-1.318058e-007,0.0141436
-1.314058e-007,0.0164965
-1.310058e-007,0.0188494
-1.306058e-007,0.0164965
-1.302058e-007,0.0212023
-1.298058e-007,0.0212023
-1.294058e-007,0.0188494
-1.290058e-007,0.0212023
-1.286058e-007,0.0212023
-1.282058e-007,0.0117907
-1.278058e-007,0.0117907
-1.274058e-007,0.0212023
-1.270058e-007,0.0164965
-1.266058e-007,0.00943787
-1.262058e-007,0.0164965
-1.258058e-007,0.0164965
-1.254058e-007,0.0141436
-1.250058e-007,0.025908
-1.246058e-007,0.0235551
-1.242058e-007,0.0188494
-1.238058e-007,0.0188494
-1.234058e-007,0.0188494
-1.230058e-007,0.0117907
-1.226058e-007,0.0212023
-1.222058e-007,0.0235551
-1.218058e-007,0.0188494
-1.214058e-007,0.0212023
-1.210058e-007,0.0235551
-1.206058e-007,0.0141436
-1.202058e-007,0.0212023
-1.198058e-007,0.0141436
-1.194058e-007,0.0117907
-1.190058e-007,0.00708499
-1.186058e-007,0.0282609
-1.182058e-007,0.0212023
-1.178058e-007,0.0164965
-1.174058e-007,0.0188494
-1.170058e-007,0.0117907
-1.166058e-007,0.0188494
-1.162058e-007,0.0235551
-1.158058e-007,0.0282609
-1.154058e-007,0.025908
-1.150058e-007,0.0164965
-1.146058e-007,0.025908
-1.142058e-007,0.0212023
-1.138058e-007,0.0282609
-1.134058e-007,0.00708499
-1.130058e-007,0.025908
-1.126058e-007,0.0164965
-1.122058e-007,0.0282609
-1.118058e-007,0.0188494
-1.114058e-007,0.0188494
-1.110058e-007,0.0164965
-1.106058e-007,0.0306138
-1.102058e-007,0.0141436
-1.098058e-007,0.0188494
-1.094058e-007,0.0141436
-1.090058e-007,0.0188494
-1.086058e-007,0.0141436
-1.082058e-007,0.0212023
-1.078058e-007,0.025908
-1.074058e-007,0.025908
-1.070058e-007,0.0117907
-1.066058e-007,0.0235551
-1.062058e-007,0.0117907
-1.058058e-007,0.0212023
-1.054058e-007,0.0141436
-1.050058e-007,0.0164965
-1.046058e-007,0.0212023
-1.042058e-007,0.0164965
-1.038058e-007,0.0212023
-1.034058e-007,0.0117907
-1.030058e-007,0.0212023
-1.026058e-007,0.0117907
-1.022058e-007,0.0164965
-1.018058e-007,0.0212023
-1.014058e-007,0.0188494
-1.010058e-007,0.0141436
-1.006058e-007,0.025908
-1.002058e-007,0.0212023
-9.98058e-008,0.0188494
-9.94058e-008,0.025908
-9.90058e-008,0.00943787
-9.86058e-008,0.0282609
-9.82058e-008,0.0212023
-9.78058e-008,0.0188494
-9.74058e-008,0.0164965
-9.70058e-008,0.025908
-9.66058e-008,0.0235551
-9.62058e-008,0.0188494
-9.58058e-008,0.0188494
-9.54058e-008,0.0353195
-9.50058e-008,0.0164965
-9.46058e-008,0.0164965
-9.42058e-008,0.0188494
-9.38058e-008,0.0141436
-9.34058e-008,0.00943787
-9.30058e-008,0.0188494
-9.26058e-008,0.00943787
-9.22058e-008,0.0117907
-9.18058e-008,0.0117907
-9.14058e-008,0.0164965
-9.10058e-008,0.0235551
-9.06058e-008,0.025908
-9.02058e-008,0.0235551
-8.98058e-008,0.025908
-8.94058e-008,0.0164965
-8.90058e-008,0.025908
-8.86058e-008,0.0212023
-8.82058e-008,0.0306138
-8.78058e-008,0.0141436
-8.74058e-008,0.0188494
-8.70058e-008,0.0117907
-8.66058e-008,0.0235551
-8.62058e-008,0.0188494
-8.58058e-008,0.0235551
-8.54058e-008,0.0212023
-8.50058e-008,0.0282609
-8.46058e-008,0.0164965
-8.42058e-008,0.0164965
-8.38058e-008,0.0329667
-8.34058e-008,0.0188494
-8.30058e-008,0.0188494
-8.26058e-008,0.0164965
-8.22058e-008,0.0117907
-8.18058e-008,0.0141436
-8.14058e-008,0.0282609
-8.10058e-008,0.0329667
-8.06058e-008,0.0212023
-8.02058e-008,0.0235551
-7.98058e-008,0.0188494
-7.94058e-008,0.0117907
-7.90058e-008,0.0117907
-7.86058e-008,0.00708499
-7.82058e-008,0.0235551
-7.78058e-008,0.0117907
-7.74058e-008,0.0306138
-7.70058e-008,0.00943787
-7.66058e-008,0.0117907
-7.62058e-008,0.0164965
-7.58058e-008,0.0188494
-7.54058e-008,0.00943787
-7.50058e-008,0.0164965
-7.46058e-008,0.0117907
-7.42058e-008,0.0212023
-7.38058e-008,0.0282609
-7.34058e-008,0.0117907
-7.30058e-008,0.0164965
-7.26058e-008,0.00943787
-7.22058e-008,0.0212023
-7.18058e-008,0.0141436
-7.14058e-008,0.0164965
-7.10058e-008,0.0188494
-7.06058e-008,0.0188494
-7.02058e-008,0.0141436
-6.98058e-008,0.0306138
-6.94058e-008,0.0117907
-6.90058e-008,0.0188494
-6.86058e-008,0.0188494
-6.82058e-008,0.0188494
-6.78058e-008,0.0164965
-6.74058e-008,0.0212023
-6.70058e-008,0.0141436
-6.66058e-008,0.0235551
-6.62058e-008,0.0164965
-6.58058e-008,0.0188494
-6.54058e-008,0.0188494
-6.50058e-008,0.0306138
-6.46058e-008,0.0117907
-6.42058e-008,0.0329667
-6.38058e-008,0.0164965
-6.34058e-008,0.0282609
-6.30058e-008,0.0235551
-6.26058e-008,0.025908
-6.22058e-008,0.0188494
-6.18058e-008,0.0188494
-6.14058e-008,0.0164965
-6.10058e-008,0.025908
-6.06058e-008,0.00943787
-6.02058e-008,0.0164965
-5.98058e-008,0.0212023
-5.94058e-008,0.0282609
-5.90058e-008,0.0164965
-5.86058e-008,0.00708499
-5.82058e-008,0.0212023
-5.78058e-008,0.0164965
-5.74058e-008,0.0141436
-5.70058e-008,0.025908
-5.66058e-008,0.0212023
-5.62058e-008,0.0212023
-5.58058e-008,0.0164965
-5.54058e-008,0.0306138
-5.50058e-008,0.0117907
-5.46058e-008,0.0188494
-5.42058e-008,0.0141436
-5.38058e-008,0.0212023
-5.34058e-008,0.0117907
-5.30058e-008,0.0164965
-5.26058e-008,0.025908
-5.22058e-008,0.0212023
-5.18058e-008,0.0212023
-5.14058e-008,0.0117907
-5.10058e-008,0.0117907
-5.06058e-008,0.0164965
-5.02058e-008,0.0117907
-4.98058e-008,0.0212023
-4.94058e-008,0.0164965
-4.90058e-008,0.0164965
-4.86058e-008,0.0235551
-4.82058e-008,0.0306138
-4.78058e-008,0.0235551
-4.74058e-008,0.0212023
-4.70058e-008,0.0188494
-4.66058e-008,0.025908
-4.62058e-008,0.0164965
-4.58058e-008,0.0235551
-4.54058e-008,0.0235551
-4.50058e-008,0.0164965
-4.46058e-008,0.0235551
-4.42058e-008,0.025908
-4.38058e-008,0.025908
-4.34058e-008,0.0282609
-4.30058e-008,0.00943787
-4.26058e-008,0.0212023
-4.22058e-008,0.00943787
-4.18058e-008,0.025908
-4.14058e-008,0.0117907
-4.10058e-008,0.0282609
-4.06058e-008,0.0235551
-4.02058e-008,0.0141436
-3.98058e-008,0.0188494
-3.94058e-008,0.0329667
-3.90058e-008,0.0282609
-3.86058e-008,0.0188494
-3.82058e-008,0.0188494
-3.78058e-008,0.0306138
-3.74058e-008,0.0117907
-3.70058e-008,0.025908
-3.66058e-008,0.0212023
-3.62058e-008,0.0212023
-3.58058e-008,0.0141436
-3.54058e-008,0.0306138
-3.50058e-008,0.00943787
-3.46058e-008,0.0235551
-3.42058e-008,0.0212023
-3.38058e-008,0.025908
-3.34058e-008,0.0141436
-3.30058e-008,0.025908
-3.26058e-008,0.0235551
-3.22058e-008,0.0188494
-3.18058e-008,0.0212023
-3.14058e-008,0.025908
-3.10058e-008,0.0117907
-3.06058e-008,0.0212023
-3.02058e-008,0.0235551
-2.98058e-008,0.0212023
-2.94058e-008,0.0164965
-2.90058e-008,0.0188494
-2.86058e-008,0.0141436
-2.82058e-008,0.025908
-2.78058e-008,0.0164965
-2.74058e-008,0.0164965
-2.70058e-008,0.0164965
-2.66058e-008,0.0212023
-2.62058e-008,0.025908
-2.58058e-008,0.0164965
-2.54058e-008,0.0188494
-2.50058e-008,0.0164965
-2.46058e-008,0.0212023
-2.42058e-008,0.0188494
-2.38058e-008,0.0188494
-2.34058e-008,0.0212023
-2.30058e-008,0.0141436
-2.26058e-008,0.0212023
-2.22058e-008,0.025908
-2.18058e-008,0.0329667
-2.14058e-008,0.0117907
-2.10058e-008,0.0212023
-2.06058e-008,0.0164965
-2.02058e-008,0.0188494
-1.98058e-008,0.0188494
-1.94058e-008,0.0188494
-1.90058e-008,0.0212023
-1.86058e-008,0.0353195
-1.82058e-008,0.00237923
-1.78058e-008,0.0188494
-1.74058e-008,0.00943787
-1.70058e-008,0.0141436
-1.66058e-008,0.00943787
-1.62058e-008,0.0141436
-1.58058e-008,0.0141436
-1.54058e-008,0.0212023
-1.50058e-008,0.0117907
-1.46058e-008,0.0141436
-1.42058e-008,0.0235551
-1.38058e-008,0.0235551
-1.34058e-008,0.0141436
-1.30058e-008,0.0188494
-1.26058e-008,0.00943787
-1.22058e-008,0.0212023
-1.18058e-008,0.0188494
-1.14058e-008,0.0235551
-1.10058e-008,0.0212023
-1.06058e-008,0.0212023
-1.02058e-008,0.0188494
-9.8058e-009,0.0235551
-9.4058e-009,0.0141436
-9.0058e-009,0.0141436
-8.6058e-009,0.0282609
-8.2058e-009,0.0282609
-7.8058e-009,0.00943787
-7.4058e-009,0.0212023
-7.0058e-009,0.0164965
-6.6058e-009,0.0141436
-6.2058e-009,0.0141436
-5.8058e-009,0.0306138
-5.4058e-009,0.0141436
-5.0058e-009,0.0164965
-4.6058e-009,0.0212023
-4.2058e-009,0.0306138
-3.8058e-009,0.0141436
-3.4058e-009,0.025908
-3.0058e-009,0.0141436
-2.6058e-009,0.0235551
-2.2058e-009,0.0706127
-1.8058e-009,0.185904
-1.4058e-009,0.357664
-1.0058e-009,0.592952
-6.058e-010,0.896473
-2.058e-010,1.20941
1.942e-010,1.55999
5.942e-010,1.90821
9.942e-010,2.23056
1.3942e-009,2.52231
1.7942e-009,2.79054
2.1942e-009,3.02112
2.5942e-009,3.21877
2.9942e-009,3.39288
3.3942e-009,3.51052
3.7942e-009,3.63052
4.1942e-009,3.71522
4.5942e-009,3.77169
4.9942e-009,3.82581
5.3942e-009,3.87287
5.7942e-009,3.90581
6.1942e-009,3.9411
6.5942e-009,3.95757
6.9942e-009,3.99522
7.3942e-009,3.99757
7.7942e-009,4.0211
8.1942e-009,4.01639
8.5942e-009,4.04698
8.9942e-009,4.04698
9.3942e-009,4.05639
9.7942e-009,4.06345
1.01942e-008,4.07757
1.05942e-008,4.08462
1.09942e-008,4.09404
1.13942e-008,4.10345
1.17942e-008,4.11051
1.21942e-008,4.10815
1.25942e-008,4.11756
1.29942e-008,4.11756
1.33942e-008,4.12462
1.37942e-008,4.13639
1.41942e-008,4.1458
1.45942e-008,4.14345
1.49942e-008,4.13874
1.53942e-008,4.14109
1.57942e-008,4.15051
1.61942e-008,4.15756
1.65942e-008,4.14815
1.69942e-008,4.15286
1.73942e-008,4.16698
1.77942e-008,4.14815
1.81942e-008,4.15756
1.85942e-008,4.15756
1.89942e-008,4.15992
1.93942e-008,4.16698
1.97942e-008,4.1858
2.01942e-008,4.16933
2.05942e-008,4.17403
2.09942e-008,4.17639
2.13942e-008,4.19992
2.17942e-008,4.18815
2.21942e-008,4.1858
2.25942e-008,4.19992
2.29942e-008,4.20227
2.33942e-008,4.19992
2.37942e-008,4.19756
2.41942e-008,4.20227
2.45942e-008,4.20697
2.49942e-008,4.21639
2.53942e-008,4.21874
2.57942e-008,4.21403
2.61942e-008,4.21874
2.65942e-008,4.21639
2.69942e-008,4.21639
2.73942e-008,4.21403
2.77942e-008,4.2258
2.81942e-008,4.22344
2.85942e-008,4.22344
2.89942e-008,4.21639
2.93942e-008,4.21874
2.97942e-008,4.21874
3.01942e-008,4.21403
3.05942e-008,4.22109
3.09942e-008,4.22344
3.13942e-008,4.22815
3.17942e-008,4.21874
3.21942e-008,4.22344
3.25942e-008,4.24933
3.29942e-008,4.23286
3.33942e-008,4.23521
3.37942e-008,4.2258
3.41942e-008,4.24462
3.45942e-008,4.23521
3.49942e-008,4.24697
3.53942e-008,4.23521
3.57942e-008,4.24227
3.61942e-008,4.23991
3.65942e-008,4.23991
3.69942e-008,4.23991
3.73942e-008,4.23756
3.77942e-008,4.24227
3.81942e-008,4.24462
3.85942e-008,4.23286
3.89942e-008,4.23756
3.93942e-008,4.24462
3.97942e-008,4.25403
4.01942e-008,4.24462
4.05942e-008,4.23991
4.09942e-008,4.24227
4.13942e-008,4.24933
4.17942e-008,4.24933
4.21942e-008,4.25168
4.25942e-008,4.24933
4.29942e-008,4.25874
4.33942e-008,4.25168
4.37942e-008,4.25403
4.41942e-008,4.25874
4.45942e-008,4.2658
4.49942e-008,4.25403
4.53942e-008,4.27521
4.57942e-008,4.24697
4.61942e-008,4.2658
4.65942e-008,4.25874
4.69942e-008,4.2658
4.73942e-008,4.26109
4.77942e-008,4.25874
4.81942e-008,4.25638
4.85942e-008,4.2658
4.89942e-008,4.25874
4.93942e-008,4.25403
4.97942e-008,4.25874
5.01942e-008,4.26109
5.05942e-008,4.26815
5.09942e-008,4.2658
5.13942e-008,4.25638
5.17942e-008,4.27285
5.21942e-008,4.2658
5.25942e-008,4.25638
5.29942e-008,4.2658
5.33942e-008,4.26344
5.37942e-008,4.26815
5.41942e-008,4.2658
5.45942e-008,4.26344
5.49942e-008,4.26344
5.53942e-008,4.26344
5.57942e-008,4.2705
5.61942e-008,4.2705
5.65942e-008,4.26815
5.69942e-008,4.27521
5.73942e-008,4.26344
5.77942e-008,4.2705
5.81942e-008,4.28933
5.85942e-008,4.27521
5.89942e-008,4.26815
5.93942e-008,4.26344
5.97942e-008,4.2705
6.01942e-008,4.26344
6.05942e-008,4.2705
6.09942e-008,4.26109
6.13942e-008,4.27521
6.17942e-008,4.2705
6.21942e-008,4.2705
6.25942e-008,4.27756
6.29942e-008,4.2658
6.33942e-008,4.2705
6.37942e-008,4.2705
6.41942e-008,4.26815
6.45942e-008,4.28462
6.49942e-008,4.27521
6.53942e-008,4.28697
6.57942e-008,4.27991
6.61942e-008,4.27521
6.65942e-008,4.2658
6.69942e-008,4.27285
6.73942e-008,4.2705
6.77942e-008,4.27285
6.81942e-008,4.2705
6.85942e-008,4.27756
6.89942e-008,4.2658
6.93942e-008,4.27521
6.97942e-008,4.27285
7.01942e-008,4.27756
7.05942e-008,4.2658
7.09942e-008,4.27991
7.13942e-008,4.2658
7.17942e-008,4.27285
7.21942e-008,4.27756
7.25942e-008,4.28933
7.29942e-008,4.26344
7.33942e-008,4.27756
7.37942e-008,4.27521
7.41942e-008,4.2705
7.45942e-008,4.2705
7.49942e-008,4.2658
7.53942e-008,4.28227
7.57942e-008,4.27285
7.61942e-008,4.27521
7.65942e-008,4.2705
7.69942e-008,4.27756
7.73942e-008,4.27521
7.77942e-008,4.26815
7.81942e-008,4.26815
7.85942e-008,4.27521
7.89942e-008,4.27756
7.93942e-008,4.27521
7.97942e-008,4.28697
8.01942e-008,4.27991
8.05942e-008,4.28227
8.09942e-008,4.27285
8.13942e-008,4.28227
8.17942e-008,4.27991
8.21942e-008,4.29403
8.25942e-008,4.27991
8.29942e-008,4.2705
8.33942e-008,4.27756
8.37942e-008,4.28933
8.41942e-008,4.28227
8.45942e-008,4.27756
8.49942e-008,4.27285
8.53942e-008,4.29168
8.57942e-008,4.27521
8.61942e-008,4.27991
8.65942e-008,4.26815
8.69942e-008,4.27521
8.73942e-008,4.27991
8.77942e-008,4.27991
8.81942e-008,4.27756
8.85942e-008,4.27521
8.89942e-008,4.27991
8.93942e-008,4.27991
8.97942e-008,4.25874
9.01942e-008,4.26815
9.05942e-008,4.28462
9.09942e-008,4.28697
9.13942e-008,4.2705
9.17942e-008,4.2705
9.21942e-008,4.26344
9.25942e-008,4.27991
9.29942e-008,4.2705
9.33942e-008,4.27991
9.37942e-008,4.2705
9.41942e-008,4.27521
9.45942e-008,4.26109
9.49942e-008,4.27521
9.53942e-008,4.27521
9.57942e-008,4.2705
9.61942e-008,4.27285
9.65942e-008,4.27756
9.69942e-008,4.26815
9.73942e-008,4.27285
9.77942e-008,4.27521
9.81942e-008,4.27756
9.85942e-008,4.2658
9.89942e-008,4.27521
9.93942e-008,4.2658
9.97942e-008,4.27756
1.001942e-007,4.2705
1.005942e-007,4.2705
1.009942e-007,4.27756
1.013942e-007,4.27991
1.017942e-007,4.28697
1.021942e-007,4.27521
1.025942e-007,4.28227
1.029942e-007,4.27756
1.033942e-007,4.28697
1.037942e-007,4.26815
1.041942e-007,4.2705
1.045942e-007,4.27285
1.049942e-007,4.26815
1.053942e-007,4.26815
1.057942e-007,4.2705
1.061942e-007,4.2705
1.065942e-007,4.25874
1.069942e-007,4.2658
1.073942e-007,4.26344
1.077942e-007,4.2705
1.081942e-007,4.27521
1.085942e-007,4.26815
1.089942e-007,4.26344
1.093942e-007,4.27991
1.097942e-007,4.27756
1.101942e-007,4.27285
1.105942e-007,4.26344
1.109942e-007,4.2705
1.113942e-007,4.2658
1.117942e-007,4.2658
1.121942e-007,4.25168
1.125942e-007,4.26344
1.129942e-007,4.2658
1.133942e-007,4.27756
1.137942e-007,4.26109
1.141942e-007,4.25403
1.145942e-007,4.26109
1.149942e-007,4.2658
1.153942e-007,4.26815
1.157942e-007,4.26815
1.161942e-007,4.2705
1.165942e-007,4.27756
1.169942e-007,4.26815
1.173942e-007,4.26109
1.177942e-007,4.26109
1.181942e-007,4.2705
1.185942e-007,4.2705
1.189942e-007,4.27285
1.193942e-007,4.2705
1.197942e-007,4.2705
1.201942e-007,4.25874
1.205942e-007,4.26815
1.209942e-007,4.27521
1.213942e-007,4.27756
1.217942e-007,4.26109
1.221942e-007,4.27756
1.225942e-007,4.26344
1.229942e-007,4.27285
1.233942e-007,4.2658
1.237942e-007,4.27756
1.241942e-007,4.27521
1.245942e-007,4.26109
1.249942e-007,4.26815
1.253942e-007,4.2658
1.257942e-007,4.27521
1.261942e-007,4.26109
1.265942e-007,4.27756
1.269942e-007,4.27521
1.273942e-007,4.27756
1.277942e-007,4.26815
1.281942e-007,4.26815
1.285942e-007,4.26815
1.289942e-007,4.27521
1.293942e-007,4.26815
1.297942e-007,4.27991
1.301942e-007,4.27756
1.305942e-007,4.26815
1.309942e-007,4.2705
1.313942e-007,4.2658
1.317942e-007,4.2705
1.321942e-007,4.26344
1.325942e-007,4.25874
1.329942e-007,4.25168
1.333942e-007,4.26344
1.337942e-007,4.24227
1.341942e-007,4.2258
1.345942e-007,4.20697
1.349942e-007,4.19756
1.353942e-007,4.17403
1.357942e-007,4.14345
1.361942e-007,4.12462
1.365942e-007,4.1058
1.369942e-007,4.08462
1.373942e-007,4.07051
1.377942e-007,4.05639
1.381942e-007,4.05404
1.385942e-007,4.04227
1.389942e-007,4.02345
1.393942e-007,4.02816
1.397942e-007,4.01404
1.401942e-007,4.00698
1.405942e-007,4.00933
1.409942e-007,4.00227
1.413942e-007,3.99286
1.417942e-007,3.99522
1.421942e-007,3.99757
1.425942e-007,3.99286
1.429942e-007,3.97639
1.433942e-007,3.97639
1.437942e-007,3.97639
1.441942e-007,3.95992
1.445942e-007,3.97169
1.449942e-007,3.96227
1.453942e-007,3.97169
1.457942e-007,3.95992
1.461942e-007,3.95286
1.465942e-007,3.95992
1.469942e-007,3.95522
1.473942e-007,3.95286
1.477942e-007,3.96698
1.481942e-007,3.9458
1.485942e-007,3.94816
1.489942e-007,3.95757
1.493942e-007,3.95051
1.497942e-007,3.9458
1.501942e-007,3.9458
1.505942e-007,3.9411
1.509942e-007,3.9411
1.513942e-007,3.93169
1.517942e-007,3.93404
1.521942e-007,3.94345
1.525942e-007,3.93404
1.529942e-007,3.95522
1.533942e-007,3.92933
1.537942e-007,3.93169
1.541942e-007,3.9411
1.545942e-007,3.9411
1.549942e-007,3.9411
1.553942e-007,3.93639
1.557942e-007,3.93875
1.561942e-007,3.93875
1.565942e-007,3.93639
1.569942e-007,3.93404
1.573942e-007,3.92463
1.577942e-007,3.92933
1.581942e-007,3.93875
1.585942e-007,3.92933
1.589942e-007,3.94345
1.593942e-007,3.92698
1.597942e-007,3.93169
1.601942e-007,3.93169
1.605942e-007,3.93639
1.609942e-007,3.93169
1.613942e-007,3.93169
1.617942e-007,3.91757
1.621942e-007,3.93169
1.625942e-007,3.92463
1.629942e-007,3.92228
1.633942e-007,3.91051
1.637942e-007,3.92463
1.641942e-007,3.93404
1.645942e-007,3.91992
1.649942e-007,3.93639
1.653942e-007,3.92463
1.657942e-007,3.91992
1.661942e-007,3.91992
1.665942e-007,3.91992
1.669942e-007,3.91522
1.673942e-007,3.91286
1.677942e-007,3.92463
1.681942e-007,3.91992
1.685942e-007,3.91992
1.689942e-007,3.91051
1.693942e-007,3.91757
1.697942e-007,3.91757
1.701942e-007,3.92933
1.705942e-007,3.91051
1.709942e-007,3.91992
1.713942e-007,3.91051
1.717942e-007,3.91757
1.721942e-007,3.92228
1.725942e-007,3.91286
1.729942e-007,3.91757
1.733942e-007,3.93169
1.737942e-007,3.91992
1.741942e-007,3.91992
1.745942e-007,3.92698
1.749942e-007,3.92463
1.753942e-007,3.91522
1.757942e-007,3.92228
1.761942e-007,3.91992
1.765942e-007,3.91992
1.769942e-007,3.91757
1.773942e-007,3.91051
1.777942e-007,3.91757
1.781942e-007,3.91992
1.785942e-007,3.92228
1.789942e-007,3.91051
1.793942e-007,3.91051
1.797942e-007,3.92463
1.801942e-007,3.91992
1.805942e-007,3.90816
1.809942e-007,3.91286
1.813942e-007,3.92228
1.817942e-007,3.91757
1.821942e-007,3.91051
1.825942e-007,3.91286
1.829942e-007,3.90816
1.833942e-007,3.91286
1.837942e-007,3.92698
1.841942e-007,3.91757
1.845942e-007,3.91051
1.849942e-007,3.91286
1.853942e-007,3.91757
1.857942e-007,3.91992
1.861942e-007,3.92933
1.865942e-007,3.91992
1.869942e-007,3.91522
1.873942e-007,3.91051
1.877942e-007,3.92698
1.881942e-007,3.91286
1.885942e-007,3.92228
1.889942e-007,3.91051
1.893942e-007,3.91522
1.897942e-007,3.91286
1.901942e-007,3.91286
1.905942e-007,3.91757
1.909942e-007,3.91286
1.913942e-007,3.91051
1.917942e-007,3.91522
1.921942e-007,3.90345
1.925942e-007,3.91992
1.929942e-007,3.91286
1.933942e-007,3.91757
1.937942e-007,3.91757
1.941942e-007,3.91051
1.945942e-007,3.90816
1.949942e-007,3.92933
1.953942e-007,3.91051
1.957942e-007,3.92463
1.961942e-007,3.91522
1.965942e-007,3.92463
1.969942e-007,3.91992
1.973942e-007,3.91757
1.977942e-007,3.91522
1.981942e-007,3.91992
1.985942e-007,3.92228
1.989942e-007,3.92228
1.993942e-007,3.91051
1.997942e-007,3.92228
2.001942e-007,3.91757
2.005942e-007,3.93875
2.009942e-007,3.92463
2.013942e-007,3.91522
2.017942e-007,3.91286
2.021942e-007,3.91286
2.025942e-007,3.92228
2.029942e-007,3.91051
2.033942e-007,3.91992
2.037942e-007,3.92463
2.041942e-007,3.92463
2.045942e-007,3.91992
2.049942e-007,3.91992
2.053942e-007,3.91757
2.057942e-007,3.93404
2.061942e-007,3.91522
2.065942e-007,3.92463
2.069942e-007,3.92933
2.073942e-007,3.92698
2.077942e-007,3.91757
2.081942e-007,3.91286
2.085942e-007,3.92463
2.089942e-007,3.91286
2.093942e-007,3.92228
2.097942e-007,3.91757
2.101942e-007,3.92463
2.105942e-007,3.92698
2.109942e-007,3.92228
2.113942e-007,3.91992
2.117942e-007,3.93404
2.121942e-007,3.93169
2.125942e-007,3.93169
2.129942e-007,3.91286
2.133942e-007,3.93169
2.137942e-007,3.91522
2.141942e-007,3.91992
2.145942e-007,3.91286
2.149942e-007,3.91992
2.153942e-007,3.91522
2.157942e-007,3.91992
2.161942e-007,3.92698
2.165942e-007,3.91522
2.169942e-007,3.91286
2.173942e-007,3.92463
2.177942e-007,3.90816
2.181942e-007,3.91992
2.185942e-007,3.92933
2.189942e-007,3.92228
2.193942e-007,3.92463
2.197942e-007,3.92463
2.201942e-007,3.91757
2.205942e-007,3.92698
2.209942e-007,3.92228
2.213942e-007,3.93169
2.217942e-007,3.92228
2.221942e-007,3.93169
2.225942e-007,3.92698
2.229942e-007,3.92463
2.233942e-007,3.92228
2.237942e-007,3.92698
2.241942e-007,3.92933
2.245942e-007,3.92933
2.249942e-007,3.92698
2.253942e-007,3.93404
2.257942e-007,3.92933
2.261942e-007,3.93169
2.265942e-007,3.92933
2.269942e-007,3.93169
2.273942e-007,3.91757
2.277942e-007,3.92463
2.281942e-007,3.92698
2.285942e-007,3.92228
2.289942e-007,3.93404
2.293942e-007,3.92228
2.297942e-007,3.93639
2.301942e-007,3.92463
2.305942e-007,3.92463
2.309942e-007,3.92463
2.313942e-007,3.92228
2.317942e-007,3.92463
2.321942e-007,3.93169
2.325942e-007,3.93404
2.329942e-007,3.92698
2.333942e-007,3.92698
2.337942e-007,3.92463
2.341942e-007,3.92463
2.345942e-007,3.91992
2.349942e-007,3.93875
2.353942e-007,3.91992
2.357942e-007,3.93404
2.361942e-007,3.93639
2.365942e-007,3.93169
2.369942e-007,3.92933
2.373942e-007,3.93639
2.377942e-007,3.93169
2.381942e-007,3.92698
2.385942e-007,3.92228
2.389942e-007,3.93169
2.393942e-007,3.92698
2.397942e-007,3.92933
2.401942e-007,3.92698
2.405942e-007,3.92463
2.409942e-007,3.92698
2.413942e-007,3.92933
2.417942e-007,3.93169
2.421942e-007,3.93639
2.425942e-007,3.92933
2.429942e-007,3.9411
2.433942e-007,3.92463
2.437942e-007,3.93169
2.441942e-007,3.93875
2.445942e-007,3.93875
2.449942e-007,3.93404
2.453942e-007,3.92463
2.457942e-007,3.93169
2.461942e-007,3.93639
2.465942e-007,3.92698
2.469942e-007,3.93404
2.473942e-007,3.93639
2.477942e-007,3.93639
2.481942e-007,3.92698
2.485942e-007,3.93875
2.489942e-007,3.93639
2.493942e-007,3.93169
2.497942e-007,3.93639
2.501942e-007,3.9411
2.505942e-007,3.93169
2.509942e-007,3.93639
2.513942e-007,3.9411
2.517942e-007,3.94345
2.521942e-007,3.93875
2.525942e-007,3.93639
2.529942e-007,3.93404
2.533942e-007,3.9458
2.537942e-007,3.94345
2.541942e-007,3.92698
2.545942e-007,3.93639
2.549942e-007,3.9411
2.553942e-007,3.9458
2.557942e-007,3.93404
2.561942e-007,3.93639
2.565942e-007,3.94345
2.569942e-007,3.9458
2.573942e-007,3.9411
2.577942e-007,3.93169
2.581942e-007,3.95992
2.585942e-007,3.93639
2.589942e-007,3.93639
2.593942e-007,3.93875
2.597942e-007,3.93404
2.601942e-007,3.93875
2.605942e-007,3.94345
2.609942e-007,3.93639
2.613942e-007,3.94345
2.617942e-007,3.94816
2.621942e-007,3.94345
2.625942e-007,3.9458
2.629942e-007,3.94816
2.633942e-007,3.9411
2.637942e-007,3.93875
2.641942e-007,3.93404
2.645942e-007,3.93639
2.649942e-007,3.93875
2.653942e-007,3.9411
2.657942e-007,3.92698
2.661942e-007,3.95051
2.665942e-007,3.93404
2.669942e-007,3.93639
2.673942e-007,3.9458
2.677942e-007,3.94345
2.681942e-007,3.9411
2.685942e-007,3.9458
2.689942e-007,3.9411
2.693942e-007,3.93639
2.697942e-007,3.94816
2.701942e-007,3.96227
2.705942e-007,3.94816
2.709942e-007,3.94345
2.713942e-007,3.9411
2.717942e-007,3.96463
2.721942e-007,3.94816
2.725942e-007,3.95051
2.729942e-007,3.95992
2.733942e-007,3.96933
2.737942e-007,3.96227
2.741942e-007,3.96698
2.745942e-007,3.95522
2.749942e-007,3.95992
2.753942e-007,3.95757
2.757942e-007,3.97169
2.761942e-007,3.96933
2.765942e-007,3.97169
2.769942e-007,3.97404
2.773942e-007,3.97639
2.777942e-007,3.97169
2.781942e-007,3.95992
2.785942e-007,3.96227
2.789942e-007,3.96227
2.793942e-007,3.97639
2.797942e-007,3.96227
2.801942e-007,3.96698
2.805942e-007,3.97404
2.809942e-007,3.97639
2.813942e-007,3.97169
2.817942e-007,3.96698
2.821942e-007,3.97169
2.825942e-007,3.9811
2.829942e-007,3.96933
2.833942e-007,3.96463
2.837942e-007,3.9811
2.841942e-007,3.96933
2.845942e-007,3.9858
2.849942e-007,3.97639
2.853942e-007,3.97875
2.857942e-007,3.97169
2.861942e-007,3.97404
2.865942e-007,3.96933
2.869942e-007,3.97875
2.873942e-007,3.9811
2.877942e-007,3.98345
2.881942e-007,3.98345
2.885942e-007,3.99286
2.889942e-007,3.98345
2.893942e-007,3.98345
2.897942e-007,3.96933
2.901942e-007,3.97875
2.905942e-007,3.97404
2.909942e-007,3.9858
2.913942e-007,3.96227
2.917942e-007,3.97404
2.921942e-007,3.9811
2.925942e-007,3.97404
2.929942e-007,3.9858
2.933942e-007,3.9858
2.937942e-007,3.97404
2.941942e-007,3.98816
2.945942e-007,3.97404
2.949942e-007,3.98345
2.953942e-007,3.9858
2.957942e-007,3.99051
2.961942e-007,3.98345
2.965942e-007,3.97639
2.969942e-007,3.97639
2.973942e-007,3.99757
2.977942e-007,3.98345
2.981942e-007,3.99286
2.985942e-007,3.97875
2.989942e-007,3.98816
2.993942e-007,3.9811
2.997942e-007,3.97639
3.001942e-007,3.98345
3.005942e-007,3.9858
3.009942e-007,3.97875
3.013942e-007,3.99992
3.017942e-007,3.9811
3.021942e-007,3.98816
3.025942e-007,3.99757
3.029942e-007,3.99051
3.033942e-007,3.98345
3.037942e-007,3.98345
3.041942e-007,3.98345
3.045942e-007,3.9811
3.049942e-007,3.98816
3.053942e-007,3.97639
3.057942e-007,3.99286
3.061942e-007,3.99522
3.065942e-007,3.99286
3.069942e-007,3.99522
3.073942e-007,3.98816
3.077942e-007,3.9858
3.081942e-007,3.99757
3.085942e-007,3.9858
3.089942e-007,3.99757
3.093942e-007,3.99286
3.097942e-007,3.98345
3.101942e-007,3.98816
3.105942e-007,3.98345
3.109942e-007,3.9858
3.113942e-007,3.98816
3.117942e-007,3.99051
3.121942e-007,3.99522
3.125942e-007,3.99522
3.129942e-007,3.99286
3.133942e-007,3.99522
3.137942e-007,3.99051
3.141942e-007,3.99757
3.145942e-007,3.99757
3.149942e-007,3.99522
3.153942e-007,3.9858
3.157942e-007,3.99051
3.161942e-007,3.97875
3.165942e-007,3.99522
3.169942e-007,3.97875
3.173942e-007,3.99051
3.177942e-007,3.99522
3.181942e-007,3.98816
3.185942e-007,3.9858
3.189942e-007,3.99757
3.193942e-007,3.99992
3.197942e-007,3.99992
3.201942e-007,3.99757
3.205942e-007,3.99757
3.209942e-007,4.00227
3.213942e-007,4.00698
3.217942e-007,3.98816
3.221942e-007,3.99286
3.225942e-007,3.97875
3.229942e-007,3.99992
3.233942e-007,3.98816
3.237942e-007,3.98816
3.241942e-007,3.9858
3.245942e-007,3.99757
3.249942e-007,3.99051
3.253942e-007,4.00698
3.257942e-007,3.99286
3.261942e-007,4.00463
3.265942e-007,3.99757
3.269942e-007,4.00227
3.273942e-007,3.99992
3.277942e-007,4.00698
3.281942e-007,3.99992
3.285942e-007,4.00463
3.289942e-007,3.99522
3.293942e-007,3.99992
3.297942e-007,4.00463
3.301942e-007,4.00227
3.305942e-007,4.00227
3.309942e-007,3.99522
3.313942e-007,4.00463
3.317942e-007,3.99522
3.321942e-007,4.00463
3.325942e-007,3.99286
3.329942e-007,3.99051
3.333942e-007,3.99757
3.337942e-007,4.00698
3.341942e-007,3.99757
3.345942e-007,4.00463
3.349942e-007,4.00463
3.353942e-007,4.00227
3.357942e-007,4.00698
3.361942e-007,3.99992
3.365942e-007,3.99757
3.369942e-007,3.99992
3.373942e-007,4.00698
3.377942e-007,4.00227
3.381942e-007,3.99757
3.385942e-007,4.01169
3.389942e-007,4.00698
3.393942e-007,4.00227
3.397942e-007,4.01874
3.401942e-007,4.00933
3.405942e-007,4.00698
3.409942e-007,3.99757
3.413942e-007,4.01639
3.417942e-007,3.99992
3.421942e-007,3.99522
3.425942e-007,3.99757
3.429942e-007,3.99522
3.433942e-007,3.98816
3.437942e-007,4.00463
3.441942e-007,4.00698
3.445942e-007,3.99992
3.449942e-007,3.99992
3.453942e-007,4.00933
3.457942e-007,3.99992
3.461942e-007,4.00227
3.465942e-007,4.00227
3.469942e-007,4.00933
3.473942e-007,4.00463
3.477942e-007,4.00463
3.481942e-007,3.99992
3.485942e-007,4.01169
3.489942e-007,3.99757
3.493942e-007,4.01169
3.497942e-007,4.00698
3.501942e-007,4.00227
3.505942e-007,3.99757
3.509942e-007,3.99992
3.513942e-007,4.00463
3.517942e-007,4.00463
3.521942e-007,4.00463
3.525942e-007,4.01169
3.529942e-007,4.00227
3.533942e-007,4.00227
3.537942e-007,4.00227
3.541942e-007,4.00463
3.545942e-007,3.99286
3.549942e-007,4.00933
3.553942e-007,4.00463
3.557942e-007,3.99757
3.561942e-007,4.0211
3.565942e-007,3.99757
3.569942e-007,4.01404
3.573942e-007,4.00463
3.577942e-007,4.00933
3.581942e-007,3.99992
3.585942e-007,3.99992
3.589942e-007,4.01169
3.593942e-007,4.00933
3.597942e-007,4.01404
3.601942e-007,4.01404
3.605942e-007,4.00933
3.609942e-007,4.00227
3.613942e-007,4.01874
3.617942e-007,3.99992
3.621942e-007,4.00933
3.625942e-007,3.99992
3.629942e-007,4.00698
3.633942e-007,4.01404
3.637942e-007,4.01404
3.641942e-007,4.00227
3.645942e-007,4.01404
3.649942e-007,4.01404
3.653942e-007,4.02345
3.657942e-007,4.0211
3.661942e-007,4.00698
3.665942e-007,4.01169
3.669942e-007,3.99992
3.673942e-007,4.01404
3.677942e-007,4.00698
3.681942e-007,3.99757
3.685942e-007,4.00463
3.689942e-007,4.00698
3.693942e-007,4.00698
3.697942e-007,4.01874
3.701942e-007,4.01169
3.705942e-007,4.00227
3.709942e-007,4.00933
3.713942e-007,4.00698
3.717942e-007,4.00933
3.721942e-007,4.00698
3.725942e-007,4.01404
3.729942e-007,4.00933
3.733942e-007,4.00463
3.737942e-007,4.00698
3.741942e-007,4.01404
3.745942e-007,4.01639
3.749942e-007,4.00463
3.753942e-007,4.01639
3.757942e-007,4.01639
3.761942e-007,4.00227
3.765942e-007,4.00463
3.769942e-007,4.01639
3.773942e-007,4.01404
3.777942e-007,4.01639
3.781942e-007,4.01874
3.785942e-007,4.01874
3.789942e-007,4.0211
3.793942e-007,4.01874
3.797942e-007,4.02345
3.801942e-007,4.00698
3.805942e-007,4.00933
3.809942e-007,4.00933
3.813942e-007,4.00933
3.817942e-007,4.01404
3.821942e-007,4.01169
3.825942e-007,4.01404
3.829942e-007,4.01404
3.833942e-007,4.01639
3.837942e-007,4.00933
3.841942e-007,4.00463
3.845942e-007,4.03051
3.849942e-007,4.01874
3.853942e-007,4.00698
3.857942e-007,4.00698
3.861942e-007,4.01874
3.865942e-007,4.00698
3.869942e-007,4.01874
3.873942e-007,4.00933
3.877942e-007,4.00933
3.881942e-007,4.01874
3.885942e-007,4.0211
3.889942e-007,4.01404
3.893942e-007,4.01404
3.897942e-007,4.0211
3.901942e-007,4.01404
3.905942e-007,4.01874
3.909942e-007,4.0258
3.913942e-007,4.0211
3.917942e-007,4.03286
3.921942e-007,4.01404
3.925942e-007,4.01639
3.929942e-007,4.01404
3.933942e-007,4.01639
3.937942e-007,4.00698
3.941942e-007,4.01639
3.945942e-007,4.01404
3.949942e-007,4.00933
3.953942e-007,4.01874
3.957942e-007,4.02345
3.961942e-007,4.02345
3.965942e-007,4.02345
3.969942e-007,4.01169
3.973942e-007,4.01639
3.977942e-007,4.0211
3.981942e-007,4.02345
3.985942e-007,4.01874
3.989942e-007,4.00463
3.993942e-007,4.01404
3.997942e-007,4.02816
4.001942e-007,4.01169
4.005942e-007,4.01874
4.009942e-007,4.01169
4.013942e-007,4.0211
4.017942e-007,4.01404
4.021942e-007,4.01169
4.025942e-007,4.01874
4.029942e-007,4.01404
4.033942e-007,4.01169
4.037942e-007,4.02816
4.041942e-007,4.01404
4.045942e-007,4.0258
4.049942e-007,4.0211
4.053942e-007,4.0258
4.057942e-007,4.02345
4.061942e-007,4.02345
4.065942e-007,4.01639
4.069942e-007,4.01639
4.073942e-007,4.0211
4.077942e-007,4.00933
4.081942e-007,4.01404
4.085942e-007,4.01404
4.089942e-007,4.0258
4.093942e-007,4.01639
4.097942e-007,4.01874
4.101942e-007,4.01874
4.105942e-007,4.0258
4.109942e-007,4.01404
4.113942e-007,4.0211
4.117942e-007,4.02345
4.121942e-007,4.01639
4.125942e-007,4.0258
4.129942e-007,4.01404
4.133942e-007,4.01639
4.137942e-007,4.01874
4.141942e-007,4.01404
4.145942e-007,4.01169
4.149942e-007,4.01404
4.153942e-007,4.03286
4.157942e-007,4.01874
4.161942e-007,4.02816
4.165942e-007,4.0258
4.169942e-007,4.02345
4.173942e-007,4.02345
4.177942e-007,4.01639
4.181942e-007,4.01639
4.185942e-007,4.01639
4.189942e-007,4.01639
4.193942e-007,4.01404
4.197942e-007,4.01639
4.201942e-007,4.01404
4.205942e-007,4.01874
4.209942e-007,4.02816
4.213942e-007,4.01169
4.217942e-007,4.01874
4.221942e-007,4.02345
4.225942e-007,4.01874
4.229942e-007,4.01639
4.233942e-007,4.01874
4.237942e-007,4.03286
4.241942e-007,4.03051
4.245942e-007,4.01874
4.249942e-007,4.01639
4.253942e-007,4.0211
4.257942e-007,4.00933
4.261942e-007,4.0258
4.265942e-007,4.01639
4.269942e-007,4.01874
4.273942e-007,4.01404
4.277942e-007,4.01639
4.281942e-007,4.01404
4.285942e-007,4.01404
4.289942e-007,4.01874
4.293942e-007,4.02345
4.297942e-007,4.01404
4.301942e-007,4.0258
4.305942e-007,4.0211
4.309942e-007,4.02345
4.313942e-007,4.0258
4.317942e-007,4.01169
4.321942e-007,4.01874
4.325942e-007,4.01639
4.329942e-007,4.02345
4.333942e-007,4.02345
4.337942e-007,4.01639
4.341942e-007,4.01874
4.345942e-007,4.0258
4.349942e-007,4.01639
4.353942e-007,4.0211
4.357942e-007,4.02816
4.361942e-007,4.0258
4.365942e-007,4.01639
4.369942e-007,4.01874
4.373942e-007,4.03757
4.377942e-007,4.0258
4.381942e-007,4.01874
4.385942e-007,4.0211
4.389942e-007,4.0211
4.393942e-007,4.01874
4.397942e-007,4.02345
4.401942e-007,4.0258
4.405942e-007,4.02345
4.409942e-007,4.02816
4.413942e-007,4.02816
4.417942e-007,4.0258
4.421942e-007,4.03757
4.425942e-007,4.0211
4.429942e-007,4.03051
4.433942e-007,4.01639
4.437942e-007,4.01639
4.441942e-007,4.02345
4.445942e-007,4.02816
4.449942e-007,4.01404
4.453942e-007,4.0211
4.457942e-007,4.02345
4.461942e-007,4.01404
4.465942e-007,4.01874
4.469942e-007,4.0258
4.473942e-007,4.01874
4.477942e-007,4.02816
4.481942e-007,4.0258
4.485942e-007,4.01639
4.489942e-007,4.0211
4.493942e-007,4.02816
4.497942e-007,4.0211
4.501942e-007,4.01874
4.505942e-007,4.01639
4.509942e-007,4.02345
4.513942e-007,4.01639
4.517942e-007,4.0258
4.521942e-007,4.01874
4.525942e-007,4.03051
4.529942e-007,4.0211
4.533942e-007,4.02345
4.537942e-007,4.0211
4.541942e-007,4.0258
4.545942e-007,4.01169
4.549942e-007,4.03051
4.553942e-007,4.01874
4.557942e-007,4.0258
4.561942e-007,4.0258
4.565942e-007,4.03521
4.569942e-007,4.02345
4.573942e-007,4.0211
4.577942e-007,4.01874
4.581942e-007,4.0258
4.585942e-007,4.03051
4.589942e-007,4.01639
4.593942e-007,4.03051
4.597942e-007,4.0258
4.601942e-007,4.02816
4.605942e-007,4.02345
4.609942e-007,4.0258
4.613942e-007,4.03992
4.617942e-007,4.03286
4.621942e-007,4.02345
4.625942e-007,4.01874
4.629942e-007,4.02816
4.633942e-007,4.03051
4.637942e-007,4.0258
4.641942e-007,4.0258
4.645942e-007,4.0258
4.649942e-007,4.02816
4.653942e-007,4.01874
4.657942e-007,4.0258
4.661942e-007,4.01874
4.665942e-007,4.02816
4.669942e-007,4.0211
4.673942e-007,4.03521
4.677942e-007,4.03992
4.681942e-007,4.03286
4.685942e-007,4.03286
4.689942e-007,4.02345
4.693942e-007,4.03286
4.697942e-007,4.02345
4.701942e-007,4.03051
4.705942e-007,4.01639
4.709942e-007,4.0258
4.713942e-007,4.02816
4.717942e-007,4.01404
4.721942e-007,4.03051
4.725942e-007,4.0258
4.729942e-007,4.0258
4.733942e-007,4.04227
4.737942e-007,4.0258
4.741942e-007,4.03051
4.745942e-007,4.03051
4.749942e-007,4.03051
4.753942e-007,4.03051
4.757942e-007,4.0258
4.761942e-007,4.0211
4.765942e-007,4.03521
4.769942e-007,4.03286
4.773942e-007,4.0258
4.777942e-007,4.01874
4.781942e-007,4.03051
4.785942e-007,4.01639
4.789942e-007,4.01639
4.793942e-007,4.0258
4.797942e-007,4.02816
4.801942e-007,4.02345
4.805942e-007,4.03286
4.809942e-007,4.0258
4.813942e-007,4.0258
4.817942e-007,4.03051
4.821942e-007,4.03051
4.825942e-007,4.0211
4.829942e-007,4.02816
4.833942e-007,4.01874
4.837942e-007,4.03286
4.841942e-007,4.03521
4.845942e-007,4.03521
4.849942e-007,4.03051
4.853942e-007,4.0258
4.857942e-007,4.03286
4.861942e-007,4.0258
4.865942e-007,4.0258
4.869942e-007,4.03286
4.873942e-007,4.04227
4.877942e-007,4.03521
4.881942e-007,4.03521
4.885942e-007,4.03521
4.889942e-007,4.0258
4.893942e-007,4.03286
4.897942e-007,4.02345
4.901942e-007,4.0258
4.905942e-007,4.0258
4.909942e-007,4.02816
4.913942e-007,4.02345
4.917942e-007,4.01874
4.921942e-007,4.03521
4.925942e-007,4.0211
4.929942e-007,4.02816
4.933942e-007,4.04227
4.937942e-007,4.03757
4.941942e-007,4.03286
4.945942e-007,4.02345
4.949942e-007,4.03286
4.953942e-007,4.0211
4.957942e-007,4.0258
4.961942e-007,4.01874
4.965942e-007,4.0258
4.969942e-007,4.02345
4.973942e-007,4.01639
4.977942e-007,4.02345
4.981942e-007,4.0258
4.985942e-007,4.02345
4.989942e-007,4.03521
4.993942e-007,4.02345
4.997942e-007,4.0258
5.001942e-007,4.02345
5.005942e-007,4.03286
5.009942e-007,4.03051
5.013942e-007,4.0258
5.017942e-007,4.03051
5.021942e-007,4.03757
5.025942e-007,4.01639
5.029942e-007,4.03286
5.033942e-007,4.0258
5.037942e-007,4.03051
5.041942e-007,4.01639
5.045942e-007,4.0258
5.049942e-007,4.03521
5.053942e-007,4.03051
5.057942e-007,4.02816
5.061942e-007,4.03286
5.065942e-007,4.03051
5.069942e-007,4.03992
5.073942e-007,4.03051
5.077942e-007,4.03992
5.081942e-007,4.0258
5.085942e-007,4.03051
5.089942e-007,4.03521
5.093942e-007,4.0258
5.097942e-007,4.04463
5.101942e-007,4.03051
5.105942e-007,4.03051
5.109942e-007,4.03286
5.113942e-007,4.0211
5.117942e-007,4.03521
5.121942e-007,4.03051
5.125942e-007,4.03757
5.129942e-007,4.03521
5.133942e-007,4.03051
5.137942e-007,4.03286
5.141942e-007,4.03521
5.145942e-007,4.03051
5.149942e-007,4.03286
5.153942e-007,4.03286
5.157942e-007,4.0258
5.161942e-007,4.0258
5.165942e-007,4.02345
5.169942e-007,4.04227
5.173942e-007,4.02345
5.177942e-007,4.01639
5.181942e-007,4.03051
5.185942e-007,4.02816
5.189942e-007,4.04227
5.193942e-007,4.03051
5.197942e-007,4.03521
5.201942e-007,4.02345
5.205942e-007,4.03757
5.209942e-007,4.03521
5.213942e-007,4.0258
5.217942e-007,4.0258
5.221942e-007,4.0258
5.225942e-007,4.03286
5.229942e-007,4.01404
5.233942e-007,4.0211
5.237942e-007,4.02345
5.241942e-007,4.03286
5.245942e-007,4.04227
5.249942e-007,4.0211
5.253942e-007,4.02816
5.257942e-007,4.03521
5.261942e-007,4.03992
5.265942e-007,4.03051
5.269942e-007,4.03051
5.273942e-007,4.03521
5.277942e-007,4.03992
5.281942e-007,4.0258
5.285942e-007,4.04227
5.289942e-007,4.03757
5.293942e-007,4.03051
5.297942e-007,4.00933
5.301942e-007,4.04463
5.305942e-007,4.03521
5.309942e-007,4.04227
5.313942e-007,4.01874
5.317942e-007,4.05404
5.321942e-007,4.03051
5.325942e-007,4.0258
5.329942e-007,4.03757
5.333942e-007,4.03992
5.337942e-007,4.04698
5.341942e-007,4.0258
5.345942e-007,3.99992
5.349942e-007,4.04463
5.353942e-007,4.0211
5.357942e-007,4.01639
5.361942e-007,4.06345
5.365942e-007,4.04698
5.369942e-007,4.03051
5.373942e-007,4.00933
5.377942e-007,4.00698
5.381942e-007,4.03992
5.385942e-007,4.03051
5.389942e-007,4.05639
5.393942e-007,3.99286
5.397942e-007,4.00227
5.401942e-007,4.03521
5.405942e-007,4.01874
5.409942e-007,4.03521
5.413942e-007,4.01639
5.417942e-007,4.06815
5.421942e-007,4.05404
5.425942e-007,3.99522
5.429942e-007,4.0211
5.433942e-007,4.04463
5.437942e-007,4.05639
5.441942e-007,4.0611
5.445942e-007,4.0258
5.449942e-007,4.01404
5.453942e-007,3.98345
5.457942e-007,3.97875
5.461942e-007,4.07521
5.465942e-007,4.0658
5.469942e-007,4.02816
5.473942e-007,4.09639
5.477942e-007,3.99286
5.481942e-007,3.99992
5.485942e-007,4.03757
5.489942e-007,4.05874
5.493942e-007,4.0611
5.497942e-007,4.03286
5.501942e-007,4.03757
5.505942e-007,3.9858
5.509942e-007,4.03051
5.513942e-007,4.0258
5.517942e-007,4.05168
5.521942e-007,4.04933
5.525942e-007,4.04227
5.529942e-007,3.99992
5.533942e-007,3.96933
5.537942e-007,4.04698
5.541942e-007,4.13639
5.545942e-007,4.06345
5.549942e-007,4.00227
5.553942e-007,3.9458
5.557942e-007,3.87287
5.561942e-007,4.00698
5.565942e-007,4.1058
5.569942e-007,4.10109
5.573942e-007,4.19286
5.577942e-007,4.15521
5.581942e-007,3.93639
5.585942e-007,3.8611
5.589942e-007,4.03521
5.593942e-007,4.04463
5.597942e-007,3.92228
5.601942e-007,4.02816
5.605942e-007,4.10109
5.609942e-007,3.95992
5.613942e-007,3.97639
5.617942e-007,4.23756
5.621942e-007,4.13404
5.625942e-007,4.00463
5.629942e-007,4.05639
5.633942e-007,4.01404
5.637942e-007,3.86345
5.641942e-007,3.96463
5.645942e-007,4.23756
5.649942e-007,3.93404
5.653942e-007,3.97404
5.657942e-007,4.10109
5.661942e-007,4.06815
5.665942e-007,4.02345
5.669942e-007,3.88228
5.673942e-007,3.78816
5.677942e-007,4.19756
5.681942e-007,4.11992
5.685942e-007,4.01639
5.689942e-007,4.34815
5.693942e-007,4.08227
5.697942e-007,3.76463
5.701942e-007,4.1858
5.705942e-007,3.93875
5.709942e-007,3.76699
5.713942e-007,4.28462
5.717942e-007,4.09874
5.721942e-007,3.77875
5.725942e-007,4.01639
5.729942e-007,3.95051
5.733942e-007,4.03286
5.737942e-007,4.21168
5.741942e-007,3.87287
5.745942e-007,3.88463
5.749942e-007,3.88228
5.753942e-007,3.81875
5.757942e-007,4.10815
5.761942e-007,4.26815
5.765942e-007,4.1905
5.769942e-007,3.9411
5.773942e-007,3.76934
5.777942e-007,3.66111
5.781942e-007,3.85404
5.785942e-007,4.10345
5.789942e-007,4.15521
5.793942e-007,4.10345
5.797942e-007,4.02816
5.801942e-007,3.78346
5.805942e-007,3.95757
5.809942e-007,4.07051
5.813942e-007,4.11051
5.817942e-007,4.15756
5.821942e-007,3.91757
5.825942e-007,3.73875
5.829942e-007,3.86581
5.833942e-007,4.13874
5.837942e-007,4.33168
5.841942e-007,4.39756
5.845942e-007,3.94816
5.849942e-007,3.60464
5.853942e-007,3.6564
5.857942e-007,3.7764
5.861942e-007,3.89875
5.865942e-007,3.89875
5.869942e-007,3.71522
5.873942e-007,3.71052
5.877942e-007,3.59993
5.881942e-007,3.57405
5.885942e-007,3.90345
5.889942e-007,3.95051
5.893942e-007,3.9011
5.897942e-007,4.01874
5.901942e-007,3.95522
5.905942e-007,3.74816
5.909942e-007,3.98816
5.913942e-007,4.11051
5.917942e-007,4.01169
5.921942e-007,3.96227
5.925942e-007,3.89639
5.929942e-007,3.85169
5.933942e-007,3.99051
5.937942e-007,4.04227
5.941942e-007,4.07992
5.945942e-007,3.96933
5.949942e-007,3.92463
5.953942e-007,3.95051
5.957942e-007,4.06815
5.961942e-007,4.04463
5.965942e-007,4.14815
5.969942e-007,4.20227
5.973942e-007,4.03757
5.977942e-007,4.04463
5.981942e-007,4.12933
5.985942e-007,3.89875
5.989942e-007,3.8211
5.993942e-007,3.9458
5.997942e-007,4.06815
6.001942e-007,4.11051
6.005942e-007,4.04698
6.009942e-007,3.96463
6.013942e-007,4.08933
6.017942e-007,4.08698
6.021942e-007,3.95522
6.025942e-007,4.06815
6.029942e-007,3.95051
6.033942e-007,3.80698
6.037942e-007,4.1058
6.041942e-007,4.28697
6.045942e-007,4.12227
6.049942e-007,4.03757
6.053942e-007,3.99286
6.057942e-007,3.91051
6.061942e-007,4.05874
6.065942e-007,4.07051
6.069942e-007,3.98345
6.073942e-007,4.08698
6.077942e-007,4.14345
6.081942e-007,3.95286
6.085942e-007,3.89875
6.089942e-007,4.03051
6.093942e-007,4.11521
6.097942e-007,4.09639
6.101942e-007,4.01404
6.105942e-007,3.95051
6.109942e-007,3.9858
6.113942e-007,4.02345
6.117942e-007,4.11286
6.121942e-007,4.2258
6.125942e-007,4.08933
6.129942e-007,3.89169
6.133942e-007,3.91286
6.137942e-007,3.94345
6.141942e-007,3.9458
6.145942e-007,4.03051
6.149942e-007,4.00933
6.153942e-007,4.01404
6.157942e-007,4.01639
6.161942e-007,4.02345
6.165942e-007,4.08698
6.169942e-007,4.13874
6.173942e-007,4.10109
6.177942e-007,4.00933
6.181942e-007,4.03051
6.185942e-007,3.99992
6.189942e-007,3.96933
6.193942e-007,3.9811
6.197942e-007,3.96698
6.201942e-007,4.03757
6.205942e-007,4.15521
6.209942e-007,4.03757
6.213942e-007,4.0611
6.217942e-007,4.10815
6.221942e-007,3.98345
6.225942e-007,3.93404
6.229942e-007,3.98816
6.233942e-007,4.00698
6.237942e-007,4.15992
6.241942e-007,4.11992
6.245942e-007,3.93875
6.249942e-007,3.97875
6.253942e-007,3.96933
6.257942e-007,4.04463
6.261942e-007,4.11521
6.265942e-007,4.06345
6.269942e-007,3.97404
6.273942e-007,4.00698
6.277942e-007,3.99051
6.281942e-007,4.02816
6.285942e-007,4.13639
6.289942e-007,4.07051
6.293942e-007,4.04227
6.297942e-007,4.03051
6.301942e-007,3.9811
6.305942e-007,3.98816
6.309942e-007,4.08698
6.313942e-007,4.04463
6.317942e-007,3.98816
6.321942e-007,4.03051
6.325942e-007,4.03992
6.329942e-007,3.9858
6.333942e-007,3.98345
6.337942e-007,4.03521
6.341942e-007,3.97169
6.345942e-007,3.99051
6.349942e-007,4.14109
6.353942e-007,4.05874
6.357942e-007,4.01639
6.361942e-007,4.04698
6.365942e-007,4.02816
6.369942e-007,4.04698
6.373942e-007,4.08933
6.377942e-007,4.07992
6.381942e-007,4.05168
6.385942e-007,4.01639
6.389942e-007,4.00227
6.393942e-007,4.01639
6.397942e-007,4.03286
6.401942e-007,4.04463
6.405942e-007,3.9458
6.409942e-007,3.95522
6.413942e-007,3.96933
6.417942e-007,3.95286
6.421942e-007,4.07286
6.425942e-007,4.08462
6.429942e-007,4.08698
6.433942e-007,4.0611
6.437942e-007,4.03051
6.441942e-007,4.00463
6.445942e-007,4.03286
6.449942e-007,4.03757
6.453942e-007,4.03521
6.457942e-007,4.0211
6.461942e-007,4.0211
6.465942e-007,3.9458
6.469942e-007,3.99522
6.473942e-007,4.01404
6.477942e-007,4.00698
6.481942e-007,4.05639
6.485942e-007,4.06345
6.489942e-007,4.0611
6.493942e-007,4.10815
6.497942e-007,4.05168
6.501942e-007,3.97875
6.505942e-007,4.00227
6.509942e-007,4.02345
6.513942e-007,4.05639
6.517942e-007,4.08227
6.521942e-007,4.07757
6.525942e-007,4.01874
6.529942e-007,4.0211
6.533942e-007,4.02345
6.537942e-007,4.01874
6.541942e-007,4.03286
6.545942e-007,4.01874
6.549942e-007,3.97639
6.553942e-007,4.02345
6.557942e-007,4.02816
6.561942e-007,4.01639
6.565942e-007,4.08227
6.569942e-007,4.04933
6.573942e-007,4.03992
6.577942e-007,4.05404
6.581942e-007,4.04463
6.585942e-007,4.0611
6.589942e-007,4.09874
6.593942e-007,4.04227
6.597942e-007,3.98345
6.601942e-007,3.98345
6.605942e-007,4.01169
6.609942e-007,4.00698
6.613942e-007,4.0611
6.617942e-007,4.03521
6.621942e-007,3.99757
6.625942e-007,3.99992
6.629942e-007,4.01639
6.633942e-007,4.03521
6.637942e-007,4.04933
6.641942e-007,4.01404
6.645942e-007,3.95522
6.649942e-007,3.99522
6.653942e-007,4.04933
6.657942e-007,4.03051
6.661942e-007,4.07051
6.665942e-007,4.12227
6.669942e-007,4.01404
6.673942e-007,3.97169
6.677942e-007,4.01404
6.681942e-007,3.99051
6.685942e-007,3.96933
6.689942e-007,3.99992
6.693942e-007,4.0258
6.697942e-007,4.03286
6.701942e-007,4.07757
6.705942e-007,4.0658
6.709942e-007,4.04463
6.713942e-007,4.0211
6.717942e-007,3.98816
6.721942e-007,3.97875
6.725942e-007,4.05168
6.729942e-007,4.07286
6.733942e-007,4.03992
6.737942e-007,4.02345
6.741942e-007,4.01404
6.745942e-007,3.99992
6.749942e-007,4.01639
6.753942e-007,4.04698
6.757942e-007,4.0658
6.761942e-007,4.02816
6.765942e-007,4.00933
6.769942e-007,4.04698
6.773942e-007,4.04227
6.777942e-007,4.0258
6.781942e-007,4.01639
6.785942e-007,3.96463
6.789942e-007,3.97404
6.793942e-007,4.0258
6.797942e-007,4.06345
6.801942e-007,4.08698
6.805942e-007,4.07757
6.809942e-007,4.03521
6.813942e-007,4.02345
6.817942e-007,4.04227
6.821942e-007,4.05404
6.825942e-007,4.0258
6.829942e-007,4.00698
6.833942e-007,3.99757
6.837942e-007,3.99992
6.841942e-007,4.01404
6.845942e-007,4.04463
6.849942e-007,4.07286
6.853942e-007,4.04933
6.857942e-007,3.99522
6.861942e-007,4.00227
6.865942e-007,3.99522
6.869942e-007,4.02345
6.873942e-007,4.04933
6.877942e-007,4.03521
6.881942e-007,4.03051
6.885942e-007,4.00698
6.889942e-007,4.01404
6.893942e-007,4.0658
6.897942e-007,4.06345
6.901942e-007,4.01169
6.905942e-007,4.01639
6.909942e-007,3.99992
6.913942e-007,3.99286
6.917942e-007,4.01169
6.921942e-007,4.04227
6.925942e-007,3.99757
6.929942e-007,4.00698
6.933942e-007,4.00933
6.937942e-007,4.00227
6.941942e-007,4.00698
6.945942e-007,4.03757
6.949942e-007,4.05874
6.953942e-007,4.03286
6.957942e-007,4.01404
6.961942e-007,4.02345
6.965942e-007,4.01404
6.969942e-007,4.00227
6.973942e-007,4.03757
6.977942e-007,4.03992
6.981942e-007,4.05168
6.985942e-007,4.02816
6.989942e-007,4.00698
6.993942e-007,4.01169
6.997942e-007,4.01639
7.001942e-007,3.99522
7.005942e-007,4.00227
7.009942e-007,4.00933
7.013942e-007,4.03286
7.017942e-007,4.03286
7.021942e-007,4.0611
7.025942e-007,4.05639
7.029942e-007,4.04698
7.033942e-007,4.05168
7.037942e-007,4.03757
7.041942e-007,4.02345
7.045942e-007,3.99286
7.049942e-007,3.99757
7.053942e-007,4.02345
7.057942e-007,4.04227
7.061942e-007,4.04227
7.065942e-007,4.06815
7.069942e-007,4.03757
7.073942e-007,4.0258
7.077942e-007,4.0258
7.081942e-007,3.99992
7.085942e-007,4.01404
7.089942e-007,4.01874
7.093942e-007,4.02816
7.097942e-007,4.01874
7.101942e-007,4.01639
7.105942e-007,4.04227
7.109942e-007,4.05639
7.113942e-007,4.02816
7.117942e-007,4.04463
7.121942e-007,4.05639
7.125942e-007,4.04933
7.129942e-007,4.03286
7.133942e-007,4.03521
7.137942e-007,4.00933
7.141942e-007,4.00933
7.145942e-007,4.00227
7.149942e-007,3.99757
7.153942e-007,3.99992
7.157942e-007,4.00463
7.161942e-007,4.02816
7.165942e-007,4.05168
7.169942e-007,4.06345
7.173942e-007,4.04227
7.177942e-007,4.00933
7.181942e-007,4.00227
7.185942e-007,4.00463
7.189942e-007,4.00227
7.193942e-007,4.00933
7.197942e-007,4.02345
7.201942e-007,4.03521
7.205942e-007,4.03051
7.209942e-007,4.03757
7.213942e-007,4.05404
7.217942e-007,4.05168
7.221942e-007,4.04227
7.225942e-007,4.02816
7.229942e-007,4.01404
7.233942e-007,3.99992
7.237942e-007,4.03286
7.241942e-007,4.02345
7.245942e-007,4.03992
7.249942e-007,4.03757
7.253942e-007,4.01874
7.257942e-007,4.02345
7.261942e-007,4.03757
7.265942e-007,4.03521
7.269942e-007,4.04227
7.273942e-007,4.02816
7.277942e-007,4.01404
7.281942e-007,4.03757
7.285942e-007,4.04463
7.289942e-007,4.03757
7.293942e-007,4.03286
7.297942e-007,4.03286
7.301942e-007,4.0211
7.305942e-007,4.0258
7.309942e-007,4.03992
7.313942e-007,4.00698
7.317942e-007,4.01404
7.321942e-007,4.02345
7.325942e-007,4.03286
7.329942e-007,4.0258
7.333942e-007,4.04227
7.337942e-007,4.03051
7.341942e-007,4.04933
7.345942e-007,4.04463
7.349942e-007,4.02345
7.353942e-007,4.00698
7.357942e-007,4.01404
7.361942e-007,4.00933
7.365942e-007,4.03286
7.369942e-007,4.03992
7.373942e-007,4.02345
7.377942e-007,4.03051
7.381942e-007,4.03521
7.385942e-007,4.00463
7.389942e-007,4.01169
7.393942e-007,4.01169
7.397942e-007,4.01639
7.401942e-007,4.03286
7.405942e-007,4.01639
7.409942e-007,4.01874
7.413942e-007,4.00463
7.417942e-007,4.01169
7.421942e-007,4.0258
7.425942e-007,4.01874
7.429942e-007,4.02816
7.433942e-007,4.03051
7.437942e-007,4.03051
7.441942e-007,4.00698
7.445942e-007,4.01169
7.449942e-007,4.01639
7.453942e-007,4.01169
7.457942e-007,3.99992
7.461942e-007,4.00933
7.465942e-007,4.00933
7.469942e-007,4.01639
7.473942e-007,4.0258
7.477942e-007,4.03521
7.481942e-007,4.02345
7.485942e-007,4.03051
7.489942e-007,4.01639
7.493942e-007,4.02345
7.497942e-007,4.0211
7.501942e-007,4.02345
7.505942e-007,4.01639
7.509942e-007,4.01404
7.513942e-007,4.00698
7.517942e-007,4.00698
7.521942e-007,4.00933
7.525942e-007,4.01404
7.529942e-007,4.01639
7.533942e-007,4.00933
7.537942e-007,4.04227
7.541942e-007,4.03051
7.545942e-007,4.03286
7.549942e-007,4.01874
7.553942e-007,3.99992
7.557942e-007,4.00933
7.561942e-007,4.0258
7.565942e-007,4.01404
7.569942e-007,4.01639
7.573942e-007,4.00933
7.577942e-007,4.00698
7.581942e-007,4.01874
7.585942e-007,4.03757
7.589942e-007,4.04463
7.593942e-007,4.01639
7.597942e-007,4.01874
7.601942e-007,4.00933
7.605942e-007,4.00463
7.609942e-007,4.01404
7.613942e-007,4.0258
7.617942e-007,4.02345
7.621942e-007,4.02816
7.625942e-007,4.01874
7.629942e-007,4.01639
7.633942e-007,4.0258
7.637942e-007,4.03992
7.641942e-007,4.02345
7.645942e-007,4.02816
7.649942e-007,4.01874
7.653942e-007,4.01169
7.657942e-007,4.0211
7.661942e-007,3.99757
7.665942e-007,4.01169
7.669942e-007,4.00227
7.673942e-007,4.01639
7.677942e-007,4.02345
7.681942e-007,4.0211
7.685942e-007,4.02816
7.689942e-007,4.03992
7.693942e-007,4.02345
7.697942e-007,4.01874
7.701942e-007,4.02345
7.705942e-007,4.00933
7.709942e-007,4.02345
7.713942e-007,4.02345
7.717942e-007,4.0258
7.721942e-007,4.03051
7.725942e-007,4.0211
7.729942e-007,4.0258
7.733942e-007,4.02345
7.737942e-007,4.01639
7.741942e-007,4.01404
7.745942e-007,4.01639
7.749942e-007,4.02816
7.753942e-007,4.01874
7.757942e-007,3.95757
7.761942e-007,3.80934
7.765942e-007,3.59758
7.769942e-007,3.2917
7.773942e-007,2.94583
7.777942e-007,2.53172
7.781942e-007,2.16232
7.785942e-007,1.7741
7.789942e-007,1.43058
7.793942e-007,1.12706
7.797942e-007,0.856474
7.801942e-007,0.644715
7.805942e-007,0.472955
7.809942e-007,0.336488
7.813942e-007,0.242373
7.817942e-007,0.164728
7.821942e-007,0.127082
7.825942e-007,0.0635541
7.829942e-007,0.0306138
7.833942e-007,0.0117907
7.837942e-007,0.0164965
7.841942e-007,2.63522e-005
7.845942e-007,-0.011738
7.849942e-007,-0.0305611
7.853942e-007,-0.0187967
7.857942e-007,-0.0564427
7.861942e-007,-0.0611485
7.865942e-007,-0.0658543
7.869942e-007,-0.0776187
7.873942e-007,-0.0799715
7.877942e-007,-0.0752658
7.881942e-007,-0.0940888
7.885942e-007,-0.0846773
7.889942e-007,-0.105853
7.893942e-007,-0.0987946
7.897942e-007,-0.0987946
7.901942e-007,-0.0940888
7.905942e-007,-0.101147
7.909942e-007,-0.105853
7.913942e-007,-0.112912
7.917942e-007,-0.105853
7.921942e-007,-0.110559
7.925942e-007,-0.117618
7.929942e-007,-0.1035
7.933942e-007,-0.115265
7.937942e-007,-0.122323
7.941942e-007,-0.117618
7.945942e-007,-0.108206
7.949942e-007,-0.127029
7.953942e-007,-0.1035
7.957942e-007,-0.117618
7.961942e-007,-0.112912
7.965942e-007,-0.110559
7.969942e-007,-0.117618
7.973942e-007,-0.124676
7.977942e-007,-0.110559
7.981942e-007,-0.0987946
7.985942e-007,-0.101147
7.989942e-007,-0.0940888
7.993942e-007,-0.0846773
7.997942e-007,-0.0893831
8.001942e-007,-0.0964417
