LECROYWS4104HD,18971,Waveform
Segments,1,SegmentSize,2502
Segment,TrigTime,TimeSinceSegment1
#1,14-Jan-2025 18:07:06,0                 
Time,Ampl
-2.002058e-007,0.025908
-1.998058e-007,0.0188494
-1.994058e-007,0.0141436
-1.990058e-007,0.0164965
-1.986058e-007,0.025908
-1.982058e-007,0.0235551
-1.978058e-007,0.0117907
-1.974058e-007,0.0188494
-1.970058e-007,0.0235551
-1.966058e-007,0.0235551
-1.962058e-007,0.0212023
-1.958058e-007,0.0164965
-1.954058e-007,0.0141436
-1.950058e-007,0.025908
-1.946058e-007,0.0164965
-1.942058e-007,0.0141436
-1.938058e-007,0.0164965
-1.934058e-007,0.0164965
-1.930058e-007,0.0212023
-1.926058e-007,0.0188494
-1.922058e-007,0.0188494
-1.918058e-007,0.0212023
-1.914058e-007,0.0141436
-1.910058e-007,0.0235551
-1.906058e-007,0.0141436
-1.902058e-007,0.0188494
-1.898058e-007,0.0235551
-1.894058e-007,0.0164965
-1.890058e-007,0.0117907
-1.886058e-007,0.00473211
-1.882058e-007,0.0282609
-1.878058e-007,0.0164965
-1.874058e-007,0.0212023
-1.870058e-007,0.00943787
-1.866058e-007,0.0117907
-1.862058e-007,0.0164965
-1.858058e-007,0.0329667
-1.854058e-007,0.00943787
-1.850058e-007,0.0235551
-1.846058e-007,0.0212023
-1.842058e-007,0.0212023
-1.838058e-007,0.025908
-1.834058e-007,0.00943787
-1.830058e-007,0.0235551
-1.826058e-007,0.00708499
-1.822058e-007,0.0212023
-1.818058e-007,0.0282609
-1.814058e-007,0.0235551
-1.810058e-007,0.0235551
-1.806058e-007,0.0164965
-1.802058e-007,0.0141436
-1.798058e-007,0.0164965
-1.794058e-007,0.0282609
-1.790058e-007,0.0235551
-1.786058e-007,0.0188494
-1.782058e-007,0.0188494
-1.778058e-007,0.00943787
-1.774058e-007,0.0212023
-1.770058e-007,0.0117907
-1.766058e-007,0.0117907
-1.762058e-007,0.0117907
-1.758058e-007,0.0164965
-1.754058e-007,0.0188494
-1.750058e-007,0.0212023
-1.746058e-007,0.0353195
-1.742058e-007,0.0141436
-1.738058e-007,0.0117907
-1.734058e-007,0.0212023
-1.730058e-007,0.0188494
-1.726058e-007,0.0188494
-1.722058e-007,0.0188494
-1.718058e-007,0.0141436
-1.714058e-007,0.0141436
-1.710058e-007,0.0235551
-1.706058e-007,0.0141436
-1.702058e-007,0.0141436
-1.698058e-007,0.0212023
-1.694058e-007,0.0212023
-1.690058e-007,0.0164965
-1.686058e-007,0.0117907
-1.682058e-007,0.0141436
-1.678058e-007,0.0235551
-1.674058e-007,0.0212023
-1.670058e-007,0.025908
-1.666058e-007,0.0188494
-1.662058e-007,0.025908
-1.658058e-007,0.00473211
-1.654058e-007,0.0212023
-1.650058e-007,0.0117907
-1.646058e-007,0.0117907
-1.642058e-007,0.0235551
-1.638058e-007,0.0188494
-1.634058e-007,0.0188494
-1.630058e-007,0.0235551
-1.626058e-007,0.0164965
-1.622058e-007,0.0141436
-1.618058e-007,0.0141436
-1.614058e-007,0.00943787
-1.610058e-007,0.025908
-1.606058e-007,0.0164965
-1.602058e-007,0.0235551
-1.598058e-007,0.0212023
-1.594058e-007,0.0212023
-1.590058e-007,0.0188494
-1.586058e-007,0.0164965
-1.582058e-007,0.025908
-1.578058e-007,0.025908
-1.574058e-007,0.0235551
-1.570058e-007,0.0117907
-1.566058e-007,0.025908
-1.562058e-007,0.0117907
-1.558058e-007,0.0117907
-1.554058e-007,0.0188494
-1.550058e-007,0.0141436
-1.546058e-007,0.0188494
-1.542058e-007,0.0235551
-1.538058e-007,0.0235551
-1.534058e-007,0.0164965
-1.530058e-007,0.0188494
-1.526058e-007,0.00943787
-1.522058e-007,0.00943787
-1.518058e-007,0.0188494
-1.514058e-007,0.0141436
-1.510058e-007,0.0164965
-1.506058e-007,0.0117907
-1.502058e-007,0.0188494
-1.498058e-007,0.025908
-1.494058e-007,0.0212023
-1.490058e-007,0.0212023
-1.486058e-007,0.0188494
-1.482058e-007,0.0141436
-1.478058e-007,0.025908
-1.474058e-007,0.025908
-1.470058e-007,0.0164965
-1.466058e-007,0.025908
-1.462058e-007,0.0212023
-1.458058e-007,0.0164965
-1.454058e-007,0.025908
-1.450058e-007,0.00708499
-1.446058e-007,0.0141436
-1.442058e-007,0.0235551
-1.438058e-007,0.025908
-1.434058e-007,0.0164965
-1.430058e-007,0.0188494
-1.426058e-007,0.0117907
-1.422058e-007,0.0188494
-1.418058e-007,0.0141436
-1.414058e-007,0.0188494
-1.410058e-007,0.0212023
-1.406058e-007,0.0141436
-1.402058e-007,0.0164965
-1.398058e-007,0.0282609
-1.394058e-007,0.0164965
-1.390058e-007,0.0117907
-1.386058e-007,0.0188494
-1.382058e-007,0.0141436
-1.378058e-007,0.0164965
-1.374058e-007,0.0212023
-1.370058e-007,0.0164965
-1.366058e-007,0.0117907
-1.362058e-007,0.0141436
-1.358058e-007,0.00708499
-1.354058e-007,0.0164965
-1.350058e-007,0.0164965
-1.346058e-007,0.0212023
-1.342058e-007,0.0141436
-1.338058e-007,0.0188494
-1.334058e-007,0.0188494
-1.330058e-007,0.0212023
-1.326058e-007,0.0188494
-1.322058e-007,0.0235551
-1.318058e-007,0.0212023
-1.314058e-007,0.0117907
-1.310058e-007,0.0188494
-1.306058e-007,0.0141436
-1.302058e-007,0.0212023
-1.298058e-007,0.0235551
-1.294058e-007,0.0235551
-1.290058e-007,0.0212023
-1.286058e-007,0.0282609
-1.282058e-007,0.0141436
-1.278058e-007,0.0164965
-1.274058e-007,0.0188494
-1.270058e-007,0.0164965
-1.266058e-007,0.00943787
-1.262058e-007,0.0235551
-1.258058e-007,0.0164965
-1.254058e-007,0.0188494
-1.250058e-007,0.0117907
-1.246058e-007,0.0188494
-1.242058e-007,0.0188494
-1.238058e-007,0.0141436
-1.234058e-007,0.0141436
-1.230058e-007,0.0188494
-1.226058e-007,0.0141436
-1.222058e-007,0.0141436
-1.218058e-007,0.025908
-1.214058e-007,0.0353195
-1.210058e-007,0.0212023
-1.206058e-007,0.0117907
-1.202058e-007,0.00943787
-1.198058e-007,0.0164965
-1.194058e-007,0.00943787
-1.190058e-007,0.0141436
-1.186058e-007,0.0212023
-1.182058e-007,0.0282609
-1.178058e-007,0.0212023
-1.174058e-007,0.0141436
-1.170058e-007,0.0117907
-1.166058e-007,0.0164965
-1.162058e-007,0.0212023
-1.158058e-007,0.025908
-1.154058e-007,0.0188494
-1.150058e-007,0.025908
-1.146058e-007,0.0141436
-1.142058e-007,0.0141436
-1.138058e-007,0.00708499
-1.134058e-007,0.0141436
-1.130058e-007,0.0188494
-1.126058e-007,0.0117907
-1.122058e-007,0.0141436
-1.118058e-007,0.0235551
-1.114058e-007,0.0212023
-1.110058e-007,0.0117907
-1.106058e-007,0.0212023
-1.102058e-007,0.0141436
-1.098058e-007,0.0164965
-1.094058e-007,0.0188494
-1.090058e-007,0.0188494
-1.086058e-007,0.0212023
-1.082058e-007,0.0141436
-1.078058e-007,0.0235551
-1.074058e-007,0.0164965
-1.070058e-007,0.025908
-1.066058e-007,0.00473211
-1.062058e-007,0.0282609
-1.058058e-007,0.0188494
-1.054058e-007,0.00943787
-1.050058e-007,0.0141436
-1.046058e-007,0.0235551
-1.042058e-007,0.0235551
-1.038058e-007,0.0164965
-1.034058e-007,0.0188494
-1.030058e-007,0.0306138
-1.026058e-007,0.0164965
-1.022058e-007,0.0188494
-1.018058e-007,0.0164965
-1.014058e-007,0.0141436
-1.010058e-007,0.0141436
-1.006058e-007,0.0164965
-1.002058e-007,0.0164965
-9.98058e-008,0.0164965
-9.94058e-008,0.0164965
-9.90058e-008,0.0164965
-9.86058e-008,0.0188494
-9.82058e-008,0.025908
-9.78058e-008,0.025908
-9.74058e-008,0.0188494
-9.70058e-008,0.0282609
-9.66058e-008,0.0282609
-9.62058e-008,0.0212023
-9.58058e-008,0.0235551
-9.54058e-008,0.025908
-9.50058e-008,0.0141436
-9.46058e-008,0.0235551
-9.42058e-008,0.025908
-9.38058e-008,0.0188494
-9.34058e-008,0.0188494
-9.30058e-008,0.0235551
-9.26058e-008,0.025908
-9.22058e-008,0.0141436
-9.18058e-008,0.0141436
-9.14058e-008,0.025908
-9.10058e-008,0.0188494
-9.06058e-008,0.0188494
-9.02058e-008,0.025908
-8.98058e-008,0.0282609
-8.94058e-008,0.0212023
-8.90058e-008,0.0117907
-8.86058e-008,0.0212023
-8.82058e-008,0.0141436
-8.78058e-008,0.0164965
-8.74058e-008,0.0188494
-8.70058e-008,0.0188494
-8.66058e-008,0.0188494
-8.62058e-008,0.0141436
-8.58058e-008,0.0141436
-8.54058e-008,0.0141436
-8.50058e-008,0.0212023
-8.46058e-008,0.00708499
-8.42058e-008,0.0117907
-8.38058e-008,0.0212023
-8.34058e-008,0.0212023
-8.30058e-008,0.0141436
-8.26058e-008,0.0188494
-8.22058e-008,0.0164965
-8.18058e-008,0.00943787
-8.14058e-008,0.0212023
-8.10058e-008,0.0235551
-8.06058e-008,0.0117907
-8.02058e-008,0.00943787
-7.98058e-008,0.0212023
-7.94058e-008,0.0164965
-7.90058e-008,0.0188494
-7.86058e-008,0.0235551
-7.82058e-008,0.0188494
-7.78058e-008,0.0329667
-7.74058e-008,0.0235551
-7.70058e-008,0.0117907
-7.66058e-008,0.0188494
-7.62058e-008,0.0188494
-7.58058e-008,0.0188494
-7.54058e-008,0.0141436
-7.50058e-008,0.0188494
-7.46058e-008,0.0117907
-7.42058e-008,0.0164965
-7.38058e-008,0.0164965
-7.34058e-008,0.0117907
-7.30058e-008,0.025908
-7.26058e-008,0.0212023
-7.22058e-008,0.0141436
-7.18058e-008,0.00943787
-7.14058e-008,0.025908
-7.10058e-008,0.0117907
-7.06058e-008,0.0212023
-7.02058e-008,0.0188494
-6.98058e-008,0.0188494
-6.94058e-008,0.0188494
-6.90058e-008,0.0141436
-6.86058e-008,0.0212023
-6.82058e-008,0.0164965
-6.78058e-008,0.0141436
-6.74058e-008,0.0164965
-6.70058e-008,0.0282609
-6.66058e-008,0.0164965
-6.62058e-008,0.0164965
-6.58058e-008,0.0306138
-6.54058e-008,0.00943787
-6.50058e-008,0.0212023
-6.46058e-008,0.025908
-6.42058e-008,0.0235551
-6.38058e-008,0.0212023
-6.34058e-008,0.0235551
-6.30058e-008,0.0164965
-6.26058e-008,0.00943787
-6.22058e-008,0.0188494
-6.18058e-008,0.0235551
-6.14058e-008,0.0212023
-6.10058e-008,0.0212023
-6.06058e-008,0.0117907
-6.02058e-008,0.0212023
-5.98058e-008,0.0164965
-5.94058e-008,0.0306138
-5.90058e-008,0.00708499
-5.86058e-008,0.0117907
-5.82058e-008,0.0164965
-5.78058e-008,0.0188494
-5.74058e-008,0.0141436
-5.70058e-008,0.025908
-5.66058e-008,0.0117907
-5.62058e-008,0.0141436
-5.58058e-008,0.0212023
-5.54058e-008,0.0164965
-5.50058e-008,0.0117907
-5.46058e-008,0.00943787
-5.42058e-008,0.0212023
-5.38058e-008,0.0164965
-5.34058e-008,0.0164965
-5.30058e-008,0.0188494
-5.26058e-008,0.0164965
-5.22058e-008,0.0188494
-5.18058e-008,0.0212023
-5.14058e-008,0.0188494
-5.10058e-008,0.0117907
-5.06058e-008,0.0164965
-5.02058e-008,0.0235551
-4.98058e-008,0.0164965
-4.94058e-008,0.0164965
-4.90058e-008,0.0212023
-4.86058e-008,0.0164965
-4.82058e-008,0.0164965
-4.78058e-008,0.00708499
-4.74058e-008,0.00943787
-4.70058e-008,0.025908
-4.66058e-008,0.0141436
-4.62058e-008,0.00943787
-4.58058e-008,0.0164965
-4.54058e-008,0.0212023
-4.50058e-008,0.0141436
-4.46058e-008,0.0306138
-4.42058e-008,0.00943787
-4.38058e-008,0.0164965
-4.34058e-008,0.00473211
-4.30058e-008,0.0282609
-4.26058e-008,0.0141436
-4.22058e-008,0.0164965
-4.18058e-008,0.0235551
-4.14058e-008,0.025908
-4.10058e-008,0.0164965
-4.06058e-008,0.0164965
-4.02058e-008,0.0164965
-3.98058e-008,0.00943787
-3.94058e-008,0.0141436
-3.90058e-008,0.0164965
-3.86058e-008,0.0235551
-3.82058e-008,0.0235551
-3.78058e-008,0.0212023
-3.74058e-008,0.0212023
-3.70058e-008,0.0164965
-3.66058e-008,0.0117907
-3.62058e-008,0.0188494
-3.58058e-008,0.0141436
-3.54058e-008,0.0212023
-3.50058e-008,0.0117907
-3.46058e-008,0.0212023
-3.42058e-008,0.0212023
-3.38058e-008,0.025908
-3.34058e-008,0.00943787
-3.30058e-008,0.0212023
-3.26058e-008,0.00943787
-3.22058e-008,0.0306138
-3.18058e-008,0.0141436
-3.14058e-008,0.0141436
-3.10058e-008,0.0141436
-3.06058e-008,0.0164965
-3.02058e-008,0.0212023
-2.98058e-008,0.025908
-2.94058e-008,0.0164965
-2.90058e-008,0.0188494
-2.86058e-008,0.0164965
-2.82058e-008,0.0212023
-2.78058e-008,0.0235551
-2.74058e-008,0.0235551
-2.70058e-008,0.0164965
-2.66058e-008,0.0188494
-2.62058e-008,0.0164965
-2.58058e-008,0.0235551
-2.54058e-008,0.0235551
-2.50058e-008,0.0141436
-2.46058e-008,0.0212023
-2.42058e-008,0.00943787
-2.38058e-008,0.0141436
-2.34058e-008,0.0117907
-2.30058e-008,0.00708499
-2.26058e-008,0.0164965
-2.22058e-008,0.00708499
-2.18058e-008,0.0188494
-2.14058e-008,0.0117907
-2.10058e-008,0.0164965
-2.06058e-008,0.0188494
-2.02058e-008,0.0164965
-1.98058e-008,0.0164965
-1.94058e-008,0.0212023
-1.90058e-008,0.0141436
-1.86058e-008,0.0212023
-1.82058e-008,0.0141436
-1.78058e-008,0.0117907
-1.74058e-008,0.0235551
-1.70058e-008,0.0164965
-1.66058e-008,0.0141436
-1.62058e-008,0.0212023
-1.58058e-008,0.0282609
-1.54058e-008,0.0212023
-1.50058e-008,0.0164965
-1.46058e-008,0.0164965
-1.42058e-008,0.0117907
-1.38058e-008,0.025908
-1.34058e-008,0.025908
-1.30058e-008,0.0235551
-1.26058e-008,0.0164965
-1.22058e-008,0.0164965
-1.18058e-008,0.0212023
-1.14058e-008,0.0141436
-1.10058e-008,0.0235551
-1.06058e-008,0.025908
-1.02058e-008,0.00708499
-9.8058e-009,0.025908
-9.4058e-009,0.0117907
-9.0058e-009,0.025908
-8.6058e-009,0.0117907
-8.2058e-009,0.0306138
-7.8058e-009,0.0141436
-7.4058e-009,0.0188494
-7.0058e-009,0.0117907
-6.6058e-009,0.0212023
-6.2058e-009,0.0141436
-5.8058e-009,0.0188494
-5.4058e-009,0.0164965
-5.0058e-009,0.025908
-4.6058e-009,0.0164965
-4.2058e-009,0.0212023
-3.8058e-009,0.0235551
-3.4058e-009,0.0164965
-3.0058e-009,0.0188494
-2.6058e-009,0.0470839
-2.2058e-009,0.152963
-1.8058e-009,0.320018
-1.4058e-009,0.51766
-1.0058e-009,0.802358
-6.058e-010,1.13647
-2.058e-010,1.47293
1.942e-010,1.81645
5.942e-010,2.14821
9.942e-010,2.45408
1.3942e-009,2.71525
1.7942e-009,2.96465
2.1942e-009,3.1623
2.5942e-009,3.34347
2.9942e-009,3.47758
3.3942e-009,3.59993
3.7942e-009,3.68228
4.1942e-009,3.75757
4.5942e-009,3.81875
4.9942e-009,3.86581
5.3942e-009,3.89639
5.7942e-009,3.91286
6.1942e-009,3.96227
6.5942e-009,3.97875
6.9942e-009,3.98345
7.3942e-009,3.99992
7.7942e-009,4.02345
8.1942e-009,4.03286
8.5942e-009,4.04227
8.9942e-009,4.05404
9.3942e-009,4.07286
9.7942e-009,4.08462
1.01942e-008,4.07521
1.05942e-008,4.08462
1.09942e-008,4.08933
1.13942e-008,4.09874
1.17942e-008,4.10815
1.21942e-008,4.12227
1.25942e-008,4.12462
1.29942e-008,4.12933
1.33942e-008,4.1458
1.37942e-008,4.14345
1.41942e-008,4.1458
1.45942e-008,4.13639
1.49942e-008,4.13639
1.53942e-008,4.14345
1.57942e-008,4.15521
1.61942e-008,4.1458
1.65942e-008,4.14815
1.69942e-008,4.14345
1.73942e-008,4.16698
1.77942e-008,4.15756
1.81942e-008,4.15992
1.85942e-008,4.15992
1.89942e-008,4.15756
1.93942e-008,4.16698
1.97942e-008,4.17403
2.01942e-008,4.17168
2.05942e-008,4.17874
2.09942e-008,4.18345
2.13942e-008,4.19521
2.17942e-008,4.18815
2.21942e-008,4.19521
2.25942e-008,4.19521
2.29942e-008,4.20227
2.33942e-008,4.19521
2.37942e-008,4.21403
2.41942e-008,4.19756
2.45942e-008,4.21403
2.49942e-008,4.22109
2.53942e-008,4.22109
2.57942e-008,4.21168
2.61942e-008,4.20227
2.65942e-008,4.19992
2.69942e-008,4.21403
2.73942e-008,4.22109
2.77942e-008,4.21639
2.81942e-008,4.21403
2.85942e-008,4.2258
2.89942e-008,4.21168
2.93942e-008,4.21874
2.97942e-008,4.22109
3.01942e-008,4.2258
3.05942e-008,4.21639
3.09942e-008,4.21874
3.13942e-008,4.2258
3.17942e-008,4.2305
3.21942e-008,4.2305
3.25942e-008,4.23286
3.29942e-008,4.23286
3.33942e-008,4.23286
3.37942e-008,4.23286
3.41942e-008,4.23286
3.45942e-008,4.23521
3.49942e-008,4.23286
3.53942e-008,4.23991
3.57942e-008,4.2305
3.61942e-008,4.23286
3.65942e-008,4.23521
3.69942e-008,4.23756
3.73942e-008,4.23521
3.77942e-008,4.23991
3.81942e-008,4.24227
3.85942e-008,4.23286
3.89942e-008,4.25168
3.93942e-008,4.24933
3.97942e-008,4.24933
4.01942e-008,4.24697
4.05942e-008,4.24933
4.09942e-008,4.24462
4.13942e-008,4.24697
4.17942e-008,4.24462
4.21942e-008,4.2658
4.25942e-008,4.24462
4.29942e-008,4.25638
4.33942e-008,4.25638
4.37942e-008,4.25403
4.41942e-008,4.25168
4.45942e-008,4.25638
4.49942e-008,4.25403
4.53942e-008,4.2705
4.57942e-008,4.25638
4.61942e-008,4.25638
4.65942e-008,4.2658
4.69942e-008,4.25403
4.73942e-008,4.24697
4.77942e-008,4.23991
4.81942e-008,4.25638
4.85942e-008,4.24933
4.89942e-008,4.25168
4.93942e-008,4.27521
4.97942e-008,4.25638
5.01942e-008,4.2658
5.05942e-008,4.2705
5.09942e-008,4.25874
5.13942e-008,4.26344
5.17942e-008,4.26344
5.21942e-008,4.2658
5.25942e-008,4.26344
5.29942e-008,4.26344
5.33942e-008,4.25874
5.37942e-008,4.26344
5.41942e-008,4.25874
5.45942e-008,4.25874
5.49942e-008,4.26815
5.53942e-008,4.25403
5.57942e-008,4.2705
5.61942e-008,4.25638
5.65942e-008,4.25874
5.69942e-008,4.26344
5.73942e-008,4.27285
5.77942e-008,4.2705
5.81942e-008,4.2705
5.85942e-008,4.26344
5.89942e-008,4.26109
5.93942e-008,4.26109
5.97942e-008,4.25874
6.01942e-008,4.26344
6.05942e-008,4.27521
6.09942e-008,4.2705
6.13942e-008,4.25874
6.17942e-008,4.26815
6.21942e-008,4.26815
6.25942e-008,4.2705
6.29942e-008,4.27285
6.33942e-008,4.27991
6.37942e-008,4.27521
6.41942e-008,4.27285
6.45942e-008,4.28933
6.49942e-008,4.27756
6.53942e-008,4.27521
6.57942e-008,4.27756
6.61942e-008,4.27285
6.65942e-008,4.2658
6.69942e-008,4.28227
6.73942e-008,4.2658
6.77942e-008,4.27756
6.81942e-008,4.2705
6.85942e-008,4.27521
6.89942e-008,4.2658
6.93942e-008,4.26344
6.97942e-008,4.27285
7.01942e-008,4.27521
7.05942e-008,4.27521
7.09942e-008,4.2705
7.13942e-008,4.26815
7.17942e-008,4.27521
7.21942e-008,4.27991
7.25942e-008,4.27756
7.29942e-008,4.2705
7.33942e-008,4.26344
7.37942e-008,4.2705
7.41942e-008,4.27756
7.45942e-008,4.26344
7.49942e-008,4.27756
7.53942e-008,4.2705
7.57942e-008,4.2705
7.61942e-008,4.27756
7.65942e-008,4.27756
7.69942e-008,4.26109
7.73942e-008,4.26815
7.77942e-008,4.2705
7.81942e-008,4.2705
7.85942e-008,4.27756
7.89942e-008,4.26815
7.93942e-008,4.26344
7.97942e-008,4.27756
8.01942e-008,4.2705
8.05942e-008,4.27756
8.09942e-008,4.27285
8.13942e-008,4.27285
8.17942e-008,4.2658
8.21942e-008,4.2705
8.25942e-008,4.27285
8.29942e-008,4.28933
8.33942e-008,4.27991
8.37942e-008,4.28227
8.41942e-008,4.27521
8.45942e-008,4.27285
8.49942e-008,4.28697
8.53942e-008,4.2705
8.57942e-008,4.26815
8.61942e-008,4.27521
8.65942e-008,4.2705
8.69942e-008,4.26109
8.73942e-008,4.27521
8.77942e-008,4.27991
8.81942e-008,4.27756
8.85942e-008,4.27285
8.89942e-008,4.28697
8.93942e-008,4.27756
8.97942e-008,4.28933
9.01942e-008,4.28933
9.05942e-008,4.28227
9.09942e-008,4.27521
9.13942e-008,4.27285
9.17942e-008,4.26815
9.21942e-008,4.2705
9.25942e-008,4.27521
9.29942e-008,4.27521
9.33942e-008,4.27756
9.37942e-008,4.2705
9.41942e-008,4.27756
9.45942e-008,4.2658
9.49942e-008,4.26815
9.53942e-008,4.27991
9.57942e-008,4.27756
9.61942e-008,4.26815
9.65942e-008,4.27521
9.69942e-008,4.27285
9.73942e-008,4.27991
9.77942e-008,4.27521
9.81942e-008,4.2658
9.85942e-008,4.2705
9.89942e-008,4.2705
9.93942e-008,4.27521
9.97942e-008,4.2705
1.001942e-007,4.27521
1.005942e-007,4.27991
1.009942e-007,4.27285
1.013942e-007,4.28227
1.017942e-007,4.27756
1.021942e-007,4.2705
1.025942e-007,4.26815
1.029942e-007,4.26815
1.033942e-007,4.2658
1.037942e-007,4.2705
1.041942e-007,4.26815
1.045942e-007,4.26815
1.049942e-007,4.27521
1.053942e-007,4.26815
1.057942e-007,4.26344
1.061942e-007,4.2705
1.065942e-007,4.26344
1.069942e-007,4.26344
1.073942e-007,4.26815
1.077942e-007,4.26815
1.081942e-007,4.2705
1.085942e-007,4.27521
1.089942e-007,4.27521
1.093942e-007,4.27756
1.097942e-007,4.26344
1.101942e-007,4.26109
1.105942e-007,4.2658
1.109942e-007,4.2705
1.113942e-007,4.26109
1.117942e-007,4.2705
1.121942e-007,4.2705
1.125942e-007,4.25874
1.129942e-007,4.25638
1.133942e-007,4.26344
1.137942e-007,4.25638
1.141942e-007,4.2658
1.145942e-007,4.26815
1.149942e-007,4.26344
1.153942e-007,4.2658
1.157942e-007,4.27285
1.161942e-007,4.26344
1.165942e-007,4.27521
1.169942e-007,4.2705
1.173942e-007,4.26815
1.177942e-007,4.2658
1.181942e-007,4.2705
1.185942e-007,4.26344
1.189942e-007,4.26344
1.193942e-007,4.26815
1.197942e-007,4.27521
1.201942e-007,4.25874
1.205942e-007,4.26815
1.209942e-007,4.25874
1.213942e-007,4.25874
1.217942e-007,4.25403
1.221942e-007,4.2658
1.225942e-007,4.26815
1.229942e-007,4.26109
1.233942e-007,4.2705
1.237942e-007,4.26815
1.241942e-007,4.2705
1.245942e-007,4.26344
1.249942e-007,4.26344
1.253942e-007,4.27521
1.257942e-007,4.27991
1.261942e-007,4.26815
1.265942e-007,4.26344
1.269942e-007,4.26344
1.273942e-007,4.27756
1.277942e-007,4.27521
1.281942e-007,4.26109
1.285942e-007,4.26344
1.289942e-007,4.25403
1.293942e-007,4.2658
1.297942e-007,4.26344
1.301942e-007,4.25874
1.305942e-007,4.25638
1.309942e-007,4.26344
1.313942e-007,4.25638
1.317942e-007,4.26815
1.321942e-007,4.25638
1.325942e-007,4.26344
1.329942e-007,4.25403
1.333942e-007,4.23286
1.337942e-007,4.21874
1.341942e-007,4.20933
1.345942e-007,4.19992
1.349942e-007,4.16933
1.353942e-007,4.14109
1.357942e-007,4.11756
1.361942e-007,4.11286
1.365942e-007,4.09404
1.369942e-007,4.07521
1.373942e-007,4.06815
1.377942e-007,4.05874
1.381942e-007,4.03992
1.385942e-007,4.0258
1.389942e-007,4.0258
1.393942e-007,4.01404
1.397942e-007,4.01874
1.401942e-007,4.00463
1.405942e-007,3.99757
1.409942e-007,3.99286
1.413942e-007,3.99757
1.417942e-007,3.99051
1.421942e-007,3.98345
1.425942e-007,3.96698
1.429942e-007,3.97169
1.433942e-007,3.96933
1.437942e-007,3.96933
1.441942e-007,3.95757
1.445942e-007,3.96933
1.449942e-007,3.95757
1.453942e-007,3.96698
1.457942e-007,3.96227
1.461942e-007,3.95286
1.465942e-007,3.95522
1.469942e-007,3.95522
1.473942e-007,3.9458
1.477942e-007,3.95286
1.481942e-007,3.94345
1.485942e-007,3.9458
1.489942e-007,3.95051
1.493942e-007,3.95051
1.497942e-007,3.93404
1.501942e-007,3.93169
1.505942e-007,3.95051
1.509942e-007,3.9458
1.513942e-007,3.93169
1.517942e-007,3.94345
1.521942e-007,3.9411
1.525942e-007,3.93169
1.529942e-007,3.9411
1.533942e-007,3.93639
1.537942e-007,3.92933
1.541942e-007,3.93404
1.545942e-007,3.93169
1.549942e-007,3.93639
1.553942e-007,3.92698
1.557942e-007,3.91992
1.561942e-007,3.93169
1.565942e-007,3.92463
1.569942e-007,3.92463
1.573942e-007,3.93875
1.577942e-007,3.93169
1.581942e-007,3.93169
1.585942e-007,3.92933
1.589942e-007,3.92463
1.593942e-007,3.92698
1.597942e-007,3.9411
1.601942e-007,3.92698
1.605942e-007,3.92463
1.609942e-007,3.91051
1.613942e-007,3.91757
1.617942e-007,3.92228
1.621942e-007,3.92463
1.625942e-007,3.92228
1.629942e-007,3.91757
1.633942e-007,3.92463
1.637942e-007,3.91992
1.641942e-007,3.91757
1.645942e-007,3.92228
1.649942e-007,3.92463
1.653942e-007,3.91757
1.657942e-007,3.92228
1.661942e-007,3.91051
1.665942e-007,3.92228
1.669942e-007,3.92698
1.673942e-007,3.91757
1.677942e-007,3.91757
1.681942e-007,3.91286
1.685942e-007,3.91286
1.689942e-007,3.91051
1.693942e-007,3.91757
1.697942e-007,3.91051
1.701942e-007,3.91757
1.705942e-007,3.91757
1.709942e-007,3.92463
1.713942e-007,3.91286
1.717942e-007,3.91286
1.721942e-007,3.91286
1.725942e-007,3.91286
1.729942e-007,3.90345
1.733942e-007,3.91286
1.737942e-007,3.92228
1.741942e-007,3.91757
1.745942e-007,3.91051
1.749942e-007,3.91992
1.753942e-007,3.90816
1.757942e-007,3.91051
1.761942e-007,3.91051
1.765942e-007,3.91286
1.769942e-007,3.91286
1.773942e-007,3.92698
1.777942e-007,3.92228
1.781942e-007,3.92463
1.785942e-007,3.92463
1.789942e-007,3.91992
1.793942e-007,3.91286
1.797942e-007,3.91286
1.801942e-007,3.91286
1.805942e-007,3.90581
1.809942e-007,3.91757
1.813942e-007,3.91051
1.817942e-007,3.90345
1.821942e-007,3.90816
1.825942e-007,3.90581
1.829942e-007,3.91757
1.833942e-007,3.90345
1.837942e-007,3.91051
1.841942e-007,3.91522
1.845942e-007,3.90345
1.849942e-007,3.89875
1.853942e-007,3.92463
1.857942e-007,3.91522
1.861942e-007,3.90816
1.865942e-007,3.91286
1.869942e-007,3.90816
1.873942e-007,3.91522
1.877942e-007,3.91757
1.881942e-007,3.91757
1.885942e-007,3.91522
1.889942e-007,3.91522
1.893942e-007,3.91992
1.897942e-007,3.90816
1.901942e-007,3.91522
1.905942e-007,3.91757
1.909942e-007,3.91051
1.913942e-007,3.92228
1.917942e-007,3.91051
1.921942e-007,3.90581
1.925942e-007,3.91992
1.929942e-007,3.92463
1.933942e-007,3.91757
1.937942e-007,3.91051
1.941942e-007,3.91757
1.945942e-007,3.91051
1.949942e-007,3.91286
1.953942e-007,3.90581
1.957942e-007,3.91522
1.961942e-007,3.91757
1.965942e-007,3.91522
1.969942e-007,3.90345
1.973942e-007,3.92463
1.977942e-007,3.90816
1.981942e-007,3.91992
1.985942e-007,3.90345
1.989942e-007,3.91992
1.993942e-007,3.92228
1.997942e-007,3.91757
2.001942e-007,3.91757
2.005942e-007,3.90816
2.009942e-007,3.90816
2.013942e-007,3.90345
2.017942e-007,3.91757
2.021942e-007,3.91522
2.025942e-007,3.92228
2.029942e-007,3.91522
2.033942e-007,3.92228
2.037942e-007,3.91286
2.041942e-007,3.91992
2.045942e-007,3.91992
2.049942e-007,3.92228
2.053942e-007,3.91051
2.057942e-007,3.91286
2.061942e-007,3.91286
2.065942e-007,3.90581
2.069942e-007,3.91051
2.073942e-007,3.91522
2.077942e-007,3.91992
2.081942e-007,3.91992
2.085942e-007,3.92228
2.089942e-007,3.91522
2.093942e-007,3.91286
2.097942e-007,3.90581
2.101942e-007,3.91522
2.105942e-007,3.91757
2.109942e-007,3.91992
2.113942e-007,3.92228
2.117942e-007,3.92228
2.121942e-007,3.91286
2.125942e-007,3.92228
2.129942e-007,3.92933
2.133942e-007,3.92463
2.137942e-007,3.92228
2.141942e-007,3.92228
2.145942e-007,3.93169
2.149942e-007,3.91286
2.153942e-007,3.92228
2.157942e-007,3.91522
2.161942e-007,3.91757
2.165942e-007,3.91757
2.169942e-007,3.92228
2.173942e-007,3.91757
2.177942e-007,3.92228
2.181942e-007,3.92698
2.185942e-007,3.92228
2.189942e-007,3.92228
2.193942e-007,3.92228
2.197942e-007,3.91757
2.201942e-007,3.91051
2.205942e-007,3.92228
2.209942e-007,3.91051
2.213942e-007,3.92463
2.217942e-007,3.92228
2.221942e-007,3.92933
2.225942e-007,3.91757
2.229942e-007,3.91522
2.233942e-007,3.91992
2.237942e-007,3.92698
2.241942e-007,3.92463
2.245942e-007,3.91992
2.249942e-007,3.92228
2.253942e-007,3.92463
2.257942e-007,3.92698
2.261942e-007,3.90816
2.265942e-007,3.91992
2.269942e-007,3.91992
2.273942e-007,3.92228
2.277942e-007,3.91992
2.281942e-007,3.92228
2.285942e-007,3.93639
2.289942e-007,3.92933
2.293942e-007,3.91992
2.297942e-007,3.9411
2.301942e-007,3.92933
2.305942e-007,3.91522
2.309942e-007,3.91757
2.313942e-007,3.92698
2.317942e-007,3.91992
2.321942e-007,3.92463
2.325942e-007,3.91522
2.329942e-007,3.92463
2.333942e-007,3.92463
2.337942e-007,3.91992
2.341942e-007,3.92698
2.345942e-007,3.92228
2.349942e-007,3.92933
2.353942e-007,3.93404
2.357942e-007,3.92463
2.361942e-007,3.92228
2.365942e-007,3.92698
2.369942e-007,3.93875
2.373942e-007,3.92463
2.377942e-007,3.92933
2.381942e-007,3.92228
2.385942e-007,3.92933
2.389942e-007,3.92228
2.393942e-007,3.92228
2.397942e-007,3.92463
2.401942e-007,3.93639
2.405942e-007,3.91992
2.409942e-007,3.92463
2.413942e-007,3.92933
2.417942e-007,3.93169
2.421942e-007,3.93404
2.425942e-007,3.9411
2.429942e-007,3.93404
2.433942e-007,3.93639
2.437942e-007,3.93875
2.441942e-007,3.93875
2.445942e-007,3.93639
2.449942e-007,3.92933
2.453942e-007,3.93639
2.457942e-007,3.93169
2.461942e-007,3.93169
2.465942e-007,3.93404
2.469942e-007,3.92933
2.473942e-007,3.93169
2.477942e-007,3.93639
2.481942e-007,3.91992
2.485942e-007,3.93169
2.489942e-007,3.93169
2.493942e-007,3.9411
2.497942e-007,3.92933
2.501942e-007,3.93639
2.505942e-007,3.93404
2.509942e-007,3.93875
2.513942e-007,3.9411
2.517942e-007,3.93875
2.521942e-007,3.93639
2.525942e-007,3.92933
2.529942e-007,3.93404
2.533942e-007,3.92933
2.537942e-007,3.92463
2.541942e-007,3.94345
2.545942e-007,3.94345
2.549942e-007,3.9458
2.553942e-007,3.95522
2.557942e-007,3.9411
2.561942e-007,3.93169
2.565942e-007,3.92228
2.569942e-007,3.93639
2.573942e-007,3.93875
2.577942e-007,3.93639
2.581942e-007,3.92933
2.585942e-007,3.93169
2.589942e-007,3.9411
2.593942e-007,3.93639
2.597942e-007,3.93875
2.601942e-007,3.93404
2.605942e-007,3.93404
2.609942e-007,3.93404
2.613942e-007,3.93404
2.617942e-007,3.9411
2.621942e-007,3.9411
2.625942e-007,3.9411
2.629942e-007,3.92933
2.633942e-007,3.93875
2.637942e-007,3.93169
2.641942e-007,3.94345
2.645942e-007,3.92698
2.649942e-007,3.93875
2.653942e-007,3.94345
2.657942e-007,3.94345
2.661942e-007,3.9411
2.665942e-007,3.95051
2.669942e-007,3.9411
2.673942e-007,3.94345
2.677942e-007,3.93404
2.681942e-007,3.9411
2.685942e-007,3.93639
2.689942e-007,3.94816
2.693942e-007,3.94816
2.697942e-007,3.95051
2.701942e-007,3.95051
2.705942e-007,3.9458
2.709942e-007,3.95051
2.713942e-007,3.95051
2.717942e-007,3.95992
2.721942e-007,3.94816
2.725942e-007,3.95286
2.729942e-007,3.95522
2.733942e-007,3.95522
2.737942e-007,3.95522
2.741942e-007,3.95522
2.745942e-007,3.95992
2.749942e-007,3.95757
2.753942e-007,3.95286
2.757942e-007,3.96463
2.761942e-007,3.97169
2.765942e-007,3.96463
2.769942e-007,3.97404
2.773942e-007,3.96227
2.777942e-007,3.96933
2.781942e-007,3.96227
2.785942e-007,3.97639
2.789942e-007,3.96933
2.793942e-007,3.96933
2.797942e-007,3.97639
2.801942e-007,3.96933
2.805942e-007,3.97404
2.809942e-007,3.97169
2.813942e-007,3.97404
2.817942e-007,3.96463
2.821942e-007,3.97639
2.825942e-007,3.97404
2.829942e-007,3.97169
2.833942e-007,3.96227
2.837942e-007,3.95522
2.841942e-007,3.97169
2.845942e-007,3.96933
2.849942e-007,3.96933
2.853942e-007,3.98816
2.857942e-007,3.97404
2.861942e-007,3.97404
2.865942e-007,3.97875
2.869942e-007,3.97169
2.873942e-007,3.96698
2.877942e-007,3.9858
2.881942e-007,3.98345
2.885942e-007,3.98345
2.889942e-007,3.97169
2.893942e-007,3.97169
2.897942e-007,3.97639
2.901942e-007,3.97404
2.905942e-007,3.97169
2.909942e-007,3.98345
2.913942e-007,3.97875
2.917942e-007,3.9811
2.921942e-007,3.96933
2.925942e-007,3.9858
2.929942e-007,3.97639
2.933942e-007,3.9811
2.937942e-007,3.9858
2.941942e-007,3.97404
2.945942e-007,3.9858
2.949942e-007,3.97875
2.953942e-007,3.99051
2.957942e-007,3.97169
2.961942e-007,3.97875
2.965942e-007,3.98345
2.969942e-007,3.97875
2.973942e-007,3.97639
2.977942e-007,3.97169
2.981942e-007,3.98816
2.985942e-007,3.97169
2.989942e-007,3.98345
2.993942e-007,3.97875
2.997942e-007,3.98816
3.001942e-007,3.9858
3.005942e-007,3.9858
3.009942e-007,3.9811
3.013942e-007,3.9858
3.017942e-007,3.9858
3.021942e-007,3.98816
3.025942e-007,3.99522
3.029942e-007,3.98345
3.033942e-007,3.97639
3.037942e-007,3.97404
3.041942e-007,3.9858
3.045942e-007,3.9858
3.049942e-007,3.9858
3.053942e-007,4.00698
3.057942e-007,3.99286
3.061942e-007,3.9811
3.065942e-007,3.99286
3.069942e-007,3.99051
3.073942e-007,3.97639
3.077942e-007,3.97875
3.081942e-007,3.98816
3.085942e-007,3.9858
3.089942e-007,3.9811
3.093942e-007,3.9811
3.097942e-007,3.97169
3.101942e-007,3.98345
3.105942e-007,3.98345
3.109942e-007,3.99286
3.113942e-007,3.9811
3.117942e-007,3.9858
3.121942e-007,3.98816
3.125942e-007,3.99757
3.129942e-007,3.9811
3.133942e-007,3.99522
3.137942e-007,3.98816
3.141942e-007,3.98816
3.145942e-007,3.97639
3.149942e-007,3.9858
3.153942e-007,3.99757
3.157942e-007,3.98816
3.161942e-007,3.98345
3.165942e-007,3.9858
3.169942e-007,3.99757
3.173942e-007,3.99051
3.177942e-007,3.98816
3.181942e-007,3.99286
3.185942e-007,3.9858
3.189942e-007,3.99286
3.193942e-007,3.99522
3.197942e-007,3.99522
3.201942e-007,3.99051
3.205942e-007,3.99522
3.209942e-007,3.99757
3.213942e-007,3.99522
3.217942e-007,3.99286
3.221942e-007,3.9858
3.225942e-007,3.99051
3.229942e-007,3.99757
3.233942e-007,3.98816
3.237942e-007,3.99286
3.241942e-007,3.99522
3.245942e-007,4.00227
3.249942e-007,3.98816
3.253942e-007,3.99051
3.257942e-007,3.99286
3.261942e-007,3.98816
3.265942e-007,3.99286
3.269942e-007,3.9858
3.273942e-007,3.99757
3.277942e-007,3.99051
3.281942e-007,4.00227
3.285942e-007,3.99992
3.289942e-007,3.99757
3.293942e-007,3.98816
3.297942e-007,3.99522
3.301942e-007,3.99992
3.305942e-007,3.99757
3.309942e-007,4.00698
3.313942e-007,4.00227
3.317942e-007,4.00698
3.321942e-007,4.00933
3.325942e-007,4.00698
3.329942e-007,3.99522
3.333942e-007,3.99757
3.337942e-007,3.99757
3.341942e-007,3.99522
3.345942e-007,3.99051
3.349942e-007,3.9811
3.353942e-007,3.98816
3.357942e-007,3.99522
3.361942e-007,3.99992
3.365942e-007,3.99522
3.369942e-007,3.99286
3.373942e-007,3.99522
3.377942e-007,3.99286
3.381942e-007,3.99992
3.385942e-007,3.99757
3.389942e-007,3.99051
3.393942e-007,4.00227
3.397942e-007,3.99757
3.401942e-007,3.99286
3.405942e-007,3.99051
3.409942e-007,4.00227
3.413942e-007,4.00463
3.417942e-007,3.99286
3.421942e-007,4.00227
3.425942e-007,4.00933
3.429942e-007,4.00227
3.433942e-007,4.00698
3.437942e-007,4.00463
3.441942e-007,3.99522
3.445942e-007,4.00463
3.449942e-007,4.01404
3.453942e-007,3.99757
3.457942e-007,3.99992
3.461942e-007,4.01169
3.465942e-007,4.00463
3.469942e-007,4.00463
3.473942e-007,4.00463
3.477942e-007,3.99992
3.481942e-007,3.99757
3.485942e-007,4.00227
3.489942e-007,3.99522
3.493942e-007,4.00463
3.497942e-007,4.00463
3.501942e-007,4.00933
3.505942e-007,3.98816
3.509942e-007,3.99051
3.513942e-007,4.00698
3.517942e-007,4.00227
3.521942e-007,4.00227
3.525942e-007,3.99757
3.529942e-007,3.99286
3.533942e-007,3.99522
3.537942e-007,4.01169
3.541942e-007,3.99992
3.545942e-007,3.9858
3.549942e-007,3.99286
3.553942e-007,4.00698
3.557942e-007,4.00463
3.561942e-007,4.01639
3.565942e-007,4.01169
3.569942e-007,4.00463
3.573942e-007,4.00698
3.577942e-007,4.01639
3.581942e-007,4.01404
3.585942e-007,3.99757
3.589942e-007,3.99992
3.593942e-007,3.99992
3.597942e-007,4.00698
3.601942e-007,4.00227
3.605942e-007,4.00227
3.609942e-007,4.00463
3.613942e-007,3.99757
3.617942e-007,4.00227
3.621942e-007,4.00933
3.625942e-007,4.00463
3.629942e-007,3.99992
3.633942e-007,4.00463
3.637942e-007,4.00227
3.641942e-007,3.99757
3.645942e-007,4.00698
3.649942e-007,4.01404
3.653942e-007,4.00463
3.657942e-007,4.00463
3.661942e-007,3.99992
3.665942e-007,4.01169
3.669942e-007,4.00463
3.673942e-007,4.01169
3.677942e-007,4.01169
3.681942e-007,4.01639
3.685942e-007,4.00933
3.689942e-007,4.01169
3.693942e-007,4.00698
3.697942e-007,4.01874
3.701942e-007,4.01169
3.705942e-007,4.0211
3.709942e-007,4.01639
3.713942e-007,4.00698
3.717942e-007,4.00698
3.721942e-007,4.00933
3.725942e-007,4.00463
3.729942e-007,4.01169
3.733942e-007,4.00933
3.737942e-007,3.99757
3.741942e-007,4.00227
3.745942e-007,3.99757
3.749942e-007,4.00933
3.753942e-007,4.00463
3.757942e-007,4.01639
3.761942e-007,4.00933
3.765942e-007,4.00698
3.769942e-007,4.01404
3.773942e-007,4.0211
3.777942e-007,4.00933
3.781942e-007,4.00463
3.785942e-007,4.01169
3.789942e-007,4.01639
3.793942e-007,4.01874
3.797942e-007,4.00463
3.801942e-007,4.01639
3.805942e-007,3.99992
3.809942e-007,4.01874
3.813942e-007,4.01169
3.817942e-007,4.01404
3.821942e-007,4.01169
3.825942e-007,4.01169
3.829942e-007,4.01404
3.833942e-007,4.01874
3.837942e-007,4.01639
3.841942e-007,4.00463
3.845942e-007,3.99992
3.849942e-007,4.00698
3.853942e-007,4.00463
3.857942e-007,4.01169
3.861942e-007,3.99522
3.865942e-007,4.01404
3.869942e-007,4.01639
3.873942e-007,4.00463
3.877942e-007,4.01874
3.881942e-007,4.00463
3.885942e-007,4.01169
3.889942e-007,4.00933
3.893942e-007,4.01404
3.897942e-007,4.01404
3.901942e-007,4.01874
3.905942e-007,4.01404
3.909942e-007,4.0211
3.913942e-007,4.00933
3.917942e-007,4.00933
3.921942e-007,4.01404
3.925942e-007,4.01639
3.929942e-007,4.01874
3.933942e-007,4.00933
3.937942e-007,4.01639
3.941942e-007,4.00933
3.945942e-007,4.00698
3.949942e-007,4.01404
3.953942e-007,4.01404
3.957942e-007,4.01169
3.961942e-007,4.01169
3.965942e-007,4.01169
3.969942e-007,4.01169
3.973942e-007,4.02345
3.977942e-007,4.0258
3.981942e-007,4.01874
3.985942e-007,4.01169
3.989942e-007,4.00933
3.993942e-007,4.01639
3.997942e-007,4.03051
4.001942e-007,4.00933
4.005942e-007,4.0258
4.009942e-007,4.01169
4.013942e-007,4.02816
4.017942e-007,4.01639
4.021942e-007,4.0211
4.025942e-007,4.0211
4.029942e-007,4.01404
4.033942e-007,4.01404
4.037942e-007,4.01404
4.041942e-007,4.02345
4.045942e-007,4.01404
4.049942e-007,4.01874
4.053942e-007,4.01639
4.057942e-007,4.01639
4.061942e-007,4.01169
4.065942e-007,4.0211
4.069942e-007,4.0211
4.073942e-007,4.01874
4.077942e-007,4.01639
4.081942e-007,4.01404
4.085942e-007,4.01639
4.089942e-007,4.0258
4.093942e-007,4.01639
4.097942e-007,4.00698
4.101942e-007,4.01639
4.105942e-007,4.01169
4.109942e-007,4.01404
4.113942e-007,4.02345
4.117942e-007,4.01404
4.121942e-007,4.01874
4.125942e-007,4.01169
4.129942e-007,4.00933
4.133942e-007,4.02345
4.137942e-007,4.01169
4.141942e-007,4.01639
4.145942e-007,4.01639
4.149942e-007,4.0211
4.153942e-007,4.01404
4.157942e-007,4.0258
4.161942e-007,4.02816
4.165942e-007,4.0258
4.169942e-007,4.00463
4.173942e-007,4.00227
4.177942e-007,4.01874
4.181942e-007,4.01639
4.185942e-007,4.00463
4.189942e-007,4.01874
4.193942e-007,4.01874
4.197942e-007,4.01639
4.201942e-007,4.01169
4.205942e-007,4.0258
4.209942e-007,4.01404
4.213942e-007,4.0211
4.217942e-007,4.02345
4.221942e-007,4.0211
4.225942e-007,4.01639
4.229942e-007,4.0211
4.233942e-007,4.01639
4.237942e-007,4.02345
4.241942e-007,4.00463
4.245942e-007,4.01874
4.249942e-007,4.01639
4.253942e-007,4.01874
4.257942e-007,4.01639
4.261942e-007,4.02345
4.265942e-007,4.01169
4.269942e-007,4.02816
4.273942e-007,4.01639
4.277942e-007,4.01874
4.281942e-007,4.01639
4.285942e-007,4.0211
4.289942e-007,4.00933
4.293942e-007,4.01874
4.297942e-007,4.01874
4.301942e-007,4.0211
4.305942e-007,4.01874
4.309942e-007,4.00933
4.313942e-007,4.01874
4.317942e-007,4.00933
4.321942e-007,4.02345
4.325942e-007,4.01404
4.329942e-007,4.01639
4.333942e-007,4.02816
4.337942e-007,4.01639
4.341942e-007,4.0211
4.345942e-007,4.01874
4.349942e-007,4.03051
4.353942e-007,4.01874
4.357942e-007,4.02345
4.361942e-007,4.01639
4.365942e-007,4.01404
4.369942e-007,4.0211
4.373942e-007,4.01404
4.377942e-007,4.01639
4.381942e-007,4.02816
4.385942e-007,4.02345
4.389942e-007,4.0211
4.393942e-007,4.02345
4.397942e-007,4.01639
4.401942e-007,4.01874
4.405942e-007,4.01874
4.409942e-007,4.00933
4.413942e-007,4.0211
4.417942e-007,4.03051
4.421942e-007,4.0211
4.425942e-007,4.01874
4.429942e-007,4.00933
4.433942e-007,4.02345
4.437942e-007,4.02345
4.441942e-007,4.0258
4.445942e-007,4.0211
4.449942e-007,4.0211
4.453942e-007,4.01169
4.457942e-007,4.01169
4.461942e-007,4.01404
4.465942e-007,4.0258
4.469942e-007,4.01874
4.473942e-007,4.0258
4.477942e-007,4.0211
4.481942e-007,4.01874
4.485942e-007,4.0258
4.489942e-007,4.0258
4.493942e-007,4.0258
4.497942e-007,4.02345
4.501942e-007,4.0258
4.505942e-007,4.0211
4.509942e-007,4.02345
4.513942e-007,4.02345
4.517942e-007,4.01639
4.521942e-007,4.01874
4.525942e-007,4.02816
4.529942e-007,4.0258
4.533942e-007,4.01874
4.537942e-007,4.0258
4.541942e-007,4.03286
4.545942e-007,4.00933
4.549942e-007,4.02345
4.553942e-007,4.02816
4.557942e-007,4.02816
4.561942e-007,4.01874
4.565942e-007,4.0211
4.569942e-007,4.0211
4.573942e-007,4.00933
4.577942e-007,4.02816
4.581942e-007,4.0211
4.585942e-007,4.03521
4.589942e-007,4.02816
4.593942e-007,4.01874
4.597942e-007,4.02345
4.601942e-007,4.02816
4.605942e-007,4.0211
4.609942e-007,4.0211
4.613942e-007,4.02345
4.617942e-007,4.01169
4.621942e-007,4.0211
4.625942e-007,4.02345
4.629942e-007,4.01404
4.633942e-007,4.0258
4.637942e-007,4.01639
4.641942e-007,4.01404
4.645942e-007,4.02345
4.649942e-007,4.01639
4.653942e-007,4.02345
4.657942e-007,4.02345
4.661942e-007,4.0211
4.665942e-007,4.01404
4.669942e-007,4.02816
4.673942e-007,4.02345
4.677942e-007,4.0258
4.681942e-007,4.02816
4.685942e-007,4.0211
4.689942e-007,4.02816
4.693942e-007,4.0258
4.697942e-007,4.0258
4.701942e-007,4.0258
4.705942e-007,4.0258
4.709942e-007,4.0211
4.713942e-007,4.01874
4.717942e-007,4.02816
4.721942e-007,4.03286
4.725942e-007,4.02345
4.729942e-007,4.03286
4.733942e-007,4.0258
4.737942e-007,4.02345
4.741942e-007,4.0211
4.745942e-007,4.0211
4.749942e-007,4.03051
4.753942e-007,4.02345
4.757942e-007,4.03051
4.761942e-007,4.01639
4.765942e-007,4.03521
4.769942e-007,4.02345
4.773942e-007,4.03051
4.777942e-007,4.0258
4.781942e-007,4.02816
4.785942e-007,4.01874
4.789942e-007,4.01404
4.793942e-007,4.0258
4.797942e-007,4.0211
4.801942e-007,4.01169
4.805942e-007,4.02345
4.809942e-007,4.02345
4.813942e-007,4.0211
4.817942e-007,4.0258
4.821942e-007,4.02345
4.825942e-007,4.0211
4.829942e-007,4.01874
4.833942e-007,4.02816
4.837942e-007,4.0258
4.841942e-007,4.02345
4.845942e-007,4.03521
4.849942e-007,4.01404
4.853942e-007,4.03051
4.857942e-007,4.02345
4.861942e-007,4.03051
4.865942e-007,4.02816
4.869942e-007,4.02816
4.873942e-007,4.0258
4.877942e-007,4.02345
4.881942e-007,4.03286
4.885942e-007,4.0258
4.889942e-007,4.01639
4.893942e-007,4.02816
4.897942e-007,4.01874
4.901942e-007,4.03286
4.905942e-007,4.0211
4.909942e-007,4.02345
4.913942e-007,4.0258
4.917942e-007,4.02345
4.921942e-007,4.02345
4.925942e-007,4.03521
4.929942e-007,4.03286
4.933942e-007,4.03051
4.937942e-007,4.0258
4.941942e-007,4.0211
4.945942e-007,4.02345
4.949942e-007,4.0211
4.953942e-007,4.01874
4.957942e-007,4.01874
4.961942e-007,4.03051
4.965942e-007,4.0211
4.969942e-007,4.00698
4.973942e-007,4.0258
4.977942e-007,4.02816
4.981942e-007,4.02345
4.985942e-007,4.02816
4.989942e-007,4.03286
4.993942e-007,4.0258
4.997942e-007,4.03051
5.001942e-007,4.02345
5.005942e-007,4.02345
5.009942e-007,4.02816
5.013942e-007,4.01404
5.017942e-007,4.02816
5.021942e-007,4.02345
5.025942e-007,4.01639
5.029942e-007,4.03051
5.033942e-007,4.01874
5.037942e-007,4.02816
5.041942e-007,4.02345
5.045942e-007,4.01874
5.049942e-007,4.01874
5.053942e-007,4.0258
5.057942e-007,4.03051
5.061942e-007,4.03051
5.065942e-007,4.03757
5.069942e-007,4.0258
5.073942e-007,4.03286
5.077942e-007,4.03051
5.081942e-007,4.0258
5.085942e-007,4.01874
5.089942e-007,4.02816
5.093942e-007,4.0258
5.097942e-007,4.02345
5.101942e-007,4.02816
5.105942e-007,4.01874
5.109942e-007,4.02345
5.113942e-007,4.03757
5.117942e-007,4.02345
5.121942e-007,4.02345
5.125942e-007,4.02345
5.129942e-007,4.01169
5.133942e-007,4.02816
5.137942e-007,4.03051
5.141942e-007,4.02816
5.145942e-007,4.0211
5.149942e-007,4.02345
5.153942e-007,4.0211
5.157942e-007,4.03286
5.161942e-007,4.0258
5.165942e-007,4.03521
5.169942e-007,4.0258
5.173942e-007,4.03286
5.177942e-007,4.02345
5.181942e-007,4.03521
5.185942e-007,4.02816
5.189942e-007,4.03286
5.193942e-007,4.0258
5.197942e-007,4.01639
5.201942e-007,4.03757
5.205942e-007,4.0258
5.209942e-007,4.03286
5.213942e-007,4.03051
5.217942e-007,4.03051
5.221942e-007,4.03286
5.225942e-007,4.02816
5.229942e-007,4.03051
5.233942e-007,4.0211
5.237942e-007,4.03051
5.241942e-007,4.02816
5.245942e-007,4.0211
5.249942e-007,4.0211
5.253942e-007,4.0211
5.257942e-007,4.03757
5.261942e-007,4.02816
5.265942e-007,4.02816
5.269942e-007,4.03286
5.273942e-007,4.01639
5.277942e-007,4.02816
5.281942e-007,4.03051
5.285942e-007,4.03521
5.289942e-007,4.03051
5.293942e-007,4.02816
5.297942e-007,4.01874
5.301942e-007,4.0211
5.305942e-007,4.03051
5.309942e-007,4.03992
5.313942e-007,4.02345
5.317942e-007,4.03051
5.321942e-007,4.02816
5.325942e-007,4.03286
5.329942e-007,4.03521
5.333942e-007,4.0258
5.337942e-007,4.03521
5.341942e-007,4.0211
5.345942e-007,4.03521
5.349942e-007,4.03992
5.353942e-007,4.05404
5.357942e-007,4.01639
5.361942e-007,4.03051
5.365942e-007,4.03521
5.369942e-007,4.04463
5.373942e-007,4.02345
5.377942e-007,4.03051
5.381942e-007,4.04463
5.385942e-007,4.03757
5.389942e-007,4.01169
5.393942e-007,4.04227
5.397942e-007,4.01874
5.401942e-007,4.0258
5.405942e-007,4.02345
5.409942e-007,4.04463
5.413942e-007,4.02816
5.417942e-007,4.01404
5.421942e-007,4.01874
5.425942e-007,4.02345
5.429942e-007,4.02345
5.433942e-007,4.03051
5.437942e-007,4.03521
5.441942e-007,3.99757
5.445942e-007,4.03051
5.449942e-007,4.0258
5.453942e-007,4.01404
5.457942e-007,4.03286
5.461942e-007,4.03757
5.465942e-007,4.06345
5.469942e-007,4.00227
5.473942e-007,4.0211
5.477942e-007,4.03286
5.481942e-007,4.01169
5.485942e-007,4.06345
5.489942e-007,4.01639
5.493942e-007,4.03051
5.497942e-007,3.99051
5.501942e-007,3.99992
5.505942e-007,4.02816
5.509942e-007,4.05404
5.513942e-007,4.03051
5.517942e-007,4.0611
5.521942e-007,4.04698
5.525942e-007,4.00463
5.529942e-007,4.0211
5.533942e-007,4.04227
5.537942e-007,4.04933
5.541942e-007,4.02345
5.545942e-007,4.04698
5.549942e-007,4.00463
5.553942e-007,4.0258
5.557942e-007,4.0258
5.561942e-007,4.03051
5.565942e-007,4.0211
5.569942e-007,4.03051
5.573942e-007,4.02345
5.577942e-007,4.00227
5.581942e-007,4.02345
5.585942e-007,4.06815
5.589942e-007,4.07051
5.593942e-007,4.01639
5.597942e-007,3.98816
5.601942e-007,3.95286
5.605942e-007,3.97169
5.609942e-007,4.05874
5.613942e-007,4.07051
5.617942e-007,4.09168
5.621942e-007,4.15992
5.625942e-007,4.03757
5.629942e-007,3.95522
5.633942e-007,3.96698
5.637942e-007,4.03521
5.641942e-007,3.95757
5.645942e-007,3.97639
5.649942e-007,4.11756
5.653942e-007,3.98816
5.657942e-007,3.96698
5.661942e-007,4.15756
5.665942e-007,4.13874
5.669942e-007,4.02345
5.673942e-007,4.0658
5.677942e-007,4.03521
5.681942e-007,3.92463
5.685942e-007,3.88698
5.689942e-007,4.12462
5.693942e-007,4.05404
5.697942e-007,3.95757
5.701942e-007,4.04933
5.705942e-007,4.07286
5.709942e-007,4.04227
5.713942e-007,3.9858
5.717942e-007,3.86345
5.721942e-007,4.01169
5.725942e-007,4.14815
5.729942e-007,3.97639
5.733942e-007,4.16933
5.737942e-007,4.19992
5.741942e-007,3.85169
5.745942e-007,4.01639
5.749942e-007,4.12227
5.753942e-007,3.77169
5.757942e-007,4.05639
5.761942e-007,4.20933
5.765942e-007,3.85169
5.769942e-007,3.99051
5.773942e-007,4.04933
5.777942e-007,3.9858
5.781942e-007,4.13639
5.785942e-007,4.03286
5.789942e-007,3.91757
5.793942e-007,4.05404
5.797942e-007,3.96933
5.801942e-007,3.99286
5.805942e-007,4.23286
5.809942e-007,4.21639
5.813942e-007,4.08227
5.817942e-007,3.99992
5.821942e-007,3.88228
5.825942e-007,3.82346
5.829942e-007,4.04698
5.833942e-007,4.07286
5.837942e-007,4.12462
5.841942e-007,4.12933
5.845942e-007,3.89639
5.849942e-007,3.88698
5.853942e-007,4.01639
5.857942e-007,4.04227
5.861942e-007,4.18815
5.865942e-007,4.09168
5.869942e-007,3.87287
5.873942e-007,3.83993
5.877942e-007,4.03992
5.881942e-007,4.17639
5.885942e-007,4.29638
5.889942e-007,4.15756
5.893942e-007,3.88934
5.897942e-007,3.83522
5.901942e-007,3.91522
5.905942e-007,4.00933
5.909942e-007,4.09168
5.913942e-007,3.97169
5.917942e-007,3.9411
5.921942e-007,4.0211
5.925942e-007,3.8164
5.929942e-007,3.96698
5.933942e-007,4.18815
5.937942e-007,4.02816
5.941942e-007,4.11286
5.945942e-007,4.13404
5.949942e-007,3.91286
5.953942e-007,4.01404
5.957942e-007,4.09874
5.961942e-007,4.06345
5.965942e-007,4.07757
5.969942e-007,4.00227
5.973942e-007,3.89875
5.977942e-007,3.97169
5.981942e-007,4.03992
5.985942e-007,4.04933
5.989942e-007,4.07051
5.993942e-007,3.96227
5.997942e-007,3.96698
6.001942e-007,4.09874
6.005942e-007,4.07286
6.009942e-007,4.0658
6.013942e-007,4.17639
6.017942e-007,4.03051
6.021942e-007,3.9858
6.025942e-007,4.11992
6.029942e-007,4.00227
6.033942e-007,3.83757
6.037942e-007,3.94345
6.041942e-007,4.00463
6.045942e-007,4.10345
6.049942e-007,4.11051
6.053942e-007,4.00463
6.057942e-007,4.0211
6.061942e-007,4.12698
6.065942e-007,4.01639
6.069942e-007,4.01169
6.073942e-007,4.03521
6.077942e-007,3.89169
6.081942e-007,3.97875
6.085942e-007,4.16698
6.089942e-007,4.12933
6.093942e-007,4.03521
6.097942e-007,4.00227
6.101942e-007,3.93875
6.105942e-007,4.03521
6.109942e-007,4.07521
6.113942e-007,4.02345
6.117942e-007,3.98816
6.121942e-007,4.0611
6.125942e-007,4.04933
6.129942e-007,3.95051
6.133942e-007,3.95286
6.137942e-007,4.07521
6.141942e-007,4.11521
6.145942e-007,4.0658
6.149942e-007,4.02816
6.153942e-007,3.99992
6.157942e-007,3.99522
6.161942e-007,4.00698
6.165942e-007,4.11521
6.169942e-007,4.13404
6.173942e-007,3.96227
6.177942e-007,3.90816
6.181942e-007,3.9858
6.185942e-007,3.95286
6.189942e-007,4.0258
6.193942e-007,4.03051
6.197942e-007,3.98345
6.201942e-007,3.96933
6.205942e-007,3.99522
6.209942e-007,4.04227
6.213942e-007,4.08227
6.217942e-007,4.14815
6.221942e-007,4.04698
6.225942e-007,4.03286
6.229942e-007,4.00463
6.233942e-007,3.98816
6.237942e-007,3.96933
6.241942e-007,3.95757
6.245942e-007,3.97404
6.249942e-007,4.1058
6.253942e-007,4.08698
6.257942e-007,4.04227
6.261942e-007,4.1058
6.265942e-007,4.06345
6.269942e-007,3.94816
6.273942e-007,3.99286
6.277942e-007,3.9858
6.281942e-007,4.07051
6.285942e-007,4.13874
6.289942e-007,4.01404
6.293942e-007,3.99286
6.297942e-007,3.9811
6.301942e-007,4.00698
6.305942e-007,4.03992
6.309942e-007,4.06345
6.313942e-007,4.01169
6.317942e-007,4.01639
6.321942e-007,4.01169
6.325942e-007,4.0211
6.329942e-007,4.08227
6.333942e-007,4.08462
6.337942e-007,4.04227
6.341942e-007,4.01404
6.345942e-007,3.9811
6.349942e-007,3.98345
6.353942e-007,4.07992
6.357942e-007,4.0658
6.361942e-007,4.0258
6.365942e-007,4.0258
6.369942e-007,4.0611
6.373942e-007,4.01404
6.377942e-007,3.97639
6.381942e-007,3.98816
6.385942e-007,3.99286
6.389942e-007,3.98816
6.393942e-007,4.04463
6.397942e-007,4.09639
6.401942e-007,4.03992
6.405942e-007,4.03757
6.409942e-007,4.0258
6.413942e-007,4.0658
6.417942e-007,4.05874
6.421942e-007,4.05168
6.425942e-007,4.05404
6.429942e-007,4.00698
6.433942e-007,3.99757
6.437942e-007,3.99522
6.441942e-007,4.01169
6.445942e-007,4.03757
6.449942e-007,4.00463
6.453942e-007,3.97404
6.457942e-007,4.01874
6.461942e-007,3.98816
6.465942e-007,4.0258
6.469942e-007,4.0611
6.473942e-007,4.04933
6.477942e-007,4.05404
6.481942e-007,4.04698
6.485942e-007,4.00463
6.489942e-007,4.01169
6.493942e-007,4.01639
6.497942e-007,4.01639
6.501942e-007,4.01169
6.505942e-007,4.01169
6.509942e-007,3.99992
6.513942e-007,3.98816
6.517942e-007,4.02345
6.521942e-007,4.00698
6.525942e-007,4.01639
6.529942e-007,4.01639
6.533942e-007,4.0258
6.537942e-007,4.07286
6.541942e-007,4.08227
6.545942e-007,4.03992
6.549942e-007,4.00933
6.553942e-007,4.0258
6.557942e-007,4.03521
6.561942e-007,4.02816
6.565942e-007,4.03757
6.569942e-007,4.0258
6.573942e-007,4.0211
6.577942e-007,4.02345
6.581942e-007,4.01874
6.585942e-007,4.04227
6.589942e-007,4.0211
6.593942e-007,3.9858
6.597942e-007,3.99992
6.601942e-007,4.02345
6.605942e-007,4.01404
6.609942e-007,4.05639
6.613942e-007,4.04227
6.617942e-007,4.03051
6.621942e-007,4.04698
6.625942e-007,4.04227
6.629942e-007,4.03757
6.633942e-007,4.07521
6.637942e-007,4.05639
6.641942e-007,3.99757
6.645942e-007,3.9811
6.649942e-007,3.99522
6.653942e-007,3.99757
6.657942e-007,4.02345
6.661942e-007,4.04698
6.665942e-007,4.01404
6.669942e-007,4.00698
6.673942e-007,3.99051
6.677942e-007,4.00933
6.681942e-007,4.03286
6.685942e-007,4.03521
6.689942e-007,3.98345
6.693942e-007,4.00698
6.697942e-007,4.04227
6.701942e-007,4.03286
6.705942e-007,4.02816
6.709942e-007,4.05639
6.713942e-007,4.04463
6.717942e-007,3.99992
6.721942e-007,4.01874
6.725942e-007,4.0211
6.729942e-007,3.9811
6.733942e-007,3.9811
6.737942e-007,4.03521
6.741942e-007,4.0211
6.745942e-007,4.03757
6.749942e-007,4.04227
6.753942e-007,4.03051
6.757942e-007,4.03286
6.761942e-007,4.00698
6.765942e-007,3.9858
6.769942e-007,4.01404
6.773942e-007,4.04933
6.777942e-007,4.04698
6.781942e-007,4.02345
6.785942e-007,4.03051
6.789942e-007,4.00227
6.793942e-007,4.01639
6.797942e-007,4.02816
6.801942e-007,4.03992
6.805942e-007,4.02345
6.809942e-007,3.99522
6.813942e-007,4.02345
6.817942e-007,4.03757
6.821942e-007,4.0258
6.825942e-007,4.02345
6.829942e-007,4.01639
6.833942e-007,3.99051
6.837942e-007,4.00227
6.841942e-007,4.02816
6.845942e-007,4.0658
6.849942e-007,4.04698
6.853942e-007,4.03521
6.857942e-007,4.02345
6.861942e-007,4.04227
6.865942e-007,4.07286
6.869942e-007,4.03286
6.873942e-007,4.0211
6.877942e-007,4.00933
6.881942e-007,4.00698
6.885942e-007,4.00933
6.889942e-007,4.01874
6.893942e-007,4.04463
6.897942e-007,4.04227
6.901942e-007,4.00227
6.905942e-007,4.01874
6.909942e-007,4.00463
6.913942e-007,4.00698
6.917942e-007,4.0258
6.921942e-007,4.03757
6.925942e-007,4.02816
6.929942e-007,4.00698
6.933942e-007,4.00227
6.937942e-007,4.03286
6.941942e-007,4.04227
6.945942e-007,4.02345
6.949942e-007,4.01874
6.953942e-007,3.99522
6.957942e-007,4.00933
6.961942e-007,4.01169
6.965942e-007,4.03992
6.969942e-007,4.02345
6.973942e-007,4.00227
6.977942e-007,4.02345
6.981942e-007,4.00933
6.985942e-007,3.98816
6.989942e-007,4.00227
6.993942e-007,4.01874
6.997942e-007,4.03757
7.001942e-007,4.03757
7.005942e-007,4.0258
7.009942e-007,4.03051
7.013942e-007,4.00227
7.017942e-007,4.0211
7.021942e-007,4.0211
7.025942e-007,4.02816
7.029942e-007,4.0211
7.033942e-007,4.02345
7.037942e-007,4.01404
7.041942e-007,4.0211
7.045942e-007,4.01404
7.049942e-007,4.01639
7.053942e-007,4.0258
7.057942e-007,4.03757
7.061942e-007,4.03051
7.065942e-007,4.04463
7.069942e-007,4.04698
7.073942e-007,4.02345
7.077942e-007,4.04227
7.081942e-007,4.01169
7.085942e-007,4.01639
7.089942e-007,4.01404
7.093942e-007,3.99522
7.097942e-007,4.01169
7.101942e-007,4.04227
7.105942e-007,4.03521
7.109942e-007,4.03521
7.113942e-007,4.03521
7.117942e-007,4.01639
7.121942e-007,4.0258
7.125942e-007,4.00933
7.129942e-007,4.00463
7.133942e-007,4.01639
7.137942e-007,4.02816
7.141942e-007,4.02816
7.145942e-007,4.02345
7.149942e-007,4.03521
7.153942e-007,4.03992
7.157942e-007,4.0211
7.161942e-007,4.03286
7.165942e-007,4.03757
7.169942e-007,4.03521
7.173942e-007,4.03521
7.177942e-007,4.03286
7.181942e-007,4.0258
7.185942e-007,4.00933
7.189942e-007,4.00227
7.193942e-007,4.00463
7.197942e-007,3.99522
7.201942e-007,3.98345
7.205942e-007,4.00933
7.209942e-007,4.0258
7.213942e-007,4.03521
7.217942e-007,4.03757
7.221942e-007,4.01874
7.225942e-007,4.01404
7.229942e-007,4.0211
7.233942e-007,4.01874
7.237942e-007,4.0211
7.241942e-007,4.01404
7.245942e-007,4.01404
7.249942e-007,4.01169
7.253942e-007,4.01169
7.257942e-007,4.00933
7.261942e-007,4.03051
7.265942e-007,4.0258
7.269942e-007,4.0211
7.273942e-007,4.02345
7.277942e-007,4.00698
7.281942e-007,4.00463
7.285942e-007,4.01169
7.289942e-007,4.01874
7.293942e-007,4.00933
7.297942e-007,4.01169
7.301942e-007,4.00463
7.305942e-007,4.03051
7.309942e-007,4.03992
7.313942e-007,4.03521
7.317942e-007,4.0258
7.321942e-007,4.00698
7.325942e-007,4.0211
7.329942e-007,4.02345
7.333942e-007,4.03521
7.337942e-007,4.0258
7.341942e-007,4.0258
7.345942e-007,4.00933
7.349942e-007,3.99522
7.353942e-007,4.0211
7.357942e-007,4.0211
7.361942e-007,4.00698
7.365942e-007,4.03286
7.369942e-007,4.03521
7.373942e-007,4.03051
7.377942e-007,4.0258
7.381942e-007,4.0211
7.385942e-007,4.01639
7.389942e-007,4.03051
7.393942e-007,4.0211
7.397942e-007,4.00933
7.401942e-007,4.00933
7.405942e-007,4.01639
7.409942e-007,4.0211
7.413942e-007,4.02345
7.417942e-007,4.03286
7.421942e-007,4.0211
7.425942e-007,4.00933
7.429942e-007,3.99992
7.433942e-007,3.99757
7.437942e-007,4.00698
7.441942e-007,4.00463
7.445942e-007,4.00933
7.449942e-007,4.01639
7.453942e-007,4.02345
7.457942e-007,4.00463
7.461942e-007,4.00933
7.465942e-007,4.01169
7.469942e-007,4.0258
7.473942e-007,4.01404
7.477942e-007,4.03286
7.481942e-007,4.0211
7.485942e-007,4.0211
7.489942e-007,4.01874
7.493942e-007,4.0211
7.497942e-007,4.01404
7.501942e-007,4.00698
7.505942e-007,4.00227
7.509942e-007,4.00463
7.513942e-007,4.00463
7.517942e-007,4.01639
7.521942e-007,4.02345
7.525942e-007,4.01404
7.529942e-007,4.01169
7.533942e-007,4.01874
7.537942e-007,4.01404
7.541942e-007,4.00463
7.545942e-007,4.02345
7.549942e-007,4.01874
7.553942e-007,4.01639
7.557942e-007,4.01874
7.561942e-007,4.02345
7.565942e-007,4.00463
7.569942e-007,4.01404
7.573942e-007,4.01874
7.577942e-007,4.01874
7.581942e-007,4.0211
7.585942e-007,4.01639
7.589942e-007,4.0211
7.593942e-007,4.01169
7.597942e-007,4.01169
7.601942e-007,3.99992
7.605942e-007,3.99992
7.609942e-007,4.02816
7.613942e-007,4.0258
7.617942e-007,4.01639
7.621942e-007,4.01404
7.625942e-007,4.01169
7.629942e-007,4.03051
7.633942e-007,4.0258
7.637942e-007,4.00463
7.641942e-007,4.01639
7.645942e-007,4.00227
7.649942e-007,4.01404
7.653942e-007,4.01169
7.657942e-007,4.01404
7.661942e-007,4.02816
7.665942e-007,4.0211
7.669942e-007,4.02816
7.673942e-007,4.02345
7.677942e-007,4.0211
7.681942e-007,4.03521
7.685942e-007,4.01169
7.689942e-007,4.01169
7.693942e-007,4.0211
7.697942e-007,4.00698
7.701942e-007,3.99286
7.705942e-007,4.01404
7.709942e-007,4.00698
7.713942e-007,3.99992
7.717942e-007,4.00698
7.721942e-007,4.01169
7.725942e-007,4.01404
7.729942e-007,4.02345
7.733942e-007,4.0258
7.737942e-007,4.01639
7.741942e-007,4.0258
7.745942e-007,4.01874
7.749942e-007,4.01639
7.753942e-007,3.97639
7.757942e-007,3.84698
7.761942e-007,3.65875
7.765942e-007,3.3717
7.769942e-007,3.02348
7.773942e-007,2.63996
7.777942e-007,2.23291
7.781942e-007,1.84233
7.785942e-007,1.4941
7.789942e-007,1.17176
7.793942e-007,0.912943
7.797942e-007,0.682361
7.801942e-007,0.508248
7.805942e-007,0.369428
7.809942e-007,0.254137
7.813942e-007,0.178845
7.817942e-007,0.129435
7.821942e-007,0.0776714
7.825942e-007,0.0447311
7.829942e-007,0.0235551
7.833942e-007,0.0164965
7.837942e-007,0.00708499
7.841942e-007,-0.00467941
7.845942e-007,-0.00232653
7.849942e-007,-0.0352668
7.853942e-007,-0.0399726
7.857942e-007,-0.0564427
7.861942e-007,-0.0729129
7.865942e-007,-0.0729129
7.869942e-007,-0.0870302
7.873942e-007,-0.0940888
7.877942e-007,-0.0940888
7.881942e-007,-0.105853
7.885942e-007,-0.101147
7.889942e-007,-0.110559
7.893942e-007,-0.105853
7.897942e-007,-0.1035
7.901942e-007,-0.110559
7.905942e-007,-0.115265
7.909942e-007,-0.110559
7.913942e-007,-0.1035
7.917942e-007,-0.0940888
7.921942e-007,-0.108206
7.925942e-007,-0.108206
7.929942e-007,-0.108206
7.933942e-007,-0.1035
7.937942e-007,-0.112912
7.941942e-007,-0.11997
7.945942e-007,-0.122323
7.949942e-007,-0.122323
7.953942e-007,-0.129382
7.957942e-007,-0.138794
7.961942e-007,-0.122323
7.965942e-007,-0.122323
7.969942e-007,-0.127029
7.973942e-007,-0.115265
7.977942e-007,-0.1035
7.981942e-007,-0.0964417
7.985942e-007,-0.1035
7.989942e-007,-0.0940888
7.993942e-007,-0.0870302
7.997942e-007,-0.0823244
8.001942e-007,-0.0846773
