LECROYWS4104HD,18971,Waveform
Segments,1,SegmentSize,2502
Segment,TrigTime,TimeSinceSegment1
#1,14-Jan-2025 18:34:10,0                 
Time,Ampl
-2.002058e-007,0.0188494
-1.998058e-007,0.0235551
-1.994058e-007,0.0188494
-1.990058e-007,0.0141436
-1.986058e-007,0.0164965
-1.982058e-007,0.0235551
-1.978058e-007,0.0164965
-1.974058e-007,0.0164965
-1.970058e-007,0.0141436
-1.966058e-007,0.0212023
-1.962058e-007,0.0212023
-1.958058e-007,0.0188494
-1.954058e-007,0.0212023
-1.950058e-007,0.0212023
-1.946058e-007,0.0117907
-1.942058e-007,0.0141436
-1.938058e-007,0.00943787
-1.934058e-007,0.0188494
-1.930058e-007,0.0212023
-1.926058e-007,0.0212023
-1.922058e-007,0.0141436
-1.918058e-007,0.0117907
-1.914058e-007,0.0212023
-1.910058e-007,0.0188494
-1.906058e-007,0.0188494
-1.902058e-007,0.00708499
-1.898058e-007,0.0188494
-1.894058e-007,0.0164965
-1.890058e-007,0.0164965
-1.886058e-007,0.0188494
-1.882058e-007,0.0235551
-1.878058e-007,0.0117907
-1.874058e-007,0.0212023
-1.870058e-007,0.0212023
-1.866058e-007,0.0117907
-1.862058e-007,0.0235551
-1.858058e-007,0.0188494
-1.854058e-007,0.00708499
-1.850058e-007,0.0141436
-1.846058e-007,0.0212023
-1.842058e-007,0.0141436
-1.838058e-007,0.0164965
-1.834058e-007,0.0164965
-1.830058e-007,0.0188494
-1.826058e-007,0.0235551
-1.822058e-007,0.0235551
-1.818058e-007,0.025908
-1.814058e-007,0.0188494
-1.810058e-007,0.0141436
-1.806058e-007,0.0212023
-1.802058e-007,0.0164965
-1.798058e-007,0.0235551
-1.794058e-007,0.0212023
-1.790058e-007,0.00943787
-1.786058e-007,0.0188494
-1.782058e-007,0.0164965
-1.778058e-007,0.0235551
-1.774058e-007,0.0141436
-1.770058e-007,0.0235551
-1.766058e-007,0.0212023
-1.762058e-007,0.0164965
-1.758058e-007,0.0282609
-1.754058e-007,0.0212023
-1.750058e-007,0.0164965
-1.746058e-007,0.00943787
-1.742058e-007,0.0141436
-1.738058e-007,0.0188494
-1.734058e-007,0.0235551
-1.730058e-007,0.0188494
-1.726058e-007,0.0212023
-1.722058e-007,0.0141436
-1.718058e-007,0.0188494
-1.714058e-007,0.0188494
-1.710058e-007,0.0188494
-1.706058e-007,0.025908
-1.702058e-007,0.0141436
-1.698058e-007,0.0235551
-1.694058e-007,0.025908
-1.690058e-007,0.0212023
-1.686058e-007,0.00943787
-1.682058e-007,0.00943787
-1.678058e-007,0.0141436
-1.674058e-007,0.0188494
-1.670058e-007,0.0188494
-1.666058e-007,0.0141436
-1.662058e-007,0.0188494
-1.658058e-007,0.0164965
-1.654058e-007,0.00943787
-1.650058e-007,0.0235551
-1.646058e-007,0.0164965
-1.642058e-007,0.0117907
-1.638058e-007,0.0235551
-1.634058e-007,0.0141436
-1.630058e-007,0.0117907
-1.626058e-007,0.0235551
-1.622058e-007,0.0164965
-1.618058e-007,0.00943787
-1.614058e-007,0.0235551
-1.610058e-007,0.0235551
-1.606058e-007,0.0188494
-1.602058e-007,0.0164965
-1.598058e-007,0.0212023
-1.594058e-007,0.0141436
-1.590058e-007,0.0141436
-1.586058e-007,0.00473211
-1.582058e-007,0.0212023
-1.578058e-007,0.0164965
-1.574058e-007,0.0188494
-1.570058e-007,0.0188494
-1.566058e-007,0.0188494
-1.562058e-007,0.0141436
-1.558058e-007,0.0141436
-1.554058e-007,0.0141436
-1.550058e-007,0.025908
-1.546058e-007,0.0164965
-1.542058e-007,0.0188494
-1.538058e-007,0.0188494
-1.534058e-007,0.0141436
-1.530058e-007,0.00237923
-1.526058e-007,0.0235551
-1.522058e-007,0.0164965
-1.518058e-007,0.0141436
-1.514058e-007,0.0164965
-1.510058e-007,0.025908
-1.506058e-007,0.0164965
-1.502058e-007,0.025908
-1.498058e-007,0.0282609
-1.494058e-007,0.0164965
-1.490058e-007,0.0117907
-1.486058e-007,0.025908
-1.482058e-007,0.025908
-1.478058e-007,0.0212023
-1.474058e-007,0.0117907
-1.470058e-007,0.0212023
-1.466058e-007,0.0164965
-1.462058e-007,0.0141436
-1.458058e-007,0.0141436
-1.454058e-007,0.0164965
-1.450058e-007,0.0141436
-1.446058e-007,0.0235551
-1.442058e-007,0.0212023
-1.438058e-007,0.00943787
-1.434058e-007,0.0212023
-1.430058e-007,0.0164965
-1.426058e-007,0.0117907
-1.422058e-007,0.0212023
-1.418058e-007,0.0164965
-1.414058e-007,0.0188494
-1.410058e-007,0.0164965
-1.406058e-007,0.0188494
-1.402058e-007,0.0117907
-1.398058e-007,0.0188494
-1.394058e-007,0.0282609
-1.390058e-007,0.0212023
-1.386058e-007,0.0117907
-1.382058e-007,0.0117907
-1.378058e-007,0.0117907
-1.374058e-007,0.0212023
-1.370058e-007,0.0235551
-1.366058e-007,0.0141436
-1.362058e-007,0.0188494
-1.358058e-007,0.0212023
-1.354058e-007,0.0212023
-1.350058e-007,0.0141436
-1.346058e-007,0.0164965
-1.342058e-007,0.0164965
-1.338058e-007,0.0164965
-1.334058e-007,0.0282609
-1.330058e-007,0.0117907
-1.326058e-007,0.0164965
-1.322058e-007,0.0212023
-1.318058e-007,0.0141436
-1.314058e-007,0.0188494
-1.310058e-007,0.0164965
-1.306058e-007,0.0235551
-1.302058e-007,0.0141436
-1.298058e-007,0.0188494
-1.294058e-007,0.0188494
-1.290058e-007,0.0188494
-1.286058e-007,0.025908
-1.282058e-007,0.0141436
-1.278058e-007,0.0235551
-1.274058e-007,0.0212023
-1.270058e-007,0.0188494
-1.266058e-007,0.0212023
-1.262058e-007,0.0235551
-1.258058e-007,0.0235551
-1.254058e-007,0.0164965
-1.250058e-007,0.0212023
-1.246058e-007,0.0212023
-1.242058e-007,0.0212023
-1.238058e-007,0.0212023
-1.234058e-007,0.025908
-1.230058e-007,0.025908
-1.226058e-007,0.0117907
-1.222058e-007,0.0141436
-1.218058e-007,0.0212023
-1.214058e-007,0.0188494
-1.210058e-007,0.00943787
-1.206058e-007,0.0188494
-1.202058e-007,0.0188494
-1.198058e-007,0.0188494
-1.194058e-007,0.0164965
-1.190058e-007,0.00943787
-1.186058e-007,0.0212023
-1.182058e-007,0.0141436
-1.178058e-007,0.0212023
-1.174058e-007,0.00943787
-1.170058e-007,0.0164965
-1.166058e-007,0.025908
-1.162058e-007,0.0188494
-1.158058e-007,0.0141436
-1.154058e-007,0.00473211
-1.150058e-007,0.00708499
-1.146058e-007,0.0117907
-1.142058e-007,0.0164965
-1.138058e-007,0.00943787
-1.134058e-007,0.0235551
-1.130058e-007,0.0117907
-1.126058e-007,0.0141436
-1.122058e-007,0.0164965
-1.118058e-007,0.0235551
-1.114058e-007,0.0282609
-1.110058e-007,0.0235551
-1.106058e-007,0.0306138
-1.102058e-007,0.0353195
-1.098058e-007,0.0164965
-1.094058e-007,0.0235551
-1.090058e-007,0.00943787
-1.086058e-007,0.0117907
-1.082058e-007,0.00943787
-1.078058e-007,0.0188494
-1.074058e-007,0.0212023
-1.070058e-007,0.0164965
-1.066058e-007,0.0164965
-1.062058e-007,0.0141436
-1.058058e-007,0.0141436
-1.054058e-007,0.025908
-1.050058e-007,0.0164965
-1.046058e-007,0.0141436
-1.042058e-007,0.0141436
-1.038058e-007,0.0212023
-1.034058e-007,0.0188494
-1.030058e-007,0.0141436
-1.026058e-007,0.0235551
-1.022058e-007,0.0164965
-1.018058e-007,0.0117907
-1.014058e-007,0.0164965
-1.010058e-007,0.0141436
-1.006058e-007,0.0164965
-1.002058e-007,0.0235551
-9.98058e-008,0.0188494
-9.94058e-008,0.00708499
-9.90058e-008,0.0188494
-9.86058e-008,0.0235551
-9.82058e-008,0.0117907
-9.78058e-008,0.0188494
-9.74058e-008,0.0235551
-9.70058e-008,0.025908
-9.66058e-008,0.0212023
-9.62058e-008,0.0235551
-9.58058e-008,0.0212023
-9.54058e-008,0.0141436
-9.50058e-008,0.0117907
-9.46058e-008,0.0141436
-9.42058e-008,0.0212023
-9.38058e-008,0.0164965
-9.34058e-008,0.0141436
-9.30058e-008,0.0212023
-9.26058e-008,0.0141436
-9.22058e-008,0.0235551
-9.18058e-008,0.00943787
-9.14058e-008,0.0188494
-9.10058e-008,0.0164965
-9.06058e-008,0.0235551
-9.02058e-008,0.0141436
-8.98058e-008,0.0141436
-8.94058e-008,0.0235551
-8.90058e-008,0.0188494
-8.86058e-008,0.0164965
-8.82058e-008,0.0164965
-8.78058e-008,0.0164965
-8.74058e-008,0.0188494
-8.70058e-008,0.0212023
-8.66058e-008,0.0188494
-8.62058e-008,0.0164965
-8.58058e-008,0.0235551
-8.54058e-008,0.00708499
-8.50058e-008,0.0141436
-8.46058e-008,0.0235551
-8.42058e-008,0.00237923
-8.38058e-008,0.0212023
-8.34058e-008,0.00708499
-8.30058e-008,0.0141436
-8.26058e-008,0.00943787
-8.22058e-008,0.0235551
-8.18058e-008,0.0164965
-8.14058e-008,0.0117907
-8.10058e-008,0.0212023
-8.06058e-008,0.0188494
-8.02058e-008,0.0235551
-7.98058e-008,0.0306138
-7.94058e-008,0.025908
-7.90058e-008,0.0188494
-7.86058e-008,0.025908
-7.82058e-008,0.0164965
-7.78058e-008,0.0235551
-7.74058e-008,0.0188494
-7.70058e-008,0.0282609
-7.66058e-008,0.00943787
-7.62058e-008,0.00237923
-7.58058e-008,0.0164965
-7.54058e-008,0.0117907
-7.50058e-008,0.00943787
-7.46058e-008,0.0212023
-7.42058e-008,0.0235551
-7.38058e-008,0.0164965
-7.34058e-008,0.0188494
-7.30058e-008,0.0212023
-7.26058e-008,0.00943787
-7.22058e-008,0.0141436
-7.18058e-008,0.0117907
-7.14058e-008,0.0117907
-7.10058e-008,0.0235551
-7.06058e-008,0.0188494
-7.02058e-008,0.0282609
-6.98058e-008,0.00943787
-6.94058e-008,0.0188494
-6.90058e-008,0.0235551
-6.86058e-008,0.0188494
-6.82058e-008,0.0117907
-6.78058e-008,0.0164965
-6.74058e-008,0.0212023
-6.70058e-008,0.0164965
-6.66058e-008,0.0141436
-6.62058e-008,0.0164965
-6.58058e-008,0.00943787
-6.54058e-008,0.0188494
-6.50058e-008,0.0282609
-6.46058e-008,0.0141436
-6.42058e-008,0.0188494
-6.38058e-008,0.0212023
-6.34058e-008,0.0212023
-6.30058e-008,0.0212023
-6.26058e-008,0.0164965
-6.22058e-008,0.0235551
-6.18058e-008,0.0212023
-6.14058e-008,0.0212023
-6.10058e-008,0.0164965
-6.06058e-008,0.0164965
-6.02058e-008,0.0164965
-5.98058e-008,0.00708499
-5.94058e-008,0.0188494
-5.90058e-008,0.0235551
-5.86058e-008,0.0164965
-5.82058e-008,0.0188494
-5.78058e-008,0.00943787
-5.74058e-008,0.0141436
-5.70058e-008,0.0141436
-5.66058e-008,0.0212023
-5.62058e-008,0.00943787
-5.58058e-008,0.0164965
-5.54058e-008,0.0164965
-5.50058e-008,0.0141436
-5.46058e-008,0.0235551
-5.42058e-008,0.0188494
-5.38058e-008,0.0164965
-5.34058e-008,0.0188494
-5.30058e-008,0.0164965
-5.26058e-008,0.0212023
-5.22058e-008,0.0188494
-5.18058e-008,0.0235551
-5.14058e-008,0.0212023
-5.10058e-008,0.0117907
-5.06058e-008,0.0117907
-5.02058e-008,0.0164965
-4.98058e-008,0.0141436
-4.94058e-008,0.0164965
-4.90058e-008,0.0212023
-4.86058e-008,0.0282609
-4.82058e-008,0.0141436
-4.78058e-008,0.0212023
-4.74058e-008,0.0212023
-4.70058e-008,0.0188494
-4.66058e-008,0.0212023
-4.62058e-008,0.0164965
-4.58058e-008,0.0141436
-4.54058e-008,0.0212023
-4.50058e-008,0.0188494
-4.46058e-008,0.025908
-4.42058e-008,0.0141436
-4.38058e-008,0.00943787
-4.34058e-008,0.0188494
-4.30058e-008,0.0235551
-4.26058e-008,0.0164965
-4.22058e-008,0.00943787
-4.18058e-008,0.025908
-4.14058e-008,0.0188494
-4.10058e-008,0.0117907
-4.06058e-008,0.0164965
-4.02058e-008,0.0141436
-3.98058e-008,0.0164965
-3.94058e-008,0.0235551
-3.90058e-008,0.0212023
-3.86058e-008,0.0235551
-3.82058e-008,0.0188494
-3.78058e-008,0.00943787
-3.74058e-008,0.025908
-3.70058e-008,0.00943787
-3.66058e-008,0.0235551
-3.62058e-008,0.0164965
-3.58058e-008,0.0164965
-3.54058e-008,0.0164965
-3.50058e-008,0.0164965
-3.46058e-008,0.0235551
-3.42058e-008,0.0164965
-3.38058e-008,0.0212023
-3.34058e-008,0.0306138
-3.30058e-008,0.0164965
-3.26058e-008,0.0235551
-3.22058e-008,0.0188494
-3.18058e-008,0.0188494
-3.14058e-008,0.00943787
-3.10058e-008,0.0235551
-3.06058e-008,0.0141436
-3.02058e-008,0.0235551
-2.98058e-008,0.0117907
-2.94058e-008,0.0164965
-2.90058e-008,0.0188494
-2.86058e-008,0.0164965
-2.82058e-008,0.0141436
-2.78058e-008,0.025908
-2.74058e-008,0.00708499
-2.70058e-008,0.0212023
-2.66058e-008,0.0141436
-2.62058e-008,0.0188494
-2.58058e-008,0.0212023
-2.54058e-008,0.0188494
-2.50058e-008,0.00943787
-2.46058e-008,0.0235551
-2.42058e-008,0.0141436
-2.38058e-008,0.0282609
-2.34058e-008,0.025908
-2.30058e-008,0.0235551
-2.26058e-008,0.0141436
-2.22058e-008,0.0188494
-2.18058e-008,0.0164965
-2.14058e-008,0.00943787
-2.10058e-008,0.0188494
-2.06058e-008,0.0164965
-2.02058e-008,0.0212023
-1.98058e-008,0.0212023
-1.94058e-008,0.025908
-1.90058e-008,0.0212023
-1.86058e-008,0.0188494
-1.82058e-008,0.0188494
-1.78058e-008,0.0235551
-1.74058e-008,0.025908
-1.70058e-008,0.0164965
-1.66058e-008,0.0141436
-1.62058e-008,0.0164965
-1.58058e-008,0.0188494
-1.54058e-008,0.0212023
-1.50058e-008,0.00708499
-1.46058e-008,0.0117907
-1.42058e-008,0.0188494
-1.38058e-008,0.0117907
-1.34058e-008,0.0141436
-1.30058e-008,0.0164965
-1.26058e-008,0.025908
-1.22058e-008,0.0164965
-1.18058e-008,0.0188494
-1.14058e-008,0.0164965
-1.10058e-008,0.0212023
-1.06058e-008,0.0188494
-1.02058e-008,0.0235551
-9.8058e-009,0.0141436
-9.4058e-009,0.0212023
-9.0058e-009,0.0117907
-8.6058e-009,0.0212023
-8.2058e-009,0.0212023
-7.8058e-009,0.0212023
-7.4058e-009,0.00943787
-7.0058e-009,0.0188494
-6.6058e-009,0.0141436
-6.2058e-009,0.0141436
-5.8058e-009,0.00943787
-5.4058e-009,0.0164965
-5.0058e-009,0.0117907
-4.6058e-009,0.0212023
-4.2058e-009,0.0164965
-3.8058e-009,0.0141436
-3.4058e-009,0.0141436
-3.0058e-009,0.0212023
-2.6058e-009,0.0306138
-2.2058e-009,0.08473
-1.8058e-009,0.214138
-1.4058e-009,0.39531
-1.0058e-009,0.637657
-6.058e-010,0.955295
-2.058e-010,1.27058
1.942e-010,1.6094
5.942e-010,1.95056
9.942e-010,2.28938
1.3942e-009,2.57172
1.7942e-009,2.83289
2.1942e-009,3.05171
2.5942e-009,3.247
2.9942e-009,3.39758
3.3942e-009,3.53876
3.7942e-009,3.64464
4.1942e-009,3.72934
4.5942e-009,3.7811
4.9942e-009,3.84698
5.3942e-009,3.86816
5.7942e-009,3.91757
6.1942e-009,3.9458
6.5942e-009,3.96698
6.9942e-009,3.97639
7.3942e-009,3.99757
7.7942e-009,4.01404
8.1942e-009,4.02816
8.5942e-009,4.04227
8.9942e-009,4.04933
9.3942e-009,4.05639
9.7942e-009,4.0658
1.01942e-008,4.07521
1.05942e-008,4.07992
1.09942e-008,4.08462
1.13942e-008,4.09168
1.17942e-008,4.11756
1.21942e-008,4.10815
1.25942e-008,4.11992
1.29942e-008,4.12462
1.33942e-008,4.13404
1.37942e-008,4.14109
1.41942e-008,4.13404
1.45942e-008,4.13168
1.49942e-008,4.12698
1.53942e-008,4.1458
1.57942e-008,4.1458
1.61942e-008,4.1458
1.65942e-008,4.14345
1.69942e-008,4.15286
1.73942e-008,4.15286
1.77942e-008,4.16227
1.81942e-008,4.16698
1.85942e-008,4.15286
1.89942e-008,4.15756
1.93942e-008,4.15521
1.97942e-008,4.17168
2.01942e-008,4.17168
2.05942e-008,4.16462
2.09942e-008,4.16933
2.13942e-008,4.19286
2.17942e-008,4.19521
2.21942e-008,4.19756
2.25942e-008,4.20227
2.29942e-008,4.19992
2.33942e-008,4.20462
2.37942e-008,4.20697
2.41942e-008,4.20227
2.45942e-008,4.21168
2.49942e-008,4.20697
2.53942e-008,4.21874
2.57942e-008,4.21639
2.61942e-008,4.20462
2.65942e-008,4.20933
2.69942e-008,4.21639
2.73942e-008,4.21403
2.77942e-008,4.21168
2.81942e-008,4.22109
2.85942e-008,4.20933
2.89942e-008,4.22109
2.93942e-008,4.22344
2.97942e-008,4.21639
3.01942e-008,4.21168
3.05942e-008,4.22344
3.09942e-008,4.22109
3.13942e-008,4.23286
3.17942e-008,4.22815
3.21942e-008,4.22815
3.25942e-008,4.23286
3.29942e-008,4.22815
3.33942e-008,4.23521
3.37942e-008,4.23521
3.41942e-008,4.23991
3.45942e-008,4.22815
3.49942e-008,4.24462
3.53942e-008,4.23521
3.57942e-008,4.23991
3.61942e-008,4.24462
3.65942e-008,4.23756
3.69942e-008,4.24227
3.73942e-008,4.23991
3.77942e-008,4.24227
3.81942e-008,4.2305
3.85942e-008,4.24227
3.89942e-008,4.24462
3.93942e-008,4.25403
3.97942e-008,4.24227
4.01942e-008,4.23991
4.05942e-008,4.23991
4.09942e-008,4.23991
4.13942e-008,4.25168
4.17942e-008,4.26344
4.21942e-008,4.24462
4.25942e-008,4.24462
4.29942e-008,4.24227
4.33942e-008,4.25874
4.37942e-008,4.25168
4.41942e-008,4.26109
4.45942e-008,4.25638
4.49942e-008,4.25403
4.53942e-008,4.25403
4.57942e-008,4.24933
4.61942e-008,4.24697
4.65942e-008,4.25168
4.69942e-008,4.26344
4.73942e-008,4.24462
4.77942e-008,4.25874
4.81942e-008,4.2658
4.85942e-008,4.25403
4.89942e-008,4.2658
4.93942e-008,4.26109
4.97942e-008,4.25638
5.01942e-008,4.27285
5.05942e-008,4.26344
5.09942e-008,4.2705
5.13942e-008,4.24933
5.17942e-008,4.26109
5.21942e-008,4.25403
5.25942e-008,4.25874
5.29942e-008,4.25874
5.33942e-008,4.2705
5.37942e-008,4.25874
5.41942e-008,4.26109
5.45942e-008,4.26344
5.49942e-008,4.26815
5.53942e-008,4.27756
5.57942e-008,4.2658
5.61942e-008,4.28697
5.65942e-008,4.26344
5.69942e-008,4.27285
5.73942e-008,4.27285
5.77942e-008,4.2705
5.81942e-008,4.27991
5.85942e-008,4.27285
5.89942e-008,4.27285
5.93942e-008,4.2658
5.97942e-008,4.2705
6.01942e-008,4.26109
6.05942e-008,4.2658
6.09942e-008,4.2658
6.13942e-008,4.27521
6.17942e-008,4.27991
6.21942e-008,4.26815
6.25942e-008,4.27521
6.29942e-008,4.27756
6.33942e-008,4.2705
6.37942e-008,4.2705
6.41942e-008,4.27756
6.45942e-008,4.27521
6.49942e-008,4.27756
6.53942e-008,4.27991
6.57942e-008,4.2705
6.61942e-008,4.2705
6.65942e-008,4.27521
6.69942e-008,4.27521
6.73942e-008,4.27521
6.77942e-008,4.28462
6.81942e-008,4.27991
6.85942e-008,4.27521
6.89942e-008,4.27991
6.93942e-008,4.26815
6.97942e-008,4.27285
7.01942e-008,4.26815
7.05942e-008,4.27756
7.09942e-008,4.2705
7.13942e-008,4.26109
7.17942e-008,4.26815
7.21942e-008,4.2705
7.25942e-008,4.27991
7.29942e-008,4.2705
7.33942e-008,4.27756
7.37942e-008,4.26815
7.41942e-008,4.27991
7.45942e-008,4.27521
7.49942e-008,4.26815
7.53942e-008,4.26815
7.57942e-008,4.27521
7.61942e-008,4.27991
7.65942e-008,4.27756
7.69942e-008,4.2705
7.73942e-008,4.2658
7.77942e-008,4.27285
7.81942e-008,4.2705
7.85942e-008,4.27285
7.89942e-008,4.27991
7.93942e-008,4.28227
7.97942e-008,4.27756
8.01942e-008,4.27521
8.05942e-008,4.27285
8.09942e-008,4.2705
8.13942e-008,4.27285
8.17942e-008,4.27756
8.21942e-008,4.27521
8.25942e-008,4.27285
8.29942e-008,4.29168
8.33942e-008,4.28227
8.37942e-008,4.27285
8.41942e-008,4.27285
8.45942e-008,4.26815
8.49942e-008,4.2705
8.53942e-008,4.2705
8.57942e-008,4.2658
8.61942e-008,4.27756
8.65942e-008,4.27991
8.69942e-008,4.27991
8.73942e-008,4.27521
8.77942e-008,4.27991
8.81942e-008,4.27521
8.85942e-008,4.27521
8.89942e-008,4.2705
8.93942e-008,4.27521
8.97942e-008,4.28227
9.01942e-008,4.26815
9.05942e-008,4.27521
9.09942e-008,4.26815
9.13942e-008,4.2705
9.17942e-008,4.27285
9.21942e-008,4.2658
9.25942e-008,4.29168
9.29942e-008,4.27521
9.33942e-008,4.27756
9.37942e-008,4.26815
9.41942e-008,4.27521
9.45942e-008,4.28697
9.49942e-008,4.26815
9.53942e-008,4.26815
9.57942e-008,4.26344
9.61942e-008,4.27285
9.65942e-008,4.2705
9.69942e-008,4.27756
9.73942e-008,4.26109
9.77942e-008,4.26344
9.81942e-008,4.27756
9.85942e-008,4.26344
9.89942e-008,4.27285
9.93942e-008,4.2658
9.97942e-008,4.26344
1.001942e-007,4.2658
1.005942e-007,4.25874
1.009942e-007,4.28227
1.013942e-007,4.2658
1.017942e-007,4.27991
1.021942e-007,4.27756
1.025942e-007,4.26344
1.029942e-007,4.26344
1.033942e-007,4.2658
1.037942e-007,4.25874
1.041942e-007,4.27285
1.045942e-007,4.2658
1.049942e-007,4.27756
1.053942e-007,4.25874
1.057942e-007,4.27285
1.061942e-007,4.27285
1.065942e-007,4.2705
1.069942e-007,4.27285
1.073942e-007,4.2705
1.077942e-007,4.26109
1.081942e-007,4.26109
1.085942e-007,4.27991
1.089942e-007,4.27756
1.093942e-007,4.2705
1.097942e-007,4.27285
1.101942e-007,4.25638
1.105942e-007,4.25638
1.109942e-007,4.27521
1.113942e-007,4.26109
1.117942e-007,4.2658
1.121942e-007,4.27991
1.125942e-007,4.27756
1.129942e-007,4.2658
1.133942e-007,4.26344
1.137942e-007,4.26815
1.141942e-007,4.2658
1.145942e-007,4.25638
1.149942e-007,4.2705
1.153942e-007,4.26344
1.157942e-007,4.26109
1.161942e-007,4.2705
1.165942e-007,4.26815
1.169942e-007,4.26109
1.173942e-007,4.24933
1.177942e-007,4.26109
1.181942e-007,4.2705
1.185942e-007,4.26344
1.189942e-007,4.27521
1.193942e-007,4.27991
1.197942e-007,4.26815
1.201942e-007,4.27756
1.205942e-007,4.26344
1.209942e-007,4.26815
1.213942e-007,4.2658
1.217942e-007,4.25874
1.221942e-007,4.2658
1.225942e-007,4.26815
1.229942e-007,4.24933
1.233942e-007,4.26344
1.237942e-007,4.2705
1.241942e-007,4.26815
1.245942e-007,4.2705
1.249942e-007,4.26344
1.253942e-007,4.26344
1.257942e-007,4.2705
1.261942e-007,4.26815
1.265942e-007,4.28227
1.269942e-007,4.27285
1.273942e-007,4.27756
1.277942e-007,4.26815
1.281942e-007,4.2658
1.285942e-007,4.26344
1.289942e-007,4.26109
1.293942e-007,4.2705
1.297942e-007,4.26344
1.301942e-007,4.2705
1.305942e-007,4.2658
1.309942e-007,4.25874
1.313942e-007,4.26815
1.317942e-007,4.2658
1.321942e-007,4.2705
1.325942e-007,4.25403
1.329942e-007,4.25638
1.333942e-007,4.24697
1.337942e-007,4.23286
1.341942e-007,4.22109
1.345942e-007,4.21403
1.349942e-007,4.18345
1.353942e-007,4.15992
1.357942e-007,4.1458
1.361942e-007,4.11521
1.365942e-007,4.09874
1.369942e-007,4.08698
1.373942e-007,4.07286
1.377942e-007,4.05874
1.381942e-007,4.04698
1.385942e-007,4.03286
1.389942e-007,4.01874
1.393942e-007,4.00698
1.397942e-007,4.00698
1.401942e-007,4.00227
1.405942e-007,3.99757
1.409942e-007,3.99757
1.413942e-007,3.98816
1.417942e-007,3.9858
1.421942e-007,3.98345
1.425942e-007,3.98345
1.429942e-007,3.97404
1.433942e-007,3.96933
1.437942e-007,3.9811
1.441942e-007,3.96698
1.445942e-007,3.97639
1.449942e-007,3.96463
1.453942e-007,3.96698
1.457942e-007,3.96933
1.461942e-007,3.95757
1.465942e-007,3.95757
1.469942e-007,3.95286
1.473942e-007,3.95757
1.477942e-007,3.95522
1.481942e-007,3.9411
1.485942e-007,3.94816
1.489942e-007,3.94345
1.493942e-007,3.94816
1.497942e-007,3.9411
1.501942e-007,3.9458
1.505942e-007,3.9458
1.509942e-007,3.9411
1.513942e-007,3.94345
1.517942e-007,3.92933
1.521942e-007,3.93404
1.525942e-007,3.9411
1.529942e-007,3.93875
1.533942e-007,3.94345
1.537942e-007,3.9411
1.541942e-007,3.93169
1.545942e-007,3.92933
1.549942e-007,3.92463
1.553942e-007,3.93404
1.557942e-007,3.93169
1.561942e-007,3.93169
1.565942e-007,3.92698
1.569942e-007,3.92228
1.573942e-007,3.93169
1.577942e-007,3.92933
1.581942e-007,3.92228
1.585942e-007,3.9411
1.589942e-007,3.92228
1.593942e-007,3.93404
1.597942e-007,3.92933
1.601942e-007,3.92698
1.605942e-007,3.93169
1.609942e-007,3.93169
1.613942e-007,3.93404
1.617942e-007,3.92228
1.621942e-007,3.91757
1.625942e-007,3.92228
1.629942e-007,3.91757
1.633942e-007,3.92228
1.637942e-007,3.92698
1.641942e-007,3.92698
1.645942e-007,3.92463
1.649942e-007,3.92698
1.653942e-007,3.92698
1.657942e-007,3.91992
1.661942e-007,3.92698
1.665942e-007,3.92698
1.669942e-007,3.91757
1.673942e-007,3.92228
1.677942e-007,3.91286
1.681942e-007,3.91286
1.685942e-007,3.91051
1.689942e-007,3.92698
1.693942e-007,3.91992
1.697942e-007,3.92228
1.701942e-007,3.91757
1.705942e-007,3.92228
1.709942e-007,3.91286
1.713942e-007,3.92463
1.717942e-007,3.91522
1.721942e-007,3.92228
1.725942e-007,3.91757
1.729942e-007,3.92698
1.733942e-007,3.91992
1.737942e-007,3.91286
1.741942e-007,3.90345
1.745942e-007,3.91522
1.749942e-007,3.92463
1.753942e-007,3.91992
1.757942e-007,3.91757
1.761942e-007,3.92228
1.765942e-007,3.91051
1.769942e-007,3.91522
1.773942e-007,3.90345
1.777942e-007,3.91757
1.781942e-007,3.91286
1.785942e-007,3.91757
1.789942e-007,3.91992
1.793942e-007,3.91992
1.797942e-007,3.90816
1.801942e-007,3.91522
1.805942e-007,3.90816
1.809942e-007,3.91286
1.813942e-007,3.91522
1.817942e-007,3.91522
1.821942e-007,3.90345
1.825942e-007,3.91286
1.829942e-007,3.90581
1.833942e-007,3.91757
1.837942e-007,3.90816
1.841942e-007,3.91992
1.845942e-007,3.91051
1.849942e-007,3.91992
1.853942e-007,3.91757
1.857942e-007,3.91757
1.861942e-007,3.91757
1.865942e-007,3.91522
1.869942e-007,3.91286
1.873942e-007,3.90581
1.877942e-007,3.90581
1.881942e-007,3.90581
1.885942e-007,3.90816
1.889942e-007,3.91286
1.893942e-007,3.91522
1.897942e-007,3.91051
1.901942e-007,3.90581
1.905942e-007,3.91522
1.909942e-007,3.92463
1.913942e-007,3.91522
1.917942e-007,3.91992
1.921942e-007,3.91051
1.925942e-007,3.91522
1.929942e-007,3.91522
1.933942e-007,3.91286
1.937942e-007,3.91286
1.941942e-007,3.9011
1.945942e-007,3.92228
1.949942e-007,3.91757
1.953942e-007,3.91522
1.957942e-007,3.92698
1.961942e-007,3.91522
1.965942e-007,3.91286
1.969942e-007,3.91992
1.973942e-007,3.91992
1.977942e-007,3.91286
1.981942e-007,3.90581
1.985942e-007,3.91286
1.989942e-007,3.91286
1.993942e-007,3.91757
1.997942e-007,3.91522
2.001942e-007,3.91522
2.005942e-007,3.91757
2.009942e-007,3.91286
2.013942e-007,3.92228
2.017942e-007,3.92228
2.021942e-007,3.91992
2.025942e-007,3.91522
2.029942e-007,3.90816
2.033942e-007,3.91992
2.037942e-007,3.91757
2.041942e-007,3.92228
2.045942e-007,3.91286
2.049942e-007,3.91286
2.053942e-007,3.90816
2.057942e-007,3.90816
2.061942e-007,3.90345
2.065942e-007,3.92228
2.069942e-007,3.91522
2.073942e-007,3.91757
2.077942e-007,3.91286
2.081942e-007,3.91522
2.085942e-007,3.92228
2.089942e-007,3.91757
2.093942e-007,3.91051
2.097942e-007,3.92933
2.101942e-007,3.91757
2.105942e-007,3.90816
2.109942e-007,3.91992
2.113942e-007,3.92463
2.117942e-007,3.91286
2.121942e-007,3.92933
2.125942e-007,3.92463
2.129942e-007,3.91522
2.133942e-007,3.92228
2.137942e-007,3.90816
2.141942e-007,3.92463
2.145942e-007,3.93169
2.149942e-007,3.92463
2.153942e-007,3.92463
2.157942e-007,3.90581
2.161942e-007,3.92463
2.165942e-007,3.92698
2.169942e-007,3.92463
2.173942e-007,3.91992
2.177942e-007,3.92933
2.181942e-007,3.91992
2.185942e-007,3.92463
2.189942e-007,3.91286
2.193942e-007,3.92463
2.197942e-007,3.91992
2.201942e-007,3.92698
2.205942e-007,3.92933
2.209942e-007,3.92228
2.213942e-007,3.92228
2.217942e-007,3.92933
2.221942e-007,3.92463
2.225942e-007,3.93875
2.229942e-007,3.92463
2.233942e-007,3.92228
2.237942e-007,3.91757
2.241942e-007,3.91286
2.245942e-007,3.92463
2.249942e-007,3.92698
2.253942e-007,3.91522
2.257942e-007,3.92463
2.261942e-007,3.92463
2.265942e-007,3.91992
2.269942e-007,3.91757
2.273942e-007,3.91522
2.277942e-007,3.92463
2.281942e-007,3.93639
2.285942e-007,3.91757
2.289942e-007,3.93169
2.293942e-007,3.92933
2.297942e-007,3.93404
2.301942e-007,3.91992
2.305942e-007,3.91992
2.309942e-007,3.91992
2.313942e-007,3.93169
2.317942e-007,3.92463
2.321942e-007,3.93404
2.325942e-007,3.93169
2.329942e-007,3.92933
2.333942e-007,3.92698
2.337942e-007,3.92933
2.341942e-007,3.93169
2.345942e-007,3.93404
2.349942e-007,3.92698
2.353942e-007,3.93639
2.357942e-007,3.91992
2.361942e-007,3.93404
2.365942e-007,3.92698
2.369942e-007,3.93875
2.373942e-007,3.91757
2.377942e-007,3.93169
2.381942e-007,3.92933
2.385942e-007,3.92698
2.389942e-007,3.93169
2.393942e-007,3.91757
2.397942e-007,3.93404
2.401942e-007,3.93169
2.405942e-007,3.93169
2.409942e-007,3.92463
2.413942e-007,3.92463
2.417942e-007,3.92463
2.421942e-007,3.93404
2.425942e-007,3.92463
2.429942e-007,3.93169
2.433942e-007,3.93404
2.437942e-007,3.93875
2.441942e-007,3.93169
2.445942e-007,3.93404
2.449942e-007,3.93404
2.453942e-007,3.92933
2.457942e-007,3.92698
2.461942e-007,3.93404
2.465942e-007,3.93404
2.469942e-007,3.94816
2.473942e-007,3.93404
2.477942e-007,3.9411
2.481942e-007,3.93875
2.485942e-007,3.93404
2.489942e-007,3.92228
2.493942e-007,3.92698
2.497942e-007,3.93639
2.501942e-007,3.93639
2.505942e-007,3.92698
2.509942e-007,3.91757
2.513942e-007,3.93404
2.517942e-007,3.93404
2.521942e-007,3.92933
2.525942e-007,3.93875
2.529942e-007,3.92463
2.533942e-007,3.93169
2.537942e-007,3.9411
2.541942e-007,3.92933
2.545942e-007,3.93404
2.549942e-007,3.93404
2.553942e-007,3.93875
2.557942e-007,3.9411
2.561942e-007,3.93404
2.565942e-007,3.92228
2.569942e-007,3.93169
2.573942e-007,3.92463
2.577942e-007,3.93875
2.581942e-007,3.93875
2.585942e-007,3.94345
2.589942e-007,3.93875
2.593942e-007,3.94345
2.597942e-007,3.93169
2.601942e-007,3.9458
2.605942e-007,3.9411
2.609942e-007,3.94345
2.613942e-007,3.94345
2.617942e-007,3.93639
2.621942e-007,3.9411
2.625942e-007,3.94816
2.629942e-007,3.93639
2.633942e-007,3.93875
2.637942e-007,3.92933
2.641942e-007,3.93404
2.645942e-007,3.93875
2.649942e-007,3.92933
2.653942e-007,3.92933
2.657942e-007,3.93404
2.661942e-007,3.9458
2.665942e-007,3.9458
2.669942e-007,3.9411
2.673942e-007,3.94345
2.677942e-007,3.94816
2.681942e-007,3.9411
2.685942e-007,3.9411
2.689942e-007,3.94816
2.693942e-007,3.93875
2.697942e-007,3.94345
2.701942e-007,3.9458
2.705942e-007,3.9458
2.709942e-007,3.94816
2.713942e-007,3.95992
2.717942e-007,3.95286
2.721942e-007,3.95522
2.725942e-007,3.95992
2.729942e-007,3.95522
2.733942e-007,3.96463
2.737942e-007,3.96227
2.741942e-007,3.95757
2.745942e-007,3.95757
2.749942e-007,3.95992
2.753942e-007,3.95051
2.757942e-007,3.96933
2.761942e-007,3.96933
2.765942e-007,3.95051
2.769942e-007,3.96463
2.773942e-007,3.96933
2.777942e-007,3.96463
2.781942e-007,3.97169
2.785942e-007,3.96698
2.789942e-007,3.95757
2.793942e-007,3.97169
2.797942e-007,3.96698
2.801942e-007,3.95992
2.805942e-007,3.97639
2.809942e-007,3.97404
2.813942e-007,3.97639
2.817942e-007,3.96698
2.821942e-007,3.96463
2.825942e-007,3.97639
2.829942e-007,3.95992
2.833942e-007,3.97169
2.837942e-007,3.96933
2.841942e-007,3.96933
2.845942e-007,3.97169
2.849942e-007,3.97639
2.853942e-007,3.97404
2.857942e-007,3.97875
2.861942e-007,3.97404
2.865942e-007,3.98345
2.869942e-007,3.97169
2.873942e-007,3.9811
2.877942e-007,3.98816
2.881942e-007,3.9858
2.885942e-007,3.97169
2.889942e-007,3.97404
2.893942e-007,3.9811
2.897942e-007,3.97639
2.901942e-007,3.97639
2.905942e-007,3.9811
2.909942e-007,3.97169
2.913942e-007,3.97404
2.917942e-007,3.9811
2.921942e-007,3.97404
2.925942e-007,3.97875
2.929942e-007,3.9858
2.933942e-007,3.98816
2.937942e-007,3.97639
2.941942e-007,3.9811
2.945942e-007,3.97404
2.949942e-007,3.98345
2.953942e-007,3.9858
2.957942e-007,3.98345
2.961942e-007,3.97404
2.965942e-007,3.97169
2.969942e-007,3.9811
2.973942e-007,3.9811
2.977942e-007,3.9858
2.981942e-007,3.9858
2.985942e-007,3.9858
2.989942e-007,3.98345
2.993942e-007,3.98816
2.997942e-007,3.98345
3.001942e-007,3.98345
3.005942e-007,3.97875
3.009942e-007,3.97875
3.013942e-007,3.98816
3.017942e-007,3.98345
3.021942e-007,3.97875
3.025942e-007,3.99286
3.029942e-007,3.99051
3.033942e-007,3.97875
3.037942e-007,3.98816
3.041942e-007,3.98345
3.045942e-007,3.98345
3.049942e-007,3.98345
3.053942e-007,3.99051
3.057942e-007,3.99286
3.061942e-007,3.99522
3.065942e-007,3.99051
3.069942e-007,3.98816
3.073942e-007,3.97639
3.077942e-007,3.9811
3.081942e-007,3.9858
3.085942e-007,3.97875
3.089942e-007,3.98816
3.093942e-007,3.99286
3.097942e-007,3.99051
3.101942e-007,3.99051
3.105942e-007,3.99286
3.109942e-007,3.99286
3.113942e-007,3.9858
3.117942e-007,3.99051
3.121942e-007,3.99051
3.125942e-007,3.99051
3.129942e-007,3.98816
3.133942e-007,3.99522
3.137942e-007,3.99051
3.141942e-007,3.9811
3.145942e-007,3.99757
3.149942e-007,3.98816
3.153942e-007,3.98345
3.157942e-007,3.98816
3.161942e-007,3.99522
3.165942e-007,3.99757
3.169942e-007,3.99286
3.173942e-007,3.99286
3.177942e-007,3.98816
3.181942e-007,3.99051
3.185942e-007,3.99286
3.189942e-007,3.98816
3.193942e-007,3.9858
3.197942e-007,3.99757
3.201942e-007,4.00227
3.205942e-007,3.99522
3.209942e-007,3.99522
3.213942e-007,3.98816
3.217942e-007,3.98816
3.221942e-007,3.98816
3.225942e-007,3.99051
3.229942e-007,3.99522
3.233942e-007,3.99522
3.237942e-007,3.99286
3.241942e-007,3.99051
3.245942e-007,3.99286
3.249942e-007,3.99992
3.253942e-007,3.99051
3.257942e-007,3.99992
3.261942e-007,3.99757
3.265942e-007,3.99522
3.269942e-007,3.99522
3.273942e-007,3.99522
3.277942e-007,3.98816
3.281942e-007,3.99522
3.285942e-007,3.99522
3.289942e-007,3.99757
3.293942e-007,3.98816
3.297942e-007,3.99522
3.301942e-007,3.99522
3.305942e-007,3.99286
3.309942e-007,3.99051
3.313942e-007,3.99286
3.317942e-007,3.99051
3.321942e-007,4.00227
3.325942e-007,3.99286
3.329942e-007,3.99286
3.333942e-007,3.98816
3.337942e-007,3.99286
3.341942e-007,3.99757
3.345942e-007,3.99522
3.349942e-007,4.00698
3.353942e-007,3.99757
3.357942e-007,3.99051
3.361942e-007,3.99992
3.365942e-007,3.99286
3.369942e-007,3.99992
3.373942e-007,3.99757
3.377942e-007,3.99992
3.381942e-007,4.00227
3.385942e-007,3.99992
3.389942e-007,3.99757
3.393942e-007,4.00463
3.397942e-007,3.98816
3.401942e-007,3.99522
3.405942e-007,4.00463
3.409942e-007,3.99051
3.413942e-007,3.99286
3.417942e-007,3.99522
3.421942e-007,4.00463
3.425942e-007,4.00227
3.429942e-007,3.99522
3.433942e-007,3.99757
3.437942e-007,3.99286
3.441942e-007,4.00227
3.445942e-007,4.01874
3.449942e-007,4.00227
3.453942e-007,4.00463
3.457942e-007,3.99757
3.461942e-007,3.99992
3.465942e-007,4.00698
3.469942e-007,3.99522
3.473942e-007,4.00227
3.477942e-007,3.99051
3.481942e-007,3.99522
3.485942e-007,4.00227
3.489942e-007,4.01639
3.493942e-007,4.01169
3.497942e-007,4.00227
3.501942e-007,4.00227
3.505942e-007,4.01639
3.509942e-007,4.00463
3.513942e-007,4.00463
3.517942e-007,3.99286
3.521942e-007,3.99992
3.525942e-007,4.00463
3.529942e-007,3.99992
3.533942e-007,3.99286
3.537942e-007,4.00463
3.541942e-007,4.00227
3.545942e-007,3.99992
3.549942e-007,4.00933
3.553942e-007,4.01404
3.557942e-007,4.00227
3.561942e-007,4.00463
3.565942e-007,4.00933
3.569942e-007,3.99757
3.573942e-007,4.00698
3.577942e-007,4.00698
3.581942e-007,4.01639
3.585942e-007,4.00463
3.589942e-007,4.00227
3.593942e-007,4.00698
3.597942e-007,4.01169
3.601942e-007,3.99757
3.605942e-007,3.99757
3.609942e-007,4.00933
3.613942e-007,4.00227
3.617942e-007,4.01169
3.621942e-007,4.01404
3.625942e-007,4.01874
3.629942e-007,4.00463
3.633942e-007,4.0211
3.637942e-007,4.00698
3.641942e-007,4.00933
3.645942e-007,4.00698
3.649942e-007,4.01639
3.653942e-007,4.00698
3.657942e-007,4.00933
3.661942e-007,3.99992
3.665942e-007,3.99992
3.669942e-007,3.99757
3.673942e-007,4.00463
3.677942e-007,4.00463
3.681942e-007,4.00463
3.685942e-007,4.01639
3.689942e-007,4.00227
3.693942e-007,3.99522
3.697942e-007,4.01169
3.701942e-007,4.01404
3.705942e-007,4.01404
3.709942e-007,4.00698
3.713942e-007,4.00933
3.717942e-007,4.00933
3.721942e-007,4.01404
3.725942e-007,4.01169
3.729942e-007,4.01639
3.733942e-007,3.99992
3.737942e-007,4.00698
3.741942e-007,4.00463
3.745942e-007,4.01874
3.749942e-007,4.0211
3.753942e-007,4.01169
3.757942e-007,4.01639
3.761942e-007,4.01404
3.765942e-007,4.01404
3.769942e-007,4.00698
3.773942e-007,3.99992
3.777942e-007,4.01169
3.781942e-007,4.00227
3.785942e-007,4.00698
3.789942e-007,4.00933
3.793942e-007,4.01404
3.797942e-007,4.01169
3.801942e-007,4.00698
3.805942e-007,4.01874
3.809942e-007,4.00463
3.813942e-007,3.99992
3.817942e-007,4.01404
3.821942e-007,4.00698
3.825942e-007,4.01639
3.829942e-007,4.0211
3.833942e-007,4.01404
3.837942e-007,4.01874
3.841942e-007,4.00933
3.845942e-007,4.00227
3.849942e-007,4.01404
3.853942e-007,4.0258
3.857942e-007,4.01639
3.861942e-007,4.01169
3.865942e-007,4.01874
3.869942e-007,4.01169
3.873942e-007,4.01169
3.877942e-007,4.01404
3.881942e-007,4.01404
3.885942e-007,4.00933
3.889942e-007,4.01404
3.893942e-007,4.01639
3.897942e-007,4.0211
3.901942e-007,4.01404
3.905942e-007,4.02345
3.909942e-007,4.00698
3.913942e-007,4.01874
3.917942e-007,4.01404
3.921942e-007,4.00933
3.925942e-007,4.0211
3.929942e-007,4.00463
3.933942e-007,4.01169
3.937942e-007,4.01169
3.941942e-007,4.01874
3.945942e-007,4.01639
3.949942e-007,4.01169
3.953942e-007,4.00698
3.957942e-007,4.0211
3.961942e-007,4.01404
3.965942e-007,4.02345
3.969942e-007,4.00933
3.973942e-007,4.01404
3.977942e-007,4.01169
3.981942e-007,4.00933
3.985942e-007,4.01639
3.989942e-007,4.00933
3.993942e-007,4.01404
3.997942e-007,4.01404
4.001942e-007,4.01404
4.005942e-007,4.02816
4.009942e-007,4.01874
4.013942e-007,4.01874
4.017942e-007,4.0258
4.021942e-007,4.0211
4.025942e-007,4.01639
4.029942e-007,4.01404
4.033942e-007,4.01169
4.037942e-007,4.01169
4.041942e-007,4.01639
4.045942e-007,4.01639
4.049942e-007,4.01404
4.053942e-007,4.02345
4.057942e-007,4.01874
4.061942e-007,4.01874
4.065942e-007,4.02345
4.069942e-007,4.01639
4.073942e-007,4.0211
4.077942e-007,4.00698
4.081942e-007,4.01169
4.085942e-007,4.02816
4.089942e-007,4.02345
4.093942e-007,4.00933
4.097942e-007,4.01874
4.101942e-007,4.00933
4.105942e-007,4.01404
4.109942e-007,4.01169
4.113942e-007,4.01874
4.117942e-007,4.01639
4.121942e-007,4.0211
4.125942e-007,4.01639
4.129942e-007,4.01639
4.133942e-007,4.0258
4.137942e-007,4.01874
4.141942e-007,4.01639
4.145942e-007,4.01169
4.149942e-007,4.01874
4.153942e-007,4.01639
4.157942e-007,4.0258
4.161942e-007,4.0258
4.165942e-007,4.0211
4.169942e-007,4.01874
4.173942e-007,4.02345
4.177942e-007,4.01639
4.181942e-007,4.0211
4.185942e-007,4.01169
4.189942e-007,4.01874
4.193942e-007,4.01169
4.197942e-007,4.02816
4.201942e-007,4.0211
4.205942e-007,4.01639
4.209942e-007,4.01874
4.213942e-007,4.03521
4.217942e-007,4.01404
4.221942e-007,4.01404
4.225942e-007,4.00933
4.229942e-007,4.00698
4.233942e-007,4.02816
4.237942e-007,4.02345
4.241942e-007,4.01874
4.245942e-007,4.01874
4.249942e-007,4.02816
4.253942e-007,4.02345
4.257942e-007,4.01639
4.261942e-007,4.01639
4.265942e-007,4.0211
4.269942e-007,4.02345
4.273942e-007,4.03051
4.277942e-007,4.02345
4.281942e-007,4.0211
4.285942e-007,4.01874
4.289942e-007,4.01639
4.293942e-007,4.01639
4.297942e-007,4.00933
4.301942e-007,4.01404
4.305942e-007,4.01639
4.309942e-007,4.0258
4.313942e-007,4.02816
4.317942e-007,4.03051
4.321942e-007,4.01874
4.325942e-007,4.02345
4.329942e-007,4.01874
4.333942e-007,4.01169
4.337942e-007,4.01404
4.341942e-007,4.01874
4.345942e-007,4.02345
4.349942e-007,4.0211
4.353942e-007,4.01404
4.357942e-007,4.00933
4.361942e-007,4.01874
4.365942e-007,4.0211
4.369942e-007,4.01639
4.373942e-007,4.01639
4.377942e-007,4.0211
4.381942e-007,4.01639
4.385942e-007,4.01639
4.389942e-007,4.03521
4.393942e-007,4.0258
4.397942e-007,4.02345
4.401942e-007,4.02345
4.405942e-007,4.0211
4.409942e-007,4.01639
4.413942e-007,4.0211
4.417942e-007,4.0258
4.421942e-007,4.0258
4.425942e-007,4.01874
4.429942e-007,4.01404
4.433942e-007,4.0211
4.437942e-007,4.0211
4.441942e-007,4.0258
4.445942e-007,4.01874
4.449942e-007,4.0211
4.453942e-007,4.0258
4.457942e-007,4.01404
4.461942e-007,4.01874
4.465942e-007,4.02345
4.469942e-007,4.03286
4.473942e-007,4.0258
4.477942e-007,4.01404
4.481942e-007,4.03051
4.485942e-007,4.01639
4.489942e-007,4.02345
4.493942e-007,4.02345
4.497942e-007,4.01874
4.501942e-007,4.01639
4.505942e-007,4.0211
4.509942e-007,4.0211
4.513942e-007,4.03521
4.517942e-007,4.02345
4.521942e-007,4.0258
4.525942e-007,4.01874
4.529942e-007,4.03286
4.533942e-007,4.02345
4.537942e-007,4.03051
4.541942e-007,4.02816
4.545942e-007,4.01169
4.549942e-007,4.02345
4.553942e-007,4.02345
4.557942e-007,4.01874
4.561942e-007,4.0258
4.565942e-007,4.02345
4.569942e-007,4.01874
4.573942e-007,4.03051
4.577942e-007,4.0258
4.581942e-007,4.0258
4.585942e-007,4.02345
4.589942e-007,4.02345
4.593942e-007,4.0211
4.597942e-007,4.02816
4.601942e-007,4.02816
4.605942e-007,4.0211
4.609942e-007,4.01874
4.613942e-007,4.01404
4.617942e-007,4.02345
4.621942e-007,4.01874
4.625942e-007,4.0211
4.629942e-007,4.0258
4.633942e-007,4.0258
4.637942e-007,4.01639
4.641942e-007,4.03286
4.645942e-007,4.01874
4.649942e-007,4.01874
4.653942e-007,4.02816
4.657942e-007,4.03051
4.661942e-007,4.01874
4.665942e-007,4.0258
4.669942e-007,4.0258
4.673942e-007,4.03051
4.677942e-007,4.01874
4.681942e-007,4.02816
4.685942e-007,4.01404
4.689942e-007,4.01639
4.693942e-007,4.03051
4.697942e-007,4.02345
4.701942e-007,4.02345
4.705942e-007,4.03051
4.709942e-007,4.02816
4.713942e-007,4.0211
4.717942e-007,4.0211
4.721942e-007,4.02816
4.725942e-007,4.03051
4.729942e-007,4.03051
4.733942e-007,4.02345
4.737942e-007,4.03521
4.741942e-007,4.03286
4.745942e-007,4.02345
4.749942e-007,4.0211
4.753942e-007,4.01639
4.757942e-007,4.01874
4.761942e-007,4.01169
4.765942e-007,4.02816
4.769942e-007,4.02345
4.773942e-007,4.03521
4.777942e-007,4.0258
4.781942e-007,4.02816
4.785942e-007,4.04463
4.789942e-007,4.03051
4.793942e-007,4.01874
4.797942e-007,4.02345
4.801942e-007,4.01639
4.805942e-007,4.02816
4.809942e-007,4.01404
4.813942e-007,4.01404
4.817942e-007,4.01874
4.821942e-007,4.0211
4.825942e-007,4.01874
4.829942e-007,4.02816
4.833942e-007,4.0258
4.837942e-007,4.02345
4.841942e-007,4.02345
4.845942e-007,4.01874
4.849942e-007,4.02816
4.853942e-007,4.02816
4.857942e-007,4.02345
4.861942e-007,4.02816
4.865942e-007,4.0258
4.869942e-007,4.02345
4.873942e-007,4.02816
4.877942e-007,4.0258
4.881942e-007,4.03757
4.885942e-007,4.03757
4.889942e-007,4.0211
4.893942e-007,4.0211
4.897942e-007,4.02816
4.901942e-007,4.03521
4.905942e-007,4.02816
4.909942e-007,4.03286
4.913942e-007,4.03051
4.917942e-007,4.03051
4.921942e-007,4.0258
4.925942e-007,4.03051
4.929942e-007,4.03051
4.933942e-007,4.02816
4.937942e-007,4.02816
4.941942e-007,4.01874
4.945942e-007,4.02816
4.949942e-007,4.02345
4.953942e-007,4.02345
4.957942e-007,4.03757
4.961942e-007,4.03286
4.965942e-007,4.02816
4.969942e-007,4.02816
4.973942e-007,4.01639
4.977942e-007,4.0211
4.981942e-007,4.03992
4.985942e-007,4.01639
4.989942e-007,4.03051
4.993942e-007,4.03051
4.997942e-007,4.0258
5.001942e-007,4.0258
5.005942e-007,4.03051
5.009942e-007,4.01639
5.013942e-007,4.0258
5.017942e-007,4.02816
5.021942e-007,4.02816
5.025942e-007,4.03992
5.029942e-007,4.03521
5.033942e-007,4.03051
5.037942e-007,4.03521
5.041942e-007,4.03757
5.045942e-007,4.0258
5.049942e-007,4.02816
5.053942e-007,4.02345
5.057942e-007,4.01639
5.061942e-007,4.02816
5.065942e-007,4.01639
5.069942e-007,4.0258
5.073942e-007,4.0258
5.077942e-007,4.02816
5.081942e-007,4.01874
5.085942e-007,4.02816
5.089942e-007,4.03286
5.093942e-007,4.02345
5.097942e-007,4.02816
5.101942e-007,4.02345
5.105942e-007,4.01639
5.109942e-007,4.03521
5.113942e-007,4.03757
5.117942e-007,4.0258
5.121942e-007,4.01874
5.125942e-007,4.0211
5.129942e-007,4.03286
5.133942e-007,4.0258
5.137942e-007,4.0258
5.141942e-007,4.0258
5.145942e-007,4.03757
5.149942e-007,4.03286
5.153942e-007,4.02345
5.157942e-007,4.03521
5.161942e-007,4.03051
5.165942e-007,4.02816
5.169942e-007,4.03051
5.173942e-007,4.0258
5.177942e-007,4.0258
5.181942e-007,4.0258
5.185942e-007,4.03757
5.189942e-007,4.03051
5.193942e-007,4.02816
5.197942e-007,4.03521
5.201942e-007,4.0211
5.205942e-007,4.03051
5.209942e-007,4.02345
5.213942e-007,4.03051
5.217942e-007,4.03051
5.221942e-007,4.02816
5.225942e-007,4.03286
5.229942e-007,4.0258
5.233942e-007,4.02816
5.237942e-007,4.03521
5.241942e-007,4.02345
5.245942e-007,4.02345
5.249942e-007,4.03051
5.253942e-007,4.03051
5.257942e-007,4.0258
5.261942e-007,4.02345
5.265942e-007,4.0258
5.269942e-007,4.03051
5.273942e-007,4.0211
5.277942e-007,4.03051
5.281942e-007,4.03521
5.285942e-007,4.03286
5.289942e-007,4.0211
5.293942e-007,4.01639
5.297942e-007,4.03992
5.301942e-007,4.0211
5.305942e-007,4.03051
5.309942e-007,4.0258
5.313942e-007,4.0258
5.317942e-007,4.02816
5.321942e-007,4.03286
5.325942e-007,4.01874
5.329942e-007,4.03286
5.333942e-007,4.03286
5.337942e-007,4.03286
5.341942e-007,4.03286
5.345942e-007,4.04463
5.349942e-007,4.0258
5.353942e-007,4.04227
5.357942e-007,4.03992
5.361942e-007,4.03521
5.365942e-007,4.0211
5.369942e-007,4.05168
5.373942e-007,4.03992
5.377942e-007,4.03051
5.381942e-007,4.0258
5.385942e-007,4.03757
5.389942e-007,4.05404
5.393942e-007,4.0258
5.397942e-007,4.01639
5.401942e-007,4.05874
5.405942e-007,4.00463
5.409942e-007,4.03286
5.413942e-007,4.04463
5.417942e-007,4.04227
5.421942e-007,4.02345
5.425942e-007,4.02816
5.429942e-007,4.01169
5.433942e-007,4.04933
5.437942e-007,4.0211
5.441942e-007,4.0611
5.445942e-007,4.00227
5.449942e-007,4.01874
5.453942e-007,4.01874
5.457942e-007,4.00463
5.461942e-007,4.03521
5.465942e-007,4.01874
5.469942e-007,4.06345
5.473942e-007,4.04698
5.477942e-007,4.00463
5.481942e-007,4.03521
5.485942e-007,4.03051
5.489942e-007,4.05874
5.493942e-007,4.03521
5.497942e-007,4.02345
5.501942e-007,4.01404
5.505942e-007,3.99286
5.509942e-007,4.00227
5.513942e-007,4.0611
5.517942e-007,4.05168
5.521942e-007,4.01639
5.525942e-007,4.05874
5.529942e-007,4.00227
5.533942e-007,4.01404
5.537942e-007,4.03992
5.541942e-007,4.05874
5.545942e-007,4.04698
5.549942e-007,4.02345
5.553942e-007,4.03992
5.557942e-007,3.99757
5.561942e-007,4.04227
5.565942e-007,4.01874
5.569942e-007,4.0258
5.573942e-007,4.0258
5.577942e-007,4.03051
5.581942e-007,3.99286
5.585942e-007,3.98816
5.589942e-007,4.04698
5.593942e-007,4.10345
5.597942e-007,4.0658
5.601942e-007,3.99992
5.605942e-007,3.95757
5.609942e-007,3.91522
5.613942e-007,4.00698
5.617942e-007,4.0658
5.621942e-007,4.09639
5.625942e-007,4.16227
5.629942e-007,4.12462
5.633942e-007,3.94816
5.637942e-007,3.88934
5.641942e-007,4.03286
5.645942e-007,4.01639
5.649942e-007,3.95051
5.653942e-007,4.04227
5.657942e-007,4.09404
5.661942e-007,3.95992
5.665942e-007,4.02345
5.669942e-007,4.22344
5.673942e-007,4.07757
5.677942e-007,4.01169
5.681942e-007,4.07521
5.685942e-007,3.99051
5.689942e-007,3.89169
5.693942e-007,3.99757
5.697942e-007,4.1905
5.701942e-007,3.90345
5.705942e-007,4.01169
5.709942e-007,4.08698
5.713942e-007,4.08933
5.717942e-007,4.04698
5.721942e-007,3.90581
5.725942e-007,3.83287
5.729942e-007,4.13874
5.733942e-007,4.03757
5.737942e-007,3.99992
5.741942e-007,4.34109
5.745942e-007,4.08933
5.749942e-007,3.83757
5.753942e-007,4.16227
5.757942e-007,3.93639
5.761942e-007,3.77404
5.765942e-007,4.24227
5.769942e-007,4.03286
5.773942e-007,3.83757
5.777942e-007,4.05874
5.781942e-007,4.01639
5.785942e-007,4.00698
5.789942e-007,4.16933
5.793942e-007,3.90345
5.797942e-007,3.9011
5.801942e-007,3.97639
5.805942e-007,3.91286
5.809942e-007,4.1458
5.813942e-007,4.28933
5.817942e-007,4.16227
5.821942e-007,3.91757
5.825942e-007,3.86581
5.829942e-007,3.75052
5.833942e-007,3.89404
5.837942e-007,4.10815
5.841942e-007,4.11521
5.845942e-007,4.10815
5.849942e-007,4.05874
5.853942e-007,3.84934
5.857942e-007,4.00463
5.861942e-007,4.01874
5.865942e-007,4.1058
5.869942e-007,4.17168
5.873942e-007,3.88934
5.877942e-007,3.80934
5.881942e-007,3.97169
5.885942e-007,4.13874
5.889942e-007,4.24933
5.893942e-007,4.29874
5.897942e-007,3.94816
5.901942e-007,3.79757
5.905942e-007,3.87287
5.909942e-007,3.93404
5.913942e-007,4.08462
5.917942e-007,4.03521
5.921942e-007,3.85875
5.925942e-007,3.9858
5.929942e-007,3.91992
5.933942e-007,3.78581
5.937942e-007,4.13168
5.941942e-007,4.10815
5.945942e-007,4.00227
5.949942e-007,4.13639
5.953942e-007,4.05639
5.957942e-007,3.88228
5.961942e-007,4.10109
5.965942e-007,4.17403
5.969942e-007,4.01874
5.973942e-007,4.01404
5.977942e-007,3.88934
5.981942e-007,3.8611
5.985942e-007,4.03051
5.989942e-007,4.08698
5.993942e-007,4.09639
5.997942e-007,4.02816
6.001942e-007,3.91522
6.005942e-007,4.01874
6.009942e-007,4.12227
6.013942e-007,4.03521
6.017942e-007,4.13639
6.021942e-007,4.12933
6.025942e-007,3.95522
6.029942e-007,4.05168
6.033942e-007,4.07521
6.037942e-007,3.8611
6.041942e-007,3.91051
6.045942e-007,4.02345
6.049942e-007,4.06815
6.053942e-007,4.08462
6.057942e-007,4.04698
6.061942e-007,3.99522
6.065942e-007,4.09874
6.069942e-007,4.1058
6.073942e-007,3.96227
6.077942e-007,4.01404
6.081942e-007,3.92698
6.085942e-007,3.84463
6.089942e-007,4.1058
6.093942e-007,4.23521
6.097942e-007,4.10345
6.101942e-007,4.03521
6.105942e-007,3.98816
6.109942e-007,3.99522
6.113942e-007,4.0658
6.117942e-007,4.02345
6.121942e-007,4.00463
6.125942e-007,4.02345
6.129942e-007,4.05404
6.133942e-007,3.96463
6.137942e-007,3.92228
6.141942e-007,3.98816
6.145942e-007,4.12933
6.149942e-007,4.11521
6.153942e-007,4.05404
6.157942e-007,3.98816
6.161942e-007,3.99522
6.165942e-007,4.01874
6.169942e-007,4.08462
6.173942e-007,4.16933
6.177942e-007,4.04933
6.181942e-007,3.90345
6.185942e-007,3.95522
6.189942e-007,3.96698
6.193942e-007,3.99286
6.197942e-007,4.0211
6.201942e-007,3.97875
6.205942e-007,3.99757
6.209942e-007,4.01639
6.213942e-007,4.03286
6.217942e-007,4.06345
6.221942e-007,4.11051
6.225942e-007,4.06345
6.229942e-007,4.02345
6.233942e-007,4.04933
6.237942e-007,3.98816
6.241942e-007,3.97639
6.245942e-007,4.01639
6.249942e-007,3.95522
6.253942e-007,4.04227
6.257942e-007,4.11992
6.261942e-007,4.0258
6.265942e-007,4.06815
6.269942e-007,4.08698
6.273942e-007,4.00227
6.277942e-007,3.96933
6.281942e-007,3.99522
6.285942e-007,3.98345
6.289942e-007,4.11992
6.293942e-007,4.07521
6.297942e-007,3.9811
6.301942e-007,4.02345
6.305942e-007,3.9858
6.309942e-007,4.04463
6.313942e-007,4.06345
6.317942e-007,4.04227
6.321942e-007,3.99522
6.325942e-007,4.0611
6.329942e-007,4.03286
6.333942e-007,4.04933
6.337942e-007,4.09874
6.341942e-007,4.04698
6.345942e-007,4.01169
6.349942e-007,3.98816
6.353942e-007,3.96227
6.357942e-007,4.03286
6.361942e-007,4.10345
6.365942e-007,4.04698
6.369942e-007,4.03521
6.373942e-007,4.03286
6.377942e-007,4.04698
6.381942e-007,3.9858
6.385942e-007,3.97404
6.389942e-007,4.00463
6.393942e-007,4.01404
6.397942e-007,3.99757
6.401942e-007,4.07286
6.405942e-007,4.03992
6.409942e-007,4.04227
6.413942e-007,4.05404
6.417942e-007,4.05404
6.421942e-007,4.07757
6.425942e-007,4.05168
6.429942e-007,4.03757
6.433942e-007,4.01169
6.437942e-007,3.99757
6.441942e-007,4.00463
6.445942e-007,4.03051
6.449942e-007,4.05404
6.453942e-007,4.03992
6.457942e-007,3.97875
6.461942e-007,3.97875
6.465942e-007,3.99522
6.469942e-007,3.98816
6.473942e-007,4.07757
6.477942e-007,4.06815
6.481942e-007,4.05404
6.485942e-007,4.04698
6.489942e-007,4.00463
6.493942e-007,3.9811
6.497942e-007,4.01169
6.501942e-007,4.02816
6.505942e-007,4.03521
6.509942e-007,4.01874
6.513942e-007,4.04227
6.517942e-007,3.9811
6.521942e-007,4.00933
6.525942e-007,4.02816
6.529942e-007,4.01874
6.533942e-007,4.03286
6.537942e-007,4.01874
6.541942e-007,4.03286
6.545942e-007,4.06815
6.549942e-007,4.03992
6.553942e-007,4.01404
6.557942e-007,4.03521
6.561942e-007,4.05404
6.565942e-007,4.05404
6.569942e-007,4.02816
6.573942e-007,4.03521
6.577942e-007,4.0258
6.581942e-007,4.01404
6.585942e-007,4.03286
6.589942e-007,4.02816
6.593942e-007,4.0211
6.597942e-007,3.99992
6.601942e-007,3.98816
6.605942e-007,4.00933
6.609942e-007,4.01404
6.613942e-007,4.03051
6.617942e-007,4.07286
6.621942e-007,4.03757
6.625942e-007,4.05404
6.629942e-007,4.05404
6.633942e-007,4.03521
6.637942e-007,4.03992
6.641942e-007,4.0658
6.645942e-007,4.03051
6.649942e-007,3.99286
6.653942e-007,4.00933
6.657942e-007,4.00463
6.661942e-007,4.00227
6.665942e-007,4.04698
6.669942e-007,4.0258
6.673942e-007,3.99992
6.677942e-007,4.00933
6.681942e-007,4.00933
6.685942e-007,4.01404
6.689942e-007,4.03992
6.693942e-007,4.01874
6.697942e-007,3.97639
6.701942e-007,4.01169
6.705942e-007,4.05168
6.709942e-007,4.03051
6.713942e-007,4.05639
6.717942e-007,4.07521
6.721942e-007,4.01639
6.725942e-007,3.99522
6.729942e-007,4.01874
6.733942e-007,3.98816
6.737942e-007,3.9811
6.741942e-007,4.0211
6.745942e-007,4.03521
6.749942e-007,4.01404
6.753942e-007,4.05168
6.757942e-007,4.03757
6.761942e-007,4.0258
6.765942e-007,4.0211
6.769942e-007,4.00698
6.773942e-007,3.99992
6.777942e-007,4.04227
6.781942e-007,4.04227
6.785942e-007,4.03521
6.789942e-007,4.00698
6.793942e-007,4.01874
6.797942e-007,3.99992
6.801942e-007,4.00933
6.805942e-007,4.03051
6.809942e-007,4.05404
6.813942e-007,4.0211
6.817942e-007,4.01404
6.821942e-007,4.04698
6.825942e-007,4.04463
6.829942e-007,4.0258
6.833942e-007,4.03757
6.837942e-007,4.00463
6.841942e-007,3.99522
6.845942e-007,4.01639
6.849942e-007,4.03992
6.853942e-007,4.05404
6.857942e-007,4.04933
6.861942e-007,4.02816
6.865942e-007,4.02345
6.869942e-007,4.04463
6.873942e-007,4.03286
6.877942e-007,4.0211
6.881942e-007,4.01169
6.885942e-007,4.01169
6.889942e-007,4.00933
6.893942e-007,4.00698
6.897942e-007,4.0211
6.901942e-007,4.04463
6.905942e-007,4.02816
6.909942e-007,4.00933
6.913942e-007,4.01874
6.917942e-007,4.00698
6.921942e-007,4.02816
6.925942e-007,4.03757
6.929942e-007,4.03757
6.933942e-007,4.03051
6.937942e-007,4.02345
6.941942e-007,4.00227
6.945942e-007,4.03992
6.949942e-007,4.04933
6.953942e-007,4.01404
6.957942e-007,3.9858
6.961942e-007,4.00227
6.965942e-007,4.00933
6.969942e-007,4.0211
6.973942e-007,4.05639
6.977942e-007,4.01639
6.981942e-007,4.01639
6.985942e-007,4.01404
6.989942e-007,3.99522
6.993942e-007,3.99992
6.997942e-007,4.02345
7.001942e-007,4.02816
7.005942e-007,4.03051
7.009942e-007,4.02345
7.013942e-007,4.01639
7.017942e-007,4.00698
7.021942e-007,3.99522
7.025942e-007,4.02345
7.029942e-007,4.0258
7.033942e-007,4.03521
7.037942e-007,4.00933
7.041942e-007,4.01169
7.045942e-007,4.0211
7.049942e-007,4.01874
7.053942e-007,3.99522
7.057942e-007,3.99757
7.061942e-007,4.01639
7.065942e-007,4.03286
7.069942e-007,4.04227
7.073942e-007,4.05404
7.077942e-007,4.03757
7.081942e-007,4.03286
7.085942e-007,4.02816
7.089942e-007,4.03757
7.093942e-007,4.01404
7.097942e-007,4.00698
7.101942e-007,3.9858
7.105942e-007,4.01639
7.109942e-007,4.03521
7.113942e-007,4.03286
7.117942e-007,4.03992
7.121942e-007,4.01874
7.125942e-007,4.01169
7.129942e-007,4.00933
7.133942e-007,4.00933
7.137942e-007,4.01404
7.141942e-007,4.0258
7.145942e-007,4.03286
7.149942e-007,4.0258
7.153942e-007,4.01639
7.157942e-007,4.03521
7.161942e-007,4.03992
7.165942e-007,4.0211
7.169942e-007,4.03051
7.173942e-007,4.02345
7.177942e-007,4.02816
7.181942e-007,4.0211
7.185942e-007,4.0258
7.189942e-007,4.00933
7.193942e-007,4.01639
7.197942e-007,4.00933
7.201942e-007,3.99992
7.205942e-007,3.99757
7.209942e-007,4.00463
7.213942e-007,4.01639
7.217942e-007,4.05168
7.221942e-007,4.05404
7.225942e-007,4.04933
7.229942e-007,4.0211
7.233942e-007,4.0258
7.237942e-007,4.02816
7.241942e-007,4.03051
7.245942e-007,4.00698
7.249942e-007,4.00933
7.253942e-007,4.01404
7.257942e-007,3.99992
7.261942e-007,4.01169
7.265942e-007,4.01639
7.269942e-007,4.03521
7.273942e-007,4.0211
7.277942e-007,4.01404
7.281942e-007,4.01874
7.285942e-007,4.01874
7.289942e-007,4.01404
7.293942e-007,4.00698
7.297942e-007,4.00933
7.301942e-007,3.99522
7.305942e-007,3.99992
7.309942e-007,4.00933
7.313942e-007,4.03051
7.317942e-007,4.04698
7.321942e-007,4.04933
7.325942e-007,4.0258
7.329942e-007,4.01639
7.333942e-007,4.02345
7.337942e-007,4.02816
7.341942e-007,4.0258
7.345942e-007,4.02345
7.349942e-007,4.01169
7.353942e-007,4.00463
7.357942e-007,4.00698
7.361942e-007,4.01404
7.365942e-007,3.99992
7.369942e-007,4.0211
7.373942e-007,4.0258
7.377942e-007,4.03286
7.381942e-007,4.04227
7.385942e-007,4.02345
7.389942e-007,4.0211
7.393942e-007,4.03521
7.397942e-007,4.03051
7.401942e-007,4.03286
7.405942e-007,4.01169
7.409942e-007,4.00933
7.413942e-007,4.00698
7.417942e-007,4.02816
7.421942e-007,4.03521
7.425942e-007,4.01874
7.429942e-007,4.01404
7.433942e-007,4.01404
7.437942e-007,3.99757
7.441942e-007,4.01404
7.445942e-007,4.00933
7.449942e-007,4.01639
7.453942e-007,4.0211
7.457942e-007,4.01639
7.461942e-007,4.0258
7.465942e-007,4.01404
7.469942e-007,4.00463
7.473942e-007,4.02345
7.477942e-007,4.01639
7.481942e-007,4.01169
7.485942e-007,4.0211
7.489942e-007,4.01639
7.493942e-007,4.01169
7.497942e-007,4.02816
7.501942e-007,4.03051
7.505942e-007,4.00463
7.509942e-007,3.99757
7.513942e-007,3.99757
7.517942e-007,4.01169
7.521942e-007,4.02345
7.525942e-007,4.02816
7.529942e-007,4.01874
7.533942e-007,4.00698
7.537942e-007,4.0211
7.541942e-007,4.0211
7.545942e-007,4.01874
7.549942e-007,4.01404
7.553942e-007,4.01169
7.557942e-007,4.00698
7.561942e-007,4.02345
7.565942e-007,4.02345
7.569942e-007,4.00933
7.573942e-007,4.00933
7.577942e-007,4.00698
7.581942e-007,4.02345
7.585942e-007,4.02345
7.589942e-007,4.03992
7.593942e-007,4.03286
7.597942e-007,4.0258
7.601942e-007,4.01639
7.605942e-007,4.00933
7.609942e-007,4.00933
7.613942e-007,4.01169
7.617942e-007,4.01404
7.621942e-007,4.01404
7.625942e-007,4.00227
7.629942e-007,4.00227
7.633942e-007,4.00933
7.637942e-007,4.02816
7.641942e-007,4.01404
7.645942e-007,4.01874
7.649942e-007,4.01404
7.653942e-007,4.00698
7.657942e-007,4.01404
7.661942e-007,3.99992
7.665942e-007,4.00933
7.669942e-007,4.02345
7.673942e-007,4.03051
7.677942e-007,4.0258
7.681942e-007,4.01874
7.685942e-007,4.0211
7.689942e-007,4.03757
7.693942e-007,4.0258
7.697942e-007,4.0258
7.701942e-007,4.0211
7.705942e-007,4.01639
7.709942e-007,4.01169
7.713942e-007,4.00698
7.717942e-007,4.01404
7.721942e-007,4.00463
7.725942e-007,4.00933
7.729942e-007,4.01639
7.733942e-007,4.01874
7.737942e-007,4.0258
7.741942e-007,4.03992
7.745942e-007,4.0258
7.749942e-007,3.98816
7.753942e-007,3.89169
7.757942e-007,3.70111
7.761942e-007,3.43523
7.765942e-007,3.11053
7.769942e-007,2.72937
7.773942e-007,2.33408
7.777942e-007,1.95056
7.781942e-007,1.57646
7.785942e-007,1.25176
7.789942e-007,0.96706
7.793942e-007,0.727066
7.797942e-007,0.548247
7.801942e-007,0.39531
7.805942e-007,0.282372
7.809942e-007,0.200021
7.813942e-007,0.122376
7.817942e-007,0.0800242
7.821942e-007,0.0541426
7.825942e-007,0.0353195
7.829942e-007,0.00708499
7.833942e-007,0.0141436
7.837942e-007,-0.00232653
7.841942e-007,-0.011738
7.845942e-007,-0.0235024
7.849942e-007,-0.032914
7.853942e-007,-0.0470312
7.857942e-007,-0.051737
7.861942e-007,-0.0752658
7.865942e-007,-0.0729129
7.869942e-007,-0.0846773
7.873942e-007,-0.0940888
7.877942e-007,-0.0964417
7.881942e-007,-0.0987946
7.885942e-007,-0.112912
7.889942e-007,-0.101147
7.893942e-007,-0.0987946
7.897942e-007,-0.108206
7.901942e-007,-0.105853
7.905942e-007,-0.0917359
7.909942e-007,-0.0987946
7.913942e-007,-0.122323
7.917942e-007,-0.117618
7.921942e-007,-0.112912
7.925942e-007,-0.108206
7.929942e-007,-0.110559
7.933942e-007,-0.115265
7.937942e-007,-0.134088
7.941942e-007,-0.11997
7.945942e-007,-0.11997
7.949942e-007,-0.122323
7.953942e-007,-0.115265
7.957942e-007,-0.11997
7.961942e-007,-0.127029
7.965942e-007,-0.124676
7.969942e-007,-0.122323
7.973942e-007,-0.124676
7.977942e-007,-0.112912
7.981942e-007,-0.105853
7.985942e-007,-0.0940888
7.989942e-007,-0.0964417
7.993942e-007,-0.0846773
7.997942e-007,-0.0964417
8.001942e-007,-0.0846773
