LECROYWS4104HD,18971,Waveform
Segments,1,SegmentSize,2502
Segment,TrigTime,TimeSinceSegment1
#1,14-Jan-2025 18:32:50,0                 
Time,Ampl
-2.002058e-007,0.0212023
-1.998058e-007,0.025908
-1.994058e-007,0.0188494
-1.990058e-007,0.0188494
-1.986058e-007,0.0212023
-1.982058e-007,0.025908
-1.978058e-007,0.0212023
-1.974058e-007,0.00943787
-1.970058e-007,0.0235551
-1.966058e-007,0.0188494
-1.962058e-007,0.0164965
-1.958058e-007,0.0141436
-1.954058e-007,0.0188494
-1.950058e-007,0.0117907
-1.946058e-007,0.0188494
-1.942058e-007,0.025908
-1.938058e-007,0.0117907
-1.934058e-007,0.0212023
-1.930058e-007,0.00708499
-1.926058e-007,0.00943787
-1.922058e-007,0.0188494
-1.918058e-007,0.00943787
-1.914058e-007,0.0212023
-1.910058e-007,0.0164965
-1.906058e-007,0.0164965
-1.902058e-007,0.0164965
-1.898058e-007,0.025908
-1.894058e-007,0.00708499
-1.890058e-007,0.0117907
-1.886058e-007,0.00943787
-1.882058e-007,0.0164965
-1.878058e-007,0.0188494
-1.874058e-007,0.0235551
-1.870058e-007,0.0188494
-1.866058e-007,0.0188494
-1.862058e-007,0.0117907
-1.858058e-007,0.025908
-1.854058e-007,0.0235551
-1.850058e-007,0.0188494
-1.846058e-007,0.0188494
-1.842058e-007,0.00943787
-1.838058e-007,0.00943787
-1.834058e-007,0.0188494
-1.830058e-007,0.0117907
-1.826058e-007,0.00708499
-1.822058e-007,0.0117907
-1.818058e-007,0.0141436
-1.814058e-007,0.0188494
-1.810058e-007,0.0212023
-1.806058e-007,0.0141436
-1.802058e-007,0.0164965
-1.798058e-007,0.0141436
-1.794058e-007,0.0212023
-1.790058e-007,0.00943787
-1.786058e-007,0.0212023
-1.782058e-007,0.025908
-1.778058e-007,0.0141436
-1.774058e-007,0.0141436
-1.770058e-007,0.0141436
-1.766058e-007,0.00943787
-1.762058e-007,0.00943787
-1.758058e-007,0.0164965
-1.754058e-007,0.0235551
-1.750058e-007,0.0141436
-1.746058e-007,0.025908
-1.742058e-007,0.0141436
-1.738058e-007,0.025908
-1.734058e-007,0.0141436
-1.730058e-007,0.0212023
-1.726058e-007,0.0188494
-1.722058e-007,0.0164965
-1.718058e-007,0.00943787
-1.714058e-007,0.0212023
-1.710058e-007,0.00708499
-1.706058e-007,0.0164965
-1.702058e-007,0.00943787
-1.698058e-007,0.0188494
-1.694058e-007,0.00708499
-1.690058e-007,0.0141436
-1.686058e-007,0.0188494
-1.682058e-007,0.00943787
-1.678058e-007,0.0141436
-1.674058e-007,0.0141436
-1.670058e-007,0.00943787
-1.666058e-007,0.0188494
-1.662058e-007,0.0164965
-1.658058e-007,0.0141436
-1.654058e-007,0.0164965
-1.650058e-007,0.0117907
-1.646058e-007,0.0164965
-1.642058e-007,0.0212023
-1.638058e-007,0.0164965
-1.634058e-007,0.0117907
-1.630058e-007,0.0164965
-1.626058e-007,0.0164965
-1.622058e-007,0.00708499
-1.618058e-007,0.0188494
-1.614058e-007,0.0164965
-1.610058e-007,0.00473211
-1.606058e-007,0.00943787
-1.602058e-007,0.0235551
-1.598058e-007,0.0212023
-1.594058e-007,0.0188494
-1.590058e-007,0.0164965
-1.586058e-007,0.00943787
-1.582058e-007,0.0141436
-1.578058e-007,0.0212023
-1.574058e-007,0.0117907
-1.570058e-007,0.00708499
-1.566058e-007,0.0164965
-1.562058e-007,0.0164965
-1.558058e-007,0.0188494
-1.554058e-007,0.0212023
-1.550058e-007,0.0117907
-1.546058e-007,0.0164965
-1.542058e-007,0.0141436
-1.538058e-007,0.0141436
-1.534058e-007,0.00708499
-1.530058e-007,0.025908
-1.526058e-007,0.0117907
-1.522058e-007,0.0188494
-1.518058e-007,0.00473211
-1.514058e-007,0.0141436
-1.510058e-007,0.0188494
-1.506058e-007,0.0164965
-1.502058e-007,0.0212023
-1.498058e-007,0.0282609
-1.494058e-007,0.0164965
-1.490058e-007,0.0117907
-1.486058e-007,0.0141436
-1.482058e-007,0.0188494
-1.478058e-007,0.0141436
-1.474058e-007,0.0235551
-1.470058e-007,0.025908
-1.466058e-007,0.0212023
-1.462058e-007,0.00943787
-1.458058e-007,0.0235551
-1.454058e-007,0.0141436
-1.450058e-007,0.0164965
-1.446058e-007,0.0141436
-1.442058e-007,0.0212023
-1.438058e-007,0.025908
-1.434058e-007,0.0117907
-1.430058e-007,0.025908
-1.426058e-007,0.0188494
-1.422058e-007,0.0117907
-1.418058e-007,0.0117907
-1.414058e-007,0.00943787
-1.410058e-007,0.0306138
-1.406058e-007,0.0235551
-1.402058e-007,0.00943787
-1.398058e-007,0.0141436
-1.394058e-007,0.00708499
-1.390058e-007,0.0164965
-1.386058e-007,0.025908
-1.382058e-007,0.0188494
-1.378058e-007,0.0117907
-1.374058e-007,0.00943787
-1.370058e-007,0.025908
-1.366058e-007,0.0188494
-1.362058e-007,0.0164965
-1.358058e-007,0.00943787
-1.354058e-007,0.0141436
-1.350058e-007,0.0212023
-1.346058e-007,0.0212023
-1.342058e-007,0.0164965
-1.338058e-007,0.0306138
-1.334058e-007,0.0188494
-1.330058e-007,0.0141436
-1.326058e-007,0.00943787
-1.322058e-007,0.025908
-1.318058e-007,0.00943787
-1.314058e-007,0.0188494
-1.310058e-007,0.0141436
-1.306058e-007,0.0188494
-1.302058e-007,0.0117907
-1.298058e-007,0.0212023
-1.294058e-007,0.0141436
-1.290058e-007,0.0188494
-1.286058e-007,0.0141436
-1.282058e-007,0.0164965
-1.278058e-007,0.0141436
-1.274058e-007,0.025908
-1.270058e-007,0.0141436
-1.266058e-007,0.0117907
-1.262058e-007,0.00943787
-1.258058e-007,0.0188494
-1.254058e-007,0.0235551
-1.250058e-007,0.0141436
-1.246058e-007,0.0164965
-1.242058e-007,0.0235551
-1.238058e-007,0.0117907
-1.234058e-007,0.0188494
-1.230058e-007,0.0141436
-1.226058e-007,0.0164965
-1.222058e-007,0.0188494
-1.218058e-007,0.0212023
-1.214058e-007,0.0117907
-1.210058e-007,0.0141436
-1.206058e-007,0.00943787
-1.202058e-007,0.0306138
-1.198058e-007,0.00473211
-1.194058e-007,0.0117907
-1.190058e-007,0.0188494
-1.186058e-007,0.0212023
-1.182058e-007,0.0117907
-1.178058e-007,0.0188494
-1.174058e-007,0.0164965
-1.170058e-007,0.0117907
-1.166058e-007,0.0212023
-1.162058e-007,0.0117907
-1.158058e-007,0.0164965
-1.154058e-007,0.0117907
-1.150058e-007,0.0188494
-1.146058e-007,0.0212023
-1.142058e-007,0.0212023
-1.138058e-007,0.0141436
-1.134058e-007,0.0141436
-1.130058e-007,0.0188494
-1.126058e-007,0.0164965
-1.122058e-007,0.0117907
-1.118058e-007,0.0188494
-1.114058e-007,0.0141436
-1.110058e-007,0.0164965
-1.106058e-007,0.0235551
-1.102058e-007,0.0235551
-1.098058e-007,0.0164965
-1.094058e-007,0.0188494
-1.090058e-007,0.0141436
-1.086058e-007,0.0188494
-1.082058e-007,0.0164965
-1.078058e-007,0.0141436
-1.074058e-007,0.0141436
-1.070058e-007,0.00943787
-1.066058e-007,0.0188494
-1.062058e-007,0.0141436
-1.058058e-007,0.0188494
-1.054058e-007,0.0212023
-1.050058e-007,0.0188494
-1.046058e-007,0.0188494
-1.042058e-007,0.0164965
-1.038058e-007,0.0117907
-1.034058e-007,0.0235551
-1.030058e-007,0.0164965
-1.026058e-007,0.0212023
-1.022058e-007,0.00473211
-1.018058e-007,0.0188494
-1.014058e-007,0.0141436
-1.010058e-007,0.0141436
-1.006058e-007,0.00473211
-1.002058e-007,0.0329667
-9.98058e-008,0.0235551
-9.94058e-008,0.0188494
-9.90058e-008,0.0235551
-9.86058e-008,0.0282609
-9.82058e-008,0.00943787
-9.78058e-008,0.0141436
-9.74058e-008,0.00473211
-9.70058e-008,0.0164965
-9.66058e-008,0.00943787
-9.62058e-008,0.0282609
-9.58058e-008,0.025908
-9.54058e-008,0.025908
-9.50058e-008,0.0188494
-9.46058e-008,0.0212023
-9.42058e-008,0.00473211
-9.38058e-008,0.0282609
-9.34058e-008,0.00943787
-9.30058e-008,0.0141436
-9.26058e-008,0.00708499
-9.22058e-008,0.0141436
-9.18058e-008,0.0188494
-9.14058e-008,0.0164965
-9.10058e-008,0.0141436
-9.06058e-008,0.00943787
-9.02058e-008,0.0188494
-8.98058e-008,0.0212023
-8.94058e-008,0.0212023
-8.90058e-008,0.0141436
-8.86058e-008,0.0164965
-8.82058e-008,0.0117907
-8.78058e-008,0.0117907
-8.74058e-008,0.0212023
-8.70058e-008,0.0141436
-8.66058e-008,0.0164965
-8.62058e-008,0.0164965
-8.58058e-008,0.0212023
-8.54058e-008,0.0164965
-8.50058e-008,0.0141436
-8.46058e-008,0.0141436
-8.42058e-008,0.0117907
-8.38058e-008,0.00943787
-8.34058e-008,0.0235551
-8.30058e-008,0.0212023
-8.26058e-008,0.0212023
-8.22058e-008,0.00708499
-8.18058e-008,0.00943787
-8.14058e-008,0.00943787
-8.10058e-008,0.0164965
-8.06058e-008,0.0117907
-8.02058e-008,0.0117907
-7.98058e-008,0.0117907
-7.94058e-008,0.0141436
-7.90058e-008,0.00943787
-7.86058e-008,0.0188494
-7.82058e-008,0.0164965
-7.78058e-008,0.0188494
-7.74058e-008,0.0141436
-7.70058e-008,0.0282609
-7.66058e-008,0.0117907
-7.62058e-008,0.0188494
-7.58058e-008,0.0164965
-7.54058e-008,0.0117907
-7.50058e-008,0.0164965
-7.46058e-008,0.0235551
-7.42058e-008,0.0141436
-7.38058e-008,0.0164965
-7.34058e-008,0.0212023
-7.30058e-008,0.0353195
-7.26058e-008,0.00943787
-7.22058e-008,0.0141436
-7.18058e-008,0.0141436
-7.14058e-008,0.0141436
-7.10058e-008,0.0117907
-7.06058e-008,0.0164965
-7.02058e-008,0.0212023
-6.98058e-008,0.0212023
-6.94058e-008,0.0117907
-6.90058e-008,0.0188494
-6.86058e-008,0.0164965
-6.82058e-008,0.0164965
-6.78058e-008,0.00708499
-6.74058e-008,0.0212023
-6.70058e-008,0.0212023
-6.66058e-008,0.0188494
-6.62058e-008,0.025908
-6.58058e-008,0.0164965
-6.54058e-008,0.0164965
-6.50058e-008,0.00943787
-6.46058e-008,0.00943787
-6.42058e-008,0.0188494
-6.38058e-008,0.0188494
-6.34058e-008,0.0188494
-6.30058e-008,0.0164965
-6.26058e-008,0.0117907
-6.22058e-008,0.0212023
-6.18058e-008,0.0188494
-6.14058e-008,0.00943787
-6.10058e-008,0.0164965
-6.06058e-008,0.0164965
-6.02058e-008,0.0212023
-5.98058e-008,0.0141436
-5.94058e-008,0.0235551
-5.90058e-008,0.0188494
-5.86058e-008,0.0141436
-5.82058e-008,0.0188494
-5.78058e-008,0.0212023
-5.74058e-008,0.0164965
-5.70058e-008,0.0141436
-5.66058e-008,0.00943787
-5.62058e-008,0.00708499
-5.58058e-008,0.0164965
-5.54058e-008,0.0212023
-5.50058e-008,0.00708499
-5.46058e-008,0.0117907
-5.42058e-008,0.00708499
-5.38058e-008,0.0212023
-5.34058e-008,0.0117907
-5.30058e-008,0.0235551
-5.26058e-008,0.0117907
-5.22058e-008,0.00473211
-5.18058e-008,0.0164965
-5.14058e-008,0.0212023
-5.10058e-008,0.0164965
-5.06058e-008,0.025908
-5.02058e-008,0.0188494
-4.98058e-008,0.0141436
-4.94058e-008,0.00237923
-4.90058e-008,0.0188494
-4.86058e-008,0.00708499
-4.82058e-008,0.00943787
-4.78058e-008,0.0164965
-4.74058e-008,0.0188494
-4.70058e-008,0.0164965
-4.66058e-008,0.0164965
-4.62058e-008,0.0164965
-4.58058e-008,0.0188494
-4.54058e-008,0.025908
-4.50058e-008,0.025908
-4.46058e-008,0.0188494
-4.42058e-008,0.0212023
-4.38058e-008,0.0117907
-4.34058e-008,0.0282609
-4.30058e-008,0.0141436
-4.26058e-008,0.00943787
-4.22058e-008,0.00943787
-4.18058e-008,0.0164965
-4.14058e-008,0.0117907
-4.10058e-008,0.0117907
-4.06058e-008,0.0164965
-4.02058e-008,0.0164965
-3.98058e-008,0.0235551
-3.94058e-008,0.0164965
-3.90058e-008,0.0164965
-3.86058e-008,0.0164965
-3.82058e-008,0.0164965
-3.78058e-008,0.0141436
-3.74058e-008,0.0188494
-3.70058e-008,0.00708499
-3.66058e-008,0.0141436
-3.62058e-008,0.025908
-3.58058e-008,0.0141436
-3.54058e-008,0.0282609
-3.50058e-008,0.0188494
-3.46058e-008,0.0212023
-3.42058e-008,0.0188494
-3.38058e-008,0.0141436
-3.34058e-008,0.0188494
-3.30058e-008,0.0117907
-3.26058e-008,0.00943787
-3.22058e-008,0.0235551
-3.18058e-008,0.0164965
-3.14058e-008,0.0235551
-3.10058e-008,0.00943787
-3.06058e-008,0.0235551
-3.02058e-008,0.0164965
-2.98058e-008,0.0141436
-2.94058e-008,0.00473211
-2.90058e-008,0.0164965
-2.86058e-008,0.0188494
-2.82058e-008,0.0164965
-2.78058e-008,0.0188494
-2.74058e-008,0.0188494
-2.70058e-008,0.0117907
-2.66058e-008,0.0141436
-2.62058e-008,0.0141436
-2.58058e-008,0.0117907
-2.54058e-008,0.0188494
-2.50058e-008,0.0188494
-2.46058e-008,0.00943787
-2.42058e-008,0.00473211
-2.38058e-008,0.00708499
-2.34058e-008,0.025908
-2.30058e-008,0.0188494
-2.26058e-008,0.0141436
-2.22058e-008,0.0282609
-2.18058e-008,0.0282609
-2.14058e-008,0.0117907
-2.10058e-008,0.0141436
-2.06058e-008,0.0212023
-2.02058e-008,0.0188494
-1.98058e-008,0.00708499
-1.94058e-008,0.0188494
-1.90058e-008,0.0235551
-1.86058e-008,0.025908
-1.82058e-008,0.0117907
-1.78058e-008,0.0212023
-1.74058e-008,0.0235551
-1.70058e-008,0.0188494
-1.66058e-008,0.0188494
-1.62058e-008,0.0188494
-1.58058e-008,0.0212023
-1.54058e-008,0.0164965
-1.50058e-008,0.0164965
-1.46058e-008,0.0212023
-1.42058e-008,0.0212023
-1.38058e-008,0.0141436
-1.34058e-008,0.00708499
-1.30058e-008,0.0164965
-1.26058e-008,0.0117907
-1.22058e-008,0.0141436
-1.18058e-008,0.0164965
-1.14058e-008,0.0212023
-1.10058e-008,0.0141436
-1.06058e-008,0.0212023
-1.02058e-008,0.0141436
-9.8058e-009,0.00943787
-9.4058e-009,0.0117907
-9.0058e-009,0.0164965
-8.6058e-009,0.0164965
-8.2058e-009,0.0235551
-7.8058e-009,0.0141436
-7.4058e-009,0.00943787
-7.0058e-009,0.00708499
-6.6058e-009,0.0282609
-6.2058e-009,0.0188494
-5.8058e-009,0.0188494
-5.4058e-009,0.0141436
-5.0058e-009,0.00473211
-4.6058e-009,0.00943787
-4.2058e-009,0.0212023
-3.8058e-009,0.0117907
-3.4058e-009,0.0212023
-3.0058e-009,0.00473211
-2.6058e-009,0.0329667
-2.2058e-009,0.0870829
-1.8058e-009,0.230609
-1.4058e-009,0.407074
-1.0058e-009,0.647068
-6.058e-010,0.955295
-2.058e-010,1.30117
1.942e-010,1.63998
5.942e-010,1.99527
9.942e-010,2.29408
1.3942e-009,2.58584
1.7942e-009,2.83995
2.1942e-009,3.07289
2.5942e-009,3.25641
2.9942e-009,3.41641
3.3942e-009,3.53876
3.7942e-009,3.64934
4.1942e-009,3.71522
4.5942e-009,3.78816
4.9942e-009,3.84228
5.3942e-009,3.88228
5.7942e-009,3.90581
6.1942e-009,3.95051
6.5942e-009,3.96933
6.9942e-009,3.97639
7.3942e-009,3.99757
7.7942e-009,4.01404
8.1942e-009,4.02816
8.5942e-009,4.03051
8.9942e-009,4.04463
9.3942e-009,4.04698
9.7942e-009,4.06345
1.01942e-008,4.07286
1.05942e-008,4.08698
1.09942e-008,4.08933
1.13942e-008,4.09168
1.17942e-008,4.1058
1.21942e-008,4.1058
1.25942e-008,4.11992
1.29942e-008,4.11756
1.33942e-008,4.12227
1.37942e-008,4.13639
1.41942e-008,4.14109
1.45942e-008,4.13874
1.49942e-008,4.1458
1.53942e-008,4.14109
1.57942e-008,4.14345
1.61942e-008,4.13874
1.65942e-008,4.14345
1.69942e-008,4.14815
1.73942e-008,4.15521
1.77942e-008,4.16462
1.81942e-008,4.15992
1.85942e-008,4.15756
1.89942e-008,4.17168
1.93942e-008,4.16227
1.97942e-008,4.18109
2.01942e-008,4.17168
2.05942e-008,4.16933
2.09942e-008,4.17168
2.13942e-008,4.19286
2.17942e-008,4.17874
2.21942e-008,4.1905
2.25942e-008,4.19756
2.29942e-008,4.19756
2.33942e-008,4.19286
2.37942e-008,4.19992
2.41942e-008,4.19756
2.45942e-008,4.21168
2.49942e-008,4.20933
2.53942e-008,4.21403
2.57942e-008,4.21168
2.61942e-008,4.21874
2.65942e-008,4.20933
2.69942e-008,4.19756
2.73942e-008,4.20697
2.77942e-008,4.21168
2.81942e-008,4.21639
2.85942e-008,4.22109
2.89942e-008,4.21639
2.93942e-008,4.21874
2.97942e-008,4.20697
3.01942e-008,4.22109
3.05942e-008,4.21403
3.09942e-008,4.21639
3.13942e-008,4.22109
3.17942e-008,4.2258
3.21942e-008,4.23286
3.25942e-008,4.2305
3.29942e-008,4.24227
3.33942e-008,4.23991
3.37942e-008,4.2258
3.41942e-008,4.22815
3.45942e-008,4.2305
3.49942e-008,4.23521
3.53942e-008,4.23521
3.57942e-008,4.22815
3.61942e-008,4.24933
3.65942e-008,4.23991
3.69942e-008,4.25168
3.73942e-008,4.24462
3.77942e-008,4.23286
3.81942e-008,4.23991
3.85942e-008,4.23991
3.89942e-008,4.24227
3.93942e-008,4.24227
3.97942e-008,4.24227
4.01942e-008,4.24227
4.05942e-008,4.24933
4.09942e-008,4.23756
4.13942e-008,4.23756
4.17942e-008,4.24697
4.21942e-008,4.24933
4.25942e-008,4.25168
4.29942e-008,4.25638
4.33942e-008,4.26815
4.37942e-008,4.25638
4.41942e-008,4.25874
4.45942e-008,4.26815
4.49942e-008,4.25168
4.53942e-008,4.26815
4.57942e-008,4.25168
4.61942e-008,4.25403
4.65942e-008,4.24933
4.69942e-008,4.25403
4.73942e-008,4.24697
4.77942e-008,4.26344
4.81942e-008,4.25874
4.85942e-008,4.25403
4.89942e-008,4.26815
4.93942e-008,4.25403
4.97942e-008,4.26109
5.01942e-008,4.25874
5.05942e-008,4.25638
5.09942e-008,4.26109
5.13942e-008,4.27285
5.17942e-008,4.28227
5.21942e-008,4.26109
5.25942e-008,4.2658
5.29942e-008,4.26109
5.33942e-008,4.2658
5.37942e-008,4.2705
5.41942e-008,4.26344
5.45942e-008,4.26344
5.49942e-008,4.2705
5.53942e-008,4.25168
5.57942e-008,4.25874
5.61942e-008,4.25874
5.65942e-008,4.2705
5.69942e-008,4.25874
5.73942e-008,4.2705
5.77942e-008,4.2658
5.81942e-008,4.25638
5.85942e-008,4.26109
5.89942e-008,4.2705
5.93942e-008,4.25403
5.97942e-008,4.27285
6.01942e-008,4.26109
6.05942e-008,4.2705
6.09942e-008,4.2705
6.13942e-008,4.26109
6.17942e-008,4.2658
6.21942e-008,4.27521
6.25942e-008,4.26815
6.29942e-008,4.2658
6.33942e-008,4.26815
6.37942e-008,4.26344
6.41942e-008,4.27756
6.45942e-008,4.26815
6.49942e-008,4.2705
6.53942e-008,4.27756
6.57942e-008,4.28933
6.61942e-008,4.27991
6.65942e-008,4.2658
6.69942e-008,4.2705
6.73942e-008,4.26109
6.77942e-008,4.27521
6.81942e-008,4.2705
6.85942e-008,4.27521
6.89942e-008,4.27756
6.93942e-008,4.26815
6.97942e-008,4.2705
7.01942e-008,4.28227
7.05942e-008,4.27285
7.09942e-008,4.27285
7.13942e-008,4.2658
7.17942e-008,4.26815
7.21942e-008,4.27756
7.25942e-008,4.2705
7.29942e-008,4.25874
7.33942e-008,4.27521
7.37942e-008,4.27521
7.41942e-008,4.27756
7.45942e-008,4.27756
7.49942e-008,4.27285
7.53942e-008,4.26344
7.57942e-008,4.25874
7.61942e-008,4.26109
7.65942e-008,4.27991
7.69942e-008,4.27285
7.73942e-008,4.28227
7.77942e-008,4.2658
7.81942e-008,4.26344
7.85942e-008,4.26344
7.89942e-008,4.27285
7.93942e-008,4.2705
7.97942e-008,4.27285
8.01942e-008,4.28227
8.05942e-008,4.27521
8.09942e-008,4.26109
8.13942e-008,4.27521
8.17942e-008,4.27521
8.21942e-008,4.28697
8.25942e-008,4.27285
8.29942e-008,4.28933
8.33942e-008,4.27756
8.37942e-008,4.28462
8.41942e-008,4.27285
8.45942e-008,4.28933
8.49942e-008,4.27521
8.53942e-008,4.26815
8.57942e-008,4.27756
8.61942e-008,4.2705
8.65942e-008,4.2705
8.69942e-008,4.2658
8.73942e-008,4.27285
8.77942e-008,4.2705
8.81942e-008,4.28462
8.85942e-008,4.26815
8.89942e-008,4.26815
8.93942e-008,4.27521
8.97942e-008,4.27756
9.01942e-008,4.26344
9.05942e-008,4.28462
9.09942e-008,4.26344
9.13942e-008,4.27285
9.17942e-008,4.27521
9.21942e-008,4.2705
9.25942e-008,4.2705
9.29942e-008,4.2705
9.33942e-008,4.2705
9.37942e-008,4.28697
9.41942e-008,4.27521
9.45942e-008,4.27756
9.49942e-008,4.27285
9.53942e-008,4.27521
9.57942e-008,4.28227
9.61942e-008,4.27756
9.65942e-008,4.27285
9.69942e-008,4.26344
9.73942e-008,4.2705
9.77942e-008,4.27756
9.81942e-008,4.28227
9.85942e-008,4.25168
9.89942e-008,4.2705
9.93942e-008,4.27521
9.97942e-008,4.27521
1.001942e-007,4.27756
1.005942e-007,4.27285
1.009942e-007,4.2705
1.013942e-007,4.2705
1.017942e-007,4.26344
1.021942e-007,4.26815
1.025942e-007,4.27285
1.029942e-007,4.27756
1.033942e-007,4.27521
1.037942e-007,4.26344
1.041942e-007,4.25168
1.045942e-007,4.2658
1.049942e-007,4.2705
1.053942e-007,4.26815
1.057942e-007,4.2705
1.061942e-007,4.2658
1.065942e-007,4.25874
1.069942e-007,4.26815
1.073942e-007,4.26815
1.077942e-007,4.26109
1.081942e-007,4.2658
1.085942e-007,4.27756
1.089942e-007,4.2705
1.093942e-007,4.26109
1.097942e-007,4.27285
1.101942e-007,4.27756
1.105942e-007,4.26109
1.109942e-007,4.26344
1.113942e-007,4.26109
1.117942e-007,4.2658
1.121942e-007,4.2705
1.125942e-007,4.26109
1.129942e-007,4.2705
1.133942e-007,4.27285
1.137942e-007,4.2658
1.141942e-007,4.27285
1.145942e-007,4.2658
1.149942e-007,4.26344
1.153942e-007,4.27521
1.157942e-007,4.26344
1.161942e-007,4.26109
1.165942e-007,4.26344
1.169942e-007,4.26109
1.173942e-007,4.27521
1.177942e-007,4.2658
1.181942e-007,4.26109
1.185942e-007,4.25403
1.189942e-007,4.2658
1.193942e-007,4.2705
1.197942e-007,4.26815
1.201942e-007,4.27285
1.205942e-007,4.25638
1.209942e-007,4.26344
1.213942e-007,4.27521
1.217942e-007,4.26815
1.221942e-007,4.2705
1.225942e-007,4.26344
1.229942e-007,4.2705
1.233942e-007,4.25874
1.237942e-007,4.2705
1.241942e-007,4.25874
1.245942e-007,4.25874
1.249942e-007,4.27285
1.253942e-007,4.26344
1.257942e-007,4.26815
1.261942e-007,4.27285
1.265942e-007,4.2658
1.269942e-007,4.2658
1.273942e-007,4.25403
1.277942e-007,4.26109
1.281942e-007,4.2658
1.285942e-007,4.27521
1.289942e-007,4.2705
1.293942e-007,4.26109
1.297942e-007,4.26344
1.301942e-007,4.2658
1.305942e-007,4.25874
1.309942e-007,4.2658
1.313942e-007,4.2658
1.317942e-007,4.2705
1.321942e-007,4.25874
1.325942e-007,4.26344
1.329942e-007,4.26344
1.333942e-007,4.24933
1.337942e-007,4.22109
1.341942e-007,4.22815
1.345942e-007,4.18345
1.349942e-007,4.18345
1.353942e-007,4.15992
1.357942e-007,4.14345
1.361942e-007,4.12227
1.365942e-007,4.10815
1.369942e-007,4.09404
1.373942e-007,4.07051
1.377942e-007,4.06815
1.381942e-007,4.04463
1.385942e-007,4.04227
1.389942e-007,4.01169
1.393942e-007,4.0258
1.397942e-007,4.01404
1.401942e-007,3.99992
1.405942e-007,4.00227
1.409942e-007,3.99757
1.413942e-007,3.9858
1.417942e-007,3.98345
1.421942e-007,3.97404
1.425942e-007,3.98345
1.429942e-007,3.97639
1.433942e-007,3.97169
1.437942e-007,3.96227
1.441942e-007,3.95522
1.445942e-007,3.96933
1.449942e-007,3.96227
1.453942e-007,3.96463
1.457942e-007,3.96463
1.461942e-007,3.95051
1.465942e-007,3.95522
1.469942e-007,3.95992
1.473942e-007,3.95522
1.477942e-007,3.95051
1.481942e-007,3.94816
1.485942e-007,3.94816
1.489942e-007,3.94345
1.493942e-007,3.93169
1.497942e-007,3.93639
1.501942e-007,3.94345
1.505942e-007,3.93639
1.509942e-007,3.93639
1.513942e-007,3.9411
1.517942e-007,3.93639
1.521942e-007,3.92463
1.525942e-007,3.93404
1.529942e-007,3.93404
1.533942e-007,3.92933
1.537942e-007,3.93639
1.541942e-007,3.9458
1.545942e-007,3.93404
1.549942e-007,3.92933
1.553942e-007,3.92698
1.557942e-007,3.93639
1.561942e-007,3.92228
1.565942e-007,3.92933
1.569942e-007,3.92463
1.573942e-007,3.93639
1.577942e-007,3.91992
1.581942e-007,3.92228
1.585942e-007,3.92228
1.589942e-007,3.93404
1.593942e-007,3.91757
1.597942e-007,3.93639
1.601942e-007,3.91522
1.605942e-007,3.92228
1.609942e-007,3.93169
1.613942e-007,3.93169
1.617942e-007,3.93169
1.621942e-007,3.92463
1.625942e-007,3.92463
1.629942e-007,3.92463
1.633942e-007,3.92228
1.637942e-007,3.91757
1.641942e-007,3.91757
1.645942e-007,3.91992
1.649942e-007,3.92463
1.653942e-007,3.91286
1.657942e-007,3.91992
1.661942e-007,3.92463
1.665942e-007,3.91992
1.669942e-007,3.92463
1.673942e-007,3.91992
1.677942e-007,3.91757
1.681942e-007,3.92933
1.685942e-007,3.92463
1.689942e-007,3.91286
1.693942e-007,3.91286
1.697942e-007,3.9011
1.701942e-007,3.92698
1.705942e-007,3.91757
1.709942e-007,3.91286
1.713942e-007,3.92228
1.717942e-007,3.91286
1.721942e-007,3.91757
1.725942e-007,3.92698
1.729942e-007,3.91992
1.733942e-007,3.91051
1.737942e-007,3.91051
1.741942e-007,3.90345
1.745942e-007,3.90581
1.749942e-007,3.90816
1.753942e-007,3.89875
1.757942e-007,3.91522
1.761942e-007,3.90816
1.765942e-007,3.90581
1.769942e-007,3.90816
1.773942e-007,3.91522
1.777942e-007,3.91522
1.781942e-007,3.90345
1.785942e-007,3.90345
1.789942e-007,3.91286
1.793942e-007,3.91992
1.797942e-007,3.92228
1.801942e-007,3.91286
1.805942e-007,3.91286
1.809942e-007,3.9011
1.813942e-007,3.90816
1.817942e-007,3.90345
1.821942e-007,3.91286
1.825942e-007,3.90581
1.829942e-007,3.91522
1.833942e-007,3.91051
1.837942e-007,3.91757
1.841942e-007,3.92228
1.845942e-007,3.90345
1.849942e-007,3.91051
1.853942e-007,3.91286
1.857942e-007,3.90816
1.861942e-007,3.91992
1.865942e-007,3.92228
1.869942e-007,3.91757
1.873942e-007,3.91757
1.877942e-007,3.91286
1.881942e-007,3.90816
1.885942e-007,3.91051
1.889942e-007,3.91757
1.893942e-007,3.91051
1.897942e-007,3.91522
1.901942e-007,3.90816
1.905942e-007,3.92698
1.909942e-007,3.90816
1.913942e-007,3.91286
1.917942e-007,3.91051
1.921942e-007,3.93169
1.925942e-007,3.90816
1.929942e-007,3.91051
1.933942e-007,3.91051
1.937942e-007,3.91757
1.941942e-007,3.91522
1.945942e-007,3.91286
1.949942e-007,3.91286
1.953942e-007,3.9011
1.957942e-007,3.91051
1.961942e-007,3.91286
1.965942e-007,3.92228
1.969942e-007,3.92228
1.973942e-007,3.92463
1.977942e-007,3.91286
1.981942e-007,3.92228
1.985942e-007,3.92228
1.989942e-007,3.91286
1.993942e-007,3.89875
1.997942e-007,3.91286
2.001942e-007,3.91286
2.005942e-007,3.91286
2.009942e-007,3.91051
2.013942e-007,3.91522
2.017942e-007,3.90345
2.021942e-007,3.91286
2.025942e-007,3.91757
2.029942e-007,3.92228
2.033942e-007,3.91286
2.037942e-007,3.91757
2.041942e-007,3.91522
2.045942e-007,3.91286
2.049942e-007,3.91522
2.053942e-007,3.92698
2.057942e-007,3.91992
2.061942e-007,3.92228
2.065942e-007,3.91522
2.069942e-007,3.91522
2.073942e-007,3.91757
2.077942e-007,3.91286
2.081942e-007,3.91051
2.085942e-007,3.91522
2.089942e-007,3.91286
2.093942e-007,3.91757
2.097942e-007,3.91522
2.101942e-007,3.92463
2.105942e-007,3.92463
2.109942e-007,3.92698
2.113942e-007,3.91051
2.117942e-007,3.91992
2.121942e-007,3.92463
2.125942e-007,3.91757
2.129942e-007,3.92228
2.133942e-007,3.91992
2.137942e-007,3.91286
2.141942e-007,3.91286
2.145942e-007,3.92228
2.149942e-007,3.91286
2.153942e-007,3.91757
2.157942e-007,3.92463
2.161942e-007,3.91522
2.165942e-007,3.91992
2.169942e-007,3.92463
2.173942e-007,3.91757
2.177942e-007,3.91286
2.181942e-007,3.91757
2.185942e-007,3.92463
2.189942e-007,3.92228
2.193942e-007,3.91757
2.197942e-007,3.92228
2.201942e-007,3.91522
2.205942e-007,3.90816
2.209942e-007,3.91522
2.213942e-007,3.93404
2.217942e-007,3.92933
2.221942e-007,3.92463
2.225942e-007,3.92698
2.229942e-007,3.92463
2.233942e-007,3.92463
2.237942e-007,3.93639
2.241942e-007,3.92933
2.245942e-007,3.92698
2.249942e-007,3.91757
2.253942e-007,3.92698
2.257942e-007,3.91522
2.261942e-007,3.92933
2.265942e-007,3.91522
2.269942e-007,3.91522
2.273942e-007,3.92463
2.277942e-007,3.92228
2.281942e-007,3.92698
2.285942e-007,3.92463
2.289942e-007,3.92463
2.293942e-007,3.91757
2.297942e-007,3.91992
2.301942e-007,3.92698
2.305942e-007,3.92698
2.309942e-007,3.93404
2.313942e-007,3.91286
2.317942e-007,3.92463
2.321942e-007,3.91992
2.325942e-007,3.92698
2.329942e-007,3.91757
2.333942e-007,3.92228
2.337942e-007,3.92228
2.341942e-007,3.93639
2.345942e-007,3.91992
2.349942e-007,3.92463
2.353942e-007,3.92228
2.357942e-007,3.92463
2.361942e-007,3.93639
2.365942e-007,3.93169
2.369942e-007,3.91757
2.373942e-007,3.93404
2.377942e-007,3.92228
2.381942e-007,3.92463
2.385942e-007,3.93404
2.389942e-007,3.92933
2.393942e-007,3.93404
2.397942e-007,3.93169
2.401942e-007,3.92698
2.405942e-007,3.92228
2.409942e-007,3.92463
2.413942e-007,3.93169
2.417942e-007,3.92698
2.421942e-007,3.91992
2.425942e-007,3.92463
2.429942e-007,3.93639
2.433942e-007,3.93639
2.437942e-007,3.92463
2.441942e-007,3.93639
2.445942e-007,3.92698
2.449942e-007,3.92933
2.453942e-007,3.93639
2.457942e-007,3.92463
2.461942e-007,3.92463
2.465942e-007,3.92933
2.469942e-007,3.93875
2.473942e-007,3.92933
2.477942e-007,3.94345
2.481942e-007,3.93875
2.485942e-007,3.92933
2.489942e-007,3.93169
2.493942e-007,3.93875
2.497942e-007,3.92228
2.501942e-007,3.92228
2.505942e-007,3.92463
2.509942e-007,3.93639
2.513942e-007,3.92698
2.517942e-007,3.9411
2.521942e-007,3.92933
2.525942e-007,3.92698
2.529942e-007,3.9411
2.533942e-007,3.92933
2.537942e-007,3.92933
2.541942e-007,3.93169
2.545942e-007,3.93404
2.549942e-007,3.93404
2.553942e-007,3.92933
2.557942e-007,3.93639
2.561942e-007,3.93404
2.565942e-007,3.93875
2.569942e-007,3.92463
2.573942e-007,3.94345
2.577942e-007,3.92698
2.581942e-007,3.94345
2.585942e-007,3.92698
2.589942e-007,3.93404
2.593942e-007,3.93404
2.597942e-007,3.93639
2.601942e-007,3.92698
2.605942e-007,3.92463
2.609942e-007,3.93169
2.613942e-007,3.93404
2.617942e-007,3.93639
2.621942e-007,3.93875
2.625942e-007,3.93404
2.629942e-007,3.9411
2.633942e-007,3.9411
2.637942e-007,3.94816
2.641942e-007,3.93639
2.645942e-007,3.93404
2.649942e-007,3.93404
2.653942e-007,3.9458
2.657942e-007,3.94345
2.661942e-007,3.92698
2.665942e-007,3.9458
2.669942e-007,3.93404
2.673942e-007,3.9411
2.677942e-007,3.9458
2.681942e-007,3.9411
2.685942e-007,3.93875
2.689942e-007,3.9458
2.693942e-007,3.9411
2.697942e-007,3.94345
2.701942e-007,3.94816
2.705942e-007,3.95286
2.709942e-007,3.95051
2.713942e-007,3.95522
2.717942e-007,3.95286
2.721942e-007,3.94816
2.725942e-007,3.95992
2.729942e-007,3.95522
2.733942e-007,3.95757
2.737942e-007,3.97169
2.741942e-007,3.95992
2.745942e-007,3.96463
2.749942e-007,3.97875
2.753942e-007,3.96227
2.757942e-007,3.96463
2.761942e-007,3.96463
2.765942e-007,3.96463
2.769942e-007,3.95992
2.773942e-007,3.96463
2.777942e-007,3.95992
2.781942e-007,3.96227
2.785942e-007,3.96227
2.789942e-007,3.96463
2.793942e-007,3.96933
2.797942e-007,3.97639
2.801942e-007,3.97639
2.805942e-007,3.96698
2.809942e-007,3.96698
2.813942e-007,3.96933
2.817942e-007,3.96933
2.821942e-007,3.97169
2.825942e-007,3.97639
2.829942e-007,3.97169
2.833942e-007,3.96698
2.837942e-007,3.97639
2.841942e-007,3.96933
2.845942e-007,3.97169
2.849942e-007,3.97169
2.853942e-007,3.9811
2.857942e-007,3.97169
2.861942e-007,3.96698
2.865942e-007,3.97875
2.869942e-007,3.97169
2.873942e-007,3.98345
2.877942e-007,3.97639
2.881942e-007,3.97169
2.885942e-007,3.96933
2.889942e-007,3.97404
2.893942e-007,3.9858
2.897942e-007,3.97404
2.901942e-007,3.97404
2.905942e-007,3.98345
2.909942e-007,3.9811
2.913942e-007,3.98345
2.917942e-007,3.97169
2.921942e-007,3.97639
2.925942e-007,3.98345
2.929942e-007,3.98345
2.933942e-007,3.9811
2.937942e-007,3.96698
2.941942e-007,3.98345
2.945942e-007,3.97875
2.949942e-007,3.97169
2.953942e-007,3.9858
2.957942e-007,3.9811
2.961942e-007,3.98345
2.965942e-007,3.98816
2.969942e-007,3.97639
2.973942e-007,3.97875
2.977942e-007,3.96463
2.981942e-007,3.97639
2.985942e-007,3.98816
2.989942e-007,3.99522
2.993942e-007,3.98816
2.997942e-007,3.97875
3.001942e-007,3.98816
3.005942e-007,3.99992
3.009942e-007,3.98345
3.013942e-007,3.99051
3.017942e-007,3.97639
3.021942e-007,3.9811
3.025942e-007,3.98816
3.029942e-007,3.98816
3.033942e-007,3.97169
3.037942e-007,3.98345
3.041942e-007,3.97639
3.045942e-007,3.98816
3.049942e-007,3.99286
3.053942e-007,3.97639
3.057942e-007,3.9811
3.061942e-007,3.98816
3.065942e-007,3.98816
3.069942e-007,3.9811
3.073942e-007,3.9858
3.077942e-007,4.00227
3.081942e-007,3.98345
3.085942e-007,3.9811
3.089942e-007,3.98816
3.093942e-007,3.99757
3.097942e-007,3.97875
3.101942e-007,3.98816
3.105942e-007,3.98816
3.109942e-007,3.98816
3.113942e-007,3.9811
3.117942e-007,3.98816
3.121942e-007,3.99286
3.125942e-007,3.99286
3.129942e-007,3.9858
3.133942e-007,3.99051
3.137942e-007,3.9811
3.141942e-007,3.99051
3.145942e-007,3.99757
3.149942e-007,3.9858
3.153942e-007,3.98816
3.157942e-007,3.99286
3.161942e-007,3.98345
3.165942e-007,3.99051
3.169942e-007,3.98345
3.173942e-007,3.98345
3.177942e-007,3.98816
3.181942e-007,3.98816
3.185942e-007,3.99522
3.189942e-007,3.98816
3.193942e-007,3.9858
3.197942e-007,4.00227
3.201942e-007,3.98816
3.205942e-007,3.9858
3.209942e-007,3.98816
3.213942e-007,3.9811
3.217942e-007,3.99992
3.221942e-007,3.99051
3.225942e-007,3.99522
3.229942e-007,3.98345
3.233942e-007,3.99286
3.237942e-007,3.99757
3.241942e-007,3.99757
3.245942e-007,3.99992
3.249942e-007,4.00698
3.253942e-007,3.99757
3.257942e-007,3.99286
3.261942e-007,4.00698
3.265942e-007,3.99286
3.269942e-007,3.98816
3.273942e-007,3.99051
3.277942e-007,3.99757
3.281942e-007,3.99992
3.285942e-007,3.99522
3.289942e-007,3.98345
3.293942e-007,3.99286
3.297942e-007,4.00227
3.301942e-007,3.99286
3.305942e-007,3.99522
3.309942e-007,3.99992
3.313942e-007,3.99051
3.317942e-007,3.99992
3.321942e-007,3.99992
3.325942e-007,3.99757
3.329942e-007,3.9811
3.333942e-007,4.00227
3.337942e-007,3.99757
3.341942e-007,4.00463
3.345942e-007,3.99051
3.349942e-007,4.01169
3.353942e-007,3.99757
3.357942e-007,3.99286
3.361942e-007,3.99522
3.365942e-007,3.99286
3.369942e-007,3.99522
3.373942e-007,3.99286
3.377942e-007,3.99286
3.381942e-007,3.99522
3.385942e-007,4.00227
3.389942e-007,4.00933
3.393942e-007,3.99992
3.397942e-007,4.00463
3.401942e-007,3.99992
3.405942e-007,4.00463
3.409942e-007,3.99992
3.413942e-007,3.99522
3.417942e-007,3.99286
3.421942e-007,3.99051
3.425942e-007,4.00227
3.429942e-007,4.01639
3.433942e-007,3.99992
3.437942e-007,4.00463
3.441942e-007,3.99522
3.445942e-007,3.99051
3.449942e-007,3.98816
3.453942e-007,4.00933
3.457942e-007,4.01169
3.461942e-007,4.00227
3.465942e-007,4.00463
3.469942e-007,4.00227
3.473942e-007,4.00227
3.477942e-007,4.00698
3.481942e-007,3.99992
3.485942e-007,3.99757
3.489942e-007,3.99992
3.493942e-007,4.00227
3.497942e-007,4.00227
3.501942e-007,4.00463
3.505942e-007,4.01169
3.509942e-007,4.00227
3.513942e-007,4.00227
3.517942e-007,4.01874
3.521942e-007,4.00933
3.525942e-007,3.99992
3.529942e-007,3.99051
3.533942e-007,3.99992
3.537942e-007,4.00227
3.541942e-007,3.99992
3.545942e-007,3.99286
3.549942e-007,3.99992
3.553942e-007,3.99992
3.557942e-007,3.99992
3.561942e-007,4.00698
3.565942e-007,4.01169
3.569942e-007,4.00698
3.573942e-007,4.00463
3.577942e-007,3.99992
3.581942e-007,3.99522
3.585942e-007,3.99051
3.589942e-007,4.00698
3.593942e-007,4.00933
3.597942e-007,3.99992
3.601942e-007,3.99992
3.605942e-007,4.00227
3.609942e-007,4.00463
3.613942e-007,4.00463
3.617942e-007,4.00227
3.621942e-007,4.00933
3.625942e-007,4.00933
3.629942e-007,3.99286
3.633942e-007,4.00227
3.637942e-007,3.99992
3.641942e-007,4.00463
3.645942e-007,4.01404
3.649942e-007,4.00933
3.653942e-007,4.01169
3.657942e-007,4.01404
3.661942e-007,4.01404
3.665942e-007,4.00698
3.669942e-007,4.00933
3.673942e-007,4.00463
3.677942e-007,4.00463
3.681942e-007,4.00698
3.685942e-007,3.99757
3.689942e-007,4.00463
3.693942e-007,4.00463
3.697942e-007,4.01874
3.701942e-007,4.00227
3.705942e-007,3.99522
3.709942e-007,4.01404
3.713942e-007,4.01169
3.717942e-007,4.00933
3.721942e-007,4.00463
3.725942e-007,4.00227
3.729942e-007,4.00698
3.733942e-007,4.01169
3.737942e-007,3.99992
3.741942e-007,4.00463
3.745942e-007,4.00698
3.749942e-007,4.01404
3.753942e-007,4.00463
3.757942e-007,4.01639
3.761942e-007,4.01639
3.765942e-007,4.01169
3.769942e-007,4.01639
3.773942e-007,4.01874
3.777942e-007,4.01404
3.781942e-007,4.01639
3.785942e-007,3.99757
3.789942e-007,3.99992
3.793942e-007,4.00463
3.797942e-007,4.00933
3.801942e-007,4.00463
3.805942e-007,4.01874
3.809942e-007,4.00698
3.813942e-007,4.00463
3.817942e-007,4.00933
3.821942e-007,4.00933
3.825942e-007,4.01639
3.829942e-007,4.00933
3.833942e-007,4.00933
3.837942e-007,4.00933
3.841942e-007,4.00698
3.845942e-007,4.01404
3.849942e-007,4.0211
3.853942e-007,4.00933
3.857942e-007,4.00698
3.861942e-007,4.01404
3.865942e-007,4.01639
3.869942e-007,4.01169
3.873942e-007,4.00933
3.877942e-007,4.00933
3.881942e-007,4.01169
3.885942e-007,4.00463
3.889942e-007,4.00698
3.893942e-007,4.01639
3.897942e-007,4.00933
3.901942e-007,4.01874
3.905942e-007,4.01169
3.909942e-007,4.0211
3.913942e-007,4.0258
3.917942e-007,4.0211
3.921942e-007,4.01169
3.925942e-007,4.00933
3.929942e-007,4.00933
3.933942e-007,4.01639
3.937942e-007,4.01404
3.941942e-007,3.99757
3.945942e-007,4.01169
3.949942e-007,4.01169
3.953942e-007,4.01639
3.957942e-007,4.00933
3.961942e-007,4.01404
3.965942e-007,4.01874
3.969942e-007,4.01404
3.973942e-007,4.01404
3.977942e-007,4.00698
3.981942e-007,4.01874
3.985942e-007,4.01404
3.989942e-007,4.02345
3.993942e-007,4.01874
3.997942e-007,4.00933
4.001942e-007,4.01639
4.005942e-007,4.01404
4.009942e-007,4.01169
4.013942e-007,4.01639
4.017942e-007,4.01639
4.021942e-007,4.01874
4.025942e-007,4.01404
4.029942e-007,4.01874
4.033942e-007,4.01639
4.037942e-007,4.00698
4.041942e-007,4.01639
4.045942e-007,4.01639
4.049942e-007,4.01404
4.053942e-007,4.00933
4.057942e-007,4.01404
4.061942e-007,4.01874
4.065942e-007,4.01639
4.069942e-007,4.00933
4.073942e-007,4.01874
4.077942e-007,4.01639
4.081942e-007,4.01639
4.085942e-007,4.01639
4.089942e-007,4.01169
4.093942e-007,4.01874
4.097942e-007,4.0211
4.101942e-007,4.01874
4.105942e-007,4.00933
4.109942e-007,4.00933
4.113942e-007,4.01169
4.117942e-007,4.01404
4.121942e-007,4.01639
4.125942e-007,4.01874
4.129942e-007,4.01874
4.133942e-007,4.01404
4.137942e-007,4.01169
4.141942e-007,4.01169
4.145942e-007,4.01404
4.149942e-007,4.00698
4.153942e-007,4.01169
4.157942e-007,4.03051
4.161942e-007,4.00933
4.165942e-007,4.01639
4.169942e-007,4.0258
4.173942e-007,4.0258
4.177942e-007,4.01404
4.181942e-007,4.0211
4.185942e-007,4.01874
4.189942e-007,4.0258
4.193942e-007,4.0211
4.197942e-007,4.00463
4.201942e-007,4.01874
4.205942e-007,4.02345
4.209942e-007,4.0258
4.213942e-007,4.01639
4.217942e-007,4.01874
4.221942e-007,4.01169
4.225942e-007,4.0258
4.229942e-007,4.00933
4.233942e-007,4.01874
4.237942e-007,4.02345
4.241942e-007,4.01404
4.245942e-007,4.01169
4.249942e-007,4.02345
4.253942e-007,4.01874
4.257942e-007,4.01639
4.261942e-007,4.02345
4.265942e-007,4.02345
4.269942e-007,4.01874
4.273942e-007,4.03286
4.277942e-007,4.01639
4.281942e-007,4.01639
4.285942e-007,4.03051
4.289942e-007,4.02345
4.293942e-007,4.02345
4.297942e-007,4.02345
4.301942e-007,4.01639
4.305942e-007,4.01169
4.309942e-007,4.0211
4.313942e-007,4.01404
4.317942e-007,4.01404
4.321942e-007,4.0211
4.325942e-007,4.02345
4.329942e-007,4.02345
4.333942e-007,4.01404
4.337942e-007,4.02345
4.341942e-007,4.02345
4.345942e-007,4.01169
4.349942e-007,4.01404
4.353942e-007,4.0211
4.357942e-007,4.02816
4.361942e-007,4.0211
4.365942e-007,4.01404
4.369942e-007,4.00698
4.373942e-007,4.02816
4.377942e-007,4.0211
4.381942e-007,4.01639
4.385942e-007,4.0258
4.389942e-007,4.01874
4.393942e-007,4.0211
4.397942e-007,4.01874
4.401942e-007,4.0258
4.405942e-007,4.0258
4.409942e-007,4.01639
4.413942e-007,4.03051
4.417942e-007,4.02345
4.421942e-007,4.0211
4.425942e-007,4.0211
4.429942e-007,4.01874
4.433942e-007,4.01874
4.437942e-007,4.0211
4.441942e-007,4.01404
4.445942e-007,4.0211
4.449942e-007,4.02345
4.453942e-007,4.01169
4.457942e-007,4.0258
4.461942e-007,4.0211
4.465942e-007,4.01639
4.469942e-007,4.0211
4.473942e-007,4.01639
4.477942e-007,4.02345
4.481942e-007,4.0258
4.485942e-007,4.03051
4.489942e-007,4.0211
4.493942e-007,4.01874
4.497942e-007,4.0258
4.501942e-007,4.0258
4.505942e-007,4.02345
4.509942e-007,4.01639
4.513942e-007,4.0258
4.517942e-007,4.0211
4.521942e-007,4.0258
4.525942e-007,4.0258
4.529942e-007,4.02816
4.533942e-007,4.0258
4.537942e-007,4.03051
4.541942e-007,4.03051
4.545942e-007,4.0211
4.549942e-007,4.01874
4.553942e-007,4.01874
4.557942e-007,4.01639
4.561942e-007,4.02345
4.565942e-007,4.03521
4.569942e-007,4.01404
4.573942e-007,4.01404
4.577942e-007,4.02816
4.581942e-007,4.02345
4.585942e-007,4.01874
4.589942e-007,4.02345
4.593942e-007,4.0258
4.597942e-007,4.02816
4.601942e-007,4.02345
4.605942e-007,4.01874
4.609942e-007,4.02816
4.613942e-007,4.01874
4.617942e-007,4.02345
4.621942e-007,4.01404
4.625942e-007,4.0211
4.629942e-007,4.01404
4.633942e-007,4.0211
4.637942e-007,4.02816
4.641942e-007,4.01639
4.645942e-007,4.0258
4.649942e-007,4.01639
4.653942e-007,4.02345
4.657942e-007,4.01639
4.661942e-007,4.0258
4.665942e-007,4.02816
4.669942e-007,4.02345
4.673942e-007,4.02345
4.677942e-007,4.01874
4.681942e-007,4.0211
4.685942e-007,4.03757
4.689942e-007,4.02816
4.693942e-007,4.0211
4.697942e-007,4.00933
4.701942e-007,4.02816
4.705942e-007,4.02345
4.709942e-007,4.02816
4.713942e-007,4.03051
4.717942e-007,4.02816
4.721942e-007,4.02816
4.725942e-007,4.0258
4.729942e-007,4.01874
4.733942e-007,4.03286
4.737942e-007,4.0211
4.741942e-007,4.03051
4.745942e-007,4.02345
4.749942e-007,4.01874
4.753942e-007,4.0258
4.757942e-007,4.0258
4.761942e-007,4.01169
4.765942e-007,4.0258
4.769942e-007,4.0258
4.773942e-007,4.03521
4.777942e-007,4.0211
4.781942e-007,4.02345
4.785942e-007,4.02816
4.789942e-007,4.0211
4.793942e-007,4.0258
4.797942e-007,4.02816
4.801942e-007,4.02816
4.805942e-007,4.03051
4.809942e-007,4.01639
4.813942e-007,4.02345
4.817942e-007,4.01639
4.821942e-007,4.0211
4.825942e-007,4.01404
4.829942e-007,4.01874
4.833942e-007,4.02345
4.837942e-007,4.02345
4.841942e-007,4.0211
4.845942e-007,4.0258
4.849942e-007,4.03051
4.853942e-007,4.02345
4.857942e-007,4.0258
4.861942e-007,4.01639
4.865942e-007,4.0211
4.869942e-007,4.01874
4.873942e-007,4.0211
4.877942e-007,4.02816
4.881942e-007,4.0211
4.885942e-007,4.03286
4.889942e-007,4.0211
4.893942e-007,4.0258
4.897942e-007,4.03051
4.901942e-007,4.03051
4.905942e-007,4.01639
4.909942e-007,4.02345
4.913942e-007,4.0258
4.917942e-007,4.03051
4.921942e-007,4.03051
4.925942e-007,4.03286
4.929942e-007,4.02345
4.933942e-007,4.03051
4.937942e-007,4.03051
4.941942e-007,4.03051
4.945942e-007,4.02816
4.949942e-007,4.0258
4.953942e-007,4.01404
4.957942e-007,4.02816
4.961942e-007,4.02345
4.965942e-007,4.0258
4.969942e-007,4.0258
4.973942e-007,4.01639
4.977942e-007,4.03521
4.981942e-007,4.0258
4.985942e-007,4.03051
4.989942e-007,4.01874
4.993942e-007,4.03286
4.997942e-007,4.0258
5.001942e-007,4.03051
5.005942e-007,4.02816
5.009942e-007,4.03286
5.013942e-007,4.03521
5.017942e-007,4.01404
5.021942e-007,4.01639
5.025942e-007,4.00933
5.029942e-007,4.02345
5.033942e-007,4.02816
5.037942e-007,4.03521
5.041942e-007,4.0211
5.045942e-007,4.0211
5.049942e-007,4.01639
5.053942e-007,4.03051
5.057942e-007,4.0258
5.061942e-007,4.03521
5.065942e-007,4.02345
5.069942e-007,4.01874
5.073942e-007,4.02816
5.077942e-007,4.0258
5.081942e-007,4.01874
5.085942e-007,4.0258
5.089942e-007,4.02345
5.093942e-007,4.03286
5.097942e-007,4.02816
5.101942e-007,4.0258
5.105942e-007,4.02816
5.109942e-007,4.02345
5.113942e-007,4.0211
5.117942e-007,4.02816
5.121942e-007,4.03521
5.125942e-007,4.03286
5.129942e-007,4.03521
5.133942e-007,4.01404
5.137942e-007,4.0211
5.141942e-007,4.02345
5.145942e-007,4.01874
5.149942e-007,4.03286
5.153942e-007,4.0258
5.157942e-007,4.03051
5.161942e-007,4.01639
5.165942e-007,4.01404
5.169942e-007,4.0258
5.173942e-007,4.02816
5.177942e-007,4.02345
5.181942e-007,4.03521
5.185942e-007,4.02345
5.189942e-007,4.03051
5.193942e-007,4.03051
5.197942e-007,4.03521
5.201942e-007,4.0211
5.205942e-007,4.02816
5.209942e-007,4.01874
5.213942e-007,4.03521
5.217942e-007,4.03521
5.221942e-007,4.02816
5.225942e-007,4.0258
5.229942e-007,4.03051
5.233942e-007,4.02816
5.237942e-007,4.0258
5.241942e-007,4.0258
5.245942e-007,4.03051
5.249942e-007,4.03286
5.253942e-007,4.03521
5.257942e-007,4.03051
5.261942e-007,4.03521
5.265942e-007,4.0258
5.269942e-007,4.03286
5.273942e-007,4.02345
5.277942e-007,4.0258
5.281942e-007,4.0211
5.285942e-007,4.03286
5.289942e-007,4.03051
5.293942e-007,4.03521
5.297942e-007,4.03521
5.301942e-007,4.03051
5.305942e-007,4.02816
5.309942e-007,4.03992
5.313942e-007,4.0258
5.317942e-007,4.02816
5.321942e-007,4.0258
5.325942e-007,4.03286
5.329942e-007,4.02816
5.333942e-007,4.03051
5.337942e-007,4.01874
5.341942e-007,4.0258
5.345942e-007,4.02816
5.349942e-007,4.02345
5.353942e-007,4.03757
5.357942e-007,4.0258
5.361942e-007,4.04227
5.365942e-007,4.03286
5.369942e-007,4.0258
5.373942e-007,4.03521
5.377942e-007,4.03521
5.381942e-007,4.03992
5.385942e-007,4.0258
5.389942e-007,4.02816
5.393942e-007,4.0211
5.397942e-007,4.02816
5.401942e-007,4.03286
5.405942e-007,4.03521
5.409942e-007,4.03051
5.413942e-007,4.0258
5.417942e-007,4.03051
5.421942e-007,4.02345
5.425942e-007,4.03521
5.429942e-007,4.03051
5.433942e-007,4.02816
5.437942e-007,4.03051
5.441942e-007,4.03051
5.445942e-007,4.0258
5.449942e-007,4.03051
5.453942e-007,4.03051
5.457942e-007,4.01874
5.461942e-007,4.02816
5.465942e-007,4.0258
5.469942e-007,4.02816
5.473942e-007,4.03286
5.477942e-007,4.02816
5.481942e-007,4.03051
5.485942e-007,4.03051
5.489942e-007,4.02816
5.493942e-007,4.02816
5.497942e-007,4.02816
5.501942e-007,4.02816
5.505942e-007,4.03521
5.509942e-007,4.01874
5.513942e-007,4.02345
5.517942e-007,4.02816
5.521942e-007,4.03521
5.525942e-007,4.03992
5.529942e-007,4.02345
5.533942e-007,4.0258
5.537942e-007,4.03051
5.541942e-007,4.03521
5.545942e-007,4.02816
5.549942e-007,4.02816
5.553942e-007,4.04933
5.557942e-007,4.03757
5.561942e-007,4.01639
5.565942e-007,4.03757
5.569942e-007,4.04463
5.573942e-007,4.04463
5.577942e-007,4.01404
5.581942e-007,4.01639
5.585942e-007,4.03992
5.589942e-007,4.02345
5.593942e-007,4.0258
5.597942e-007,4.04463
5.601942e-007,4.04463
5.605942e-007,4.00933
5.609942e-007,4.01639
5.613942e-007,4.02345
5.617942e-007,4.04463
5.621942e-007,4.01874
5.625942e-007,4.04227
5.629942e-007,3.99051
5.633942e-007,4.0258
5.637942e-007,4.03051
5.641942e-007,4.00933
5.645942e-007,4.03757
5.649942e-007,4.0211
5.653942e-007,4.05404
5.657942e-007,4.0211
5.661942e-007,4.01169
5.665942e-007,4.03757
5.669942e-007,4.03051
5.673942e-007,4.06345
5.677942e-007,4.01639
5.681942e-007,4.0211
5.685942e-007,3.99522
5.689942e-007,3.9858
5.693942e-007,4.01404
5.697942e-007,4.06815
5.701942e-007,4.03051
5.705942e-007,4.04698
5.709942e-007,4.05639
5.713942e-007,4.00463
5.717942e-007,4.00933
5.721942e-007,4.05639
5.725942e-007,4.05639
5.729942e-007,4.04698
5.733942e-007,4.02816
5.737942e-007,4.00463
5.741942e-007,4.00698
5.745942e-007,4.02816
5.749942e-007,4.02816
5.753942e-007,4.03992
5.757942e-007,4.03051
5.761942e-007,4.0258
5.765942e-007,3.99286
5.769942e-007,4.00698
5.773942e-007,4.0658
5.777942e-007,4.10815
5.781942e-007,4.03992
5.785942e-007,3.99992
5.789942e-007,3.93639
5.793942e-007,3.91286
5.797942e-007,4.05404
5.801942e-007,4.07051
5.805942e-007,4.11521
5.809942e-007,4.17639
5.813942e-007,4.06815
5.817942e-007,3.93169
5.821942e-007,3.92228
5.825942e-007,4.05639
5.829942e-007,3.99051
5.833942e-007,3.93639
5.837942e-007,4.11051
5.841942e-007,4.03521
5.845942e-007,3.95051
5.849942e-007,4.08698
5.853942e-007,4.21403
5.857942e-007,4.0211
5.861942e-007,4.01874
5.865942e-007,4.05639
5.869942e-007,3.95522
5.873942e-007,3.86816
5.877942e-007,4.08462
5.881942e-007,4.11756
5.885942e-007,3.89169
5.889942e-007,4.03757
5.893942e-007,4.1058
5.897942e-007,4.09874
5.901942e-007,4.01874
5.905942e-007,3.85875
5.909942e-007,3.90345
5.913942e-007,4.16933
5.917942e-007,3.95051
5.921942e-007,4.11756
5.925942e-007,4.32932
5.929942e-007,3.9411
5.933942e-007,3.91757
5.937942e-007,4.15756
5.941942e-007,3.83287
5.945942e-007,3.89639
5.949942e-007,4.2705
5.953942e-007,3.90816
5.957942e-007,3.93404
5.961942e-007,4.05404
5.965942e-007,4.01639
5.969942e-007,4.07051
5.973942e-007,4.10815
5.977942e-007,3.85169
5.981942e-007,3.93169
5.985942e-007,3.96463
5.989942e-007,3.9458
5.993942e-007,4.21874
5.997942e-007,4.28697
6.001942e-007,4.07521
6.005942e-007,3.90345
6.009942e-007,3.82816
6.013942e-007,3.7411
6.017942e-007,3.98816
6.021942e-007,4.12933
6.025942e-007,4.12462
6.029942e-007,4.11756
6.033942e-007,3.97169
6.037942e-007,3.87287
6.041942e-007,4.00933
6.045942e-007,4.00933
6.049942e-007,4.15756
6.053942e-007,4.12227
6.057942e-007,3.80698
6.061942e-007,3.85169
6.065942e-007,4.03521
6.069942e-007,4.15521
6.073942e-007,4.3058
6.077942e-007,4.25168
6.081942e-007,3.86345
6.085942e-007,3.80698
6.089942e-007,3.88934
6.093942e-007,3.96227
6.097942e-007,4.08227
6.101942e-007,3.96227
6.105942e-007,3.82816
6.109942e-007,4.01404
6.113942e-007,3.80228
6.117942e-007,3.83522
6.121942e-007,4.19286
6.125942e-007,4.03521
6.129942e-007,4.0258
6.133942e-007,4.14109
6.137942e-007,3.9411
6.141942e-007,3.91286
6.145942e-007,4.17168
6.149942e-007,4.12227
6.153942e-007,4.03521
6.157942e-007,3.96698
6.161942e-007,3.85404
6.165942e-007,3.88228
6.169942e-007,4.07521
6.173942e-007,4.06345
6.177942e-007,4.09874
6.181942e-007,3.98816
6.185942e-007,3.88698
6.189942e-007,4.0611
6.193942e-007,4.11521
6.197942e-007,4.04227
6.201942e-007,4.15992
6.205942e-007,4.07286
6.209942e-007,3.95522
6.213942e-007,4.09168
6.217942e-007,4.0211
6.221942e-007,3.82581
6.225942e-007,3.95051
6.229942e-007,4.03992
6.233942e-007,4.07521
6.237942e-007,4.07992
6.241942e-007,4.01404
6.245942e-007,4.01169
6.249942e-007,4.12462
6.253942e-007,4.03992
6.257942e-007,3.96463
6.261942e-007,3.99992
6.265942e-007,3.86345
6.269942e-007,3.9011
6.273942e-007,4.18345
6.277942e-007,4.2258
6.281942e-007,4.05168
6.285942e-007,4.03521
6.289942e-007,3.98345
6.293942e-007,4.0258
6.297942e-007,4.07286
6.301942e-007,4.00227
6.305942e-007,3.9811
6.309942e-007,4.05404
6.313942e-007,4.03051
6.317942e-007,3.92698
6.321942e-007,3.91286
6.325942e-007,4.04698
6.329942e-007,4.13639
6.333942e-007,4.11756
6.337942e-007,4.04463
6.341942e-007,3.99051
6.345942e-007,4.00698
6.349942e-007,4.01169
6.353942e-007,4.10815
6.357942e-007,4.16698
6.361942e-007,3.97875
6.365942e-007,3.88228
6.369942e-007,3.9811
6.373942e-007,3.95522
6.377942e-007,4.00698
6.381942e-007,4.01639
6.385942e-007,3.96227
6.389942e-007,4.00933
6.393942e-007,4.0211
6.397942e-007,4.03757
6.401942e-007,4.07992
6.405942e-007,4.14109
6.409942e-007,4.0211
6.413942e-007,4.04227
6.417942e-007,4.0211
6.421942e-007,3.97639
6.425942e-007,3.98345
6.429942e-007,3.99286
6.433942e-007,3.96227
6.437942e-007,4.08462
6.441942e-007,4.09404
6.445942e-007,4.01169
6.449942e-007,4.08933
6.453942e-007,4.07757
6.457942e-007,3.97875
6.461942e-007,3.9858
6.465942e-007,3.95992
6.469942e-007,4.01874
6.473942e-007,4.13639
6.477942e-007,4.04227
6.481942e-007,3.99286
6.485942e-007,4.00463
6.489942e-007,3.9858
6.493942e-007,4.05168
6.497942e-007,4.06345
6.501942e-007,4.00463
6.505942e-007,4.00463
6.509942e-007,4.0658
6.513942e-007,4.0258
6.517942e-007,4.08227
6.521942e-007,4.09404
6.525942e-007,4.03757
6.529942e-007,4.00698
6.533942e-007,3.97169
6.537942e-007,3.95522
6.541942e-007,4.0611
6.545942e-007,4.08462
6.549942e-007,4.04227
6.553942e-007,4.0211
6.557942e-007,4.03521
6.561942e-007,4.01639
6.565942e-007,3.97169
6.569942e-007,3.9858
6.573942e-007,4.01404
6.577942e-007,4.00227
6.581942e-007,4.01639
6.585942e-007,4.07757
6.589942e-007,4.0258
6.593942e-007,4.05639
6.597942e-007,4.04463
6.601942e-007,4.05639
6.605942e-007,4.06345
6.609942e-007,4.05404
6.613942e-007,4.04698
6.617942e-007,3.9811
6.621942e-007,3.99757
6.625942e-007,4.00227
6.629942e-007,4.03286
6.633942e-007,4.04698
6.637942e-007,4.0211
6.641942e-007,3.95522
6.645942e-007,3.98345
6.649942e-007,3.9858
6.653942e-007,4.01639
6.657942e-007,4.09639
6.661942e-007,4.07521
6.665942e-007,4.0658
6.669942e-007,4.04227
6.673942e-007,3.97639
6.677942e-007,3.9858
6.681942e-007,4.01639
6.685942e-007,4.0258
6.689942e-007,4.03051
6.693942e-007,4.00933
6.697942e-007,4.01404
6.701942e-007,3.98816
6.705942e-007,4.02816
6.709942e-007,4.01404
6.713942e-007,4.01639
6.717942e-007,4.03286
6.721942e-007,3.99757
6.725942e-007,4.05404
6.729942e-007,4.07051
6.733942e-007,4.03757
6.737942e-007,4.00463
6.741942e-007,4.04698
6.745942e-007,4.04463
6.749942e-007,4.04463
6.753942e-007,4.03521
6.757942e-007,4.03757
6.761942e-007,3.99051
6.765942e-007,4.0258
6.769942e-007,4.02816
6.773942e-007,4.03286
6.777942e-007,4.01404
6.781942e-007,3.99286
6.785942e-007,4.00227
6.789942e-007,4.02345
6.793942e-007,4.00463
6.797942e-007,4.04463
6.801942e-007,4.06345
6.805942e-007,4.03521
6.809942e-007,4.0611
6.813942e-007,4.04698
6.817942e-007,4.01874
6.821942e-007,4.05404
6.825942e-007,4.06345
6.829942e-007,4.00463
6.833942e-007,3.99286
6.837942e-007,3.99522
6.841942e-007,3.99992
6.845942e-007,4.02345
6.849942e-007,4.05168
6.853942e-007,4.00698
6.857942e-007,4.00933
6.861942e-007,3.99992
6.865942e-007,3.99992
6.869942e-007,4.03286
6.873942e-007,4.0258
6.877942e-007,4.00463
6.881942e-007,3.99051
6.885942e-007,4.0258
6.889942e-007,4.03757
6.893942e-007,4.02816
6.897942e-007,4.0611
6.901942e-007,4.07051
6.905942e-007,3.9858
6.909942e-007,3.99757
6.913942e-007,4.00698
6.917942e-007,3.99757
6.921942e-007,3.98345
6.925942e-007,4.0258
6.929942e-007,4.0211
6.933942e-007,4.02345
6.937942e-007,4.03286
6.941942e-007,4.03286
6.945942e-007,4.01874
6.949942e-007,4.01874
6.953942e-007,3.99522
6.957942e-007,3.99286
6.961942e-007,4.04463
6.965942e-007,4.03992
6.969942e-007,4.01169
6.973942e-007,4.0211
6.977942e-007,3.99757
6.981942e-007,4.00227
6.985942e-007,4.03051
6.989942e-007,4.04933
6.993942e-007,4.03051
6.997942e-007,3.99522
7.001942e-007,4.01169
7.005942e-007,4.05639
7.009942e-007,4.05404
7.013942e-007,4.03521
7.017942e-007,4.01404
7.021942e-007,3.98816
7.025942e-007,3.99522
7.029942e-007,4.02816
7.033942e-007,4.05874
7.037942e-007,4.05874
7.041942e-007,4.04227
7.045942e-007,4.03051
7.049942e-007,4.03051
7.053942e-007,4.04933
7.057942e-007,4.03521
7.061942e-007,4.01404
7.065942e-007,4.00933
7.069942e-007,3.99757
7.073942e-007,3.99992
7.077942e-007,4.01404
7.081942e-007,4.02345
7.085942e-007,4.03521
7.089942e-007,4.01169
7.093942e-007,4.01169
7.097942e-007,4.01639
7.101942e-007,4.0258
7.105942e-007,4.03757
7.109942e-007,4.04227
7.113942e-007,4.03521
7.117942e-007,4.01639
7.121942e-007,4.00227
7.125942e-007,4.00463
7.129942e-007,4.03757
7.133942e-007,4.0258
7.137942e-007,4.00227
7.141942e-007,3.99757
7.145942e-007,4.00698
7.149942e-007,4.00227
7.153942e-007,4.04463
7.157942e-007,4.04698
7.161942e-007,4.00227
7.165942e-007,4.0211
7.169942e-007,4.00933
7.173942e-007,4.00227
7.177942e-007,3.99757
7.181942e-007,4.0258
7.185942e-007,4.0258
7.189942e-007,4.03286
7.193942e-007,4.01639
7.197942e-007,4.01874
7.201942e-007,4.00698
7.205942e-007,4.00933
7.209942e-007,4.01639
7.213942e-007,4.02816
7.217942e-007,4.01874
7.221942e-007,4.01404
7.225942e-007,4.00463
7.229942e-007,4.02345
7.233942e-007,4.00933
7.237942e-007,3.99522
7.241942e-007,4.00698
7.245942e-007,4.0258
7.249942e-007,4.03992
7.253942e-007,4.03757
7.257942e-007,4.04933
7.261942e-007,4.03286
7.265942e-007,4.04698
7.269942e-007,4.03051
7.273942e-007,4.0258
7.277942e-007,4.00463
7.281942e-007,3.99522
7.285942e-007,4.00933
7.289942e-007,4.0211
7.293942e-007,4.03051
7.297942e-007,4.04227
7.301942e-007,4.04227
7.305942e-007,4.01404
7.309942e-007,4.01874
7.313942e-007,4.01404
7.317942e-007,4.01169
7.321942e-007,4.01639
7.325942e-007,4.0258
7.329942e-007,4.03051
7.333942e-007,4.01874
7.337942e-007,4.02816
7.341942e-007,4.04227
7.345942e-007,4.03521
7.349942e-007,4.03051
7.353942e-007,4.02816
7.357942e-007,4.04933
7.361942e-007,4.03992
7.365942e-007,4.04227
7.369942e-007,4.02345
7.373942e-007,3.99992
7.377942e-007,4.00698
7.381942e-007,3.99992
7.385942e-007,3.98345
7.389942e-007,3.99992
7.393942e-007,3.99522
7.397942e-007,4.01404
7.401942e-007,4.05874
7.405942e-007,4.04463
7.409942e-007,4.0258
7.413942e-007,4.01874
7.417942e-007,4.01404
7.421942e-007,4.01874
7.425942e-007,4.01874
7.429942e-007,4.00227
7.433942e-007,4.00933
7.437942e-007,3.99757
7.441942e-007,4.00227
7.445942e-007,4.01404
7.449942e-007,4.0258
7.453942e-007,4.03757
7.457942e-007,4.0258
7.461942e-007,4.03757
7.465942e-007,4.01169
7.469942e-007,4.00698
7.473942e-007,4.01639
7.477942e-007,4.00463
7.481942e-007,4.00463
7.485942e-007,4.00227
7.489942e-007,3.99992
7.493942e-007,4.02345
7.497942e-007,4.03757
7.501942e-007,4.03992
7.505942e-007,4.03521
7.509942e-007,4.01874
7.513942e-007,4.01639
7.517942e-007,4.0211
7.521942e-007,4.03521
7.525942e-007,4.03521
7.529942e-007,4.01404
7.533942e-007,4.01169
7.537942e-007,4.00227
7.541942e-007,4.01404
7.545942e-007,4.00698
7.549942e-007,4.00933
7.553942e-007,4.03286
7.557942e-007,4.03051
7.561942e-007,4.02345
7.565942e-007,4.03521
7.569942e-007,4.03051
7.573942e-007,4.0258
7.577942e-007,4.03286
7.581942e-007,4.02816
7.585942e-007,4.01639
7.589942e-007,4.01404
7.593942e-007,4.00463
7.597942e-007,4.00933
7.601942e-007,4.02816
7.605942e-007,4.03992
7.609942e-007,4.0258
7.613942e-007,4.03051
7.617942e-007,4.01404
7.621942e-007,4.00933
7.625942e-007,3.99992
7.629942e-007,4.00227
7.633942e-007,4.01404
7.637942e-007,4.01639
7.641942e-007,4.01404
7.645942e-007,4.01404
7.649942e-007,4.00933
7.653942e-007,4.00698
7.657942e-007,4.0211
7.661942e-007,4.01404
7.665942e-007,4.02345
7.669942e-007,4.02816
7.673942e-007,4.01404
7.677942e-007,4.01404
7.681942e-007,4.02816
7.685942e-007,4.02816
7.689942e-007,4.00933
7.693942e-007,3.99992
7.697942e-007,3.99757
7.701942e-007,4.01404
7.705942e-007,4.0211
7.709942e-007,4.02345
7.713942e-007,4.01639
7.717942e-007,4.01639
7.721942e-007,4.00227
7.725942e-007,3.99992
7.729942e-007,4.01404
7.733942e-007,4.01404
7.737942e-007,4.00933
7.741942e-007,4.01169
7.745942e-007,4.01404
7.749942e-007,4.00933
7.753942e-007,3.96933
7.757942e-007,3.88463
7.761942e-007,3.67993
7.765942e-007,3.41641
7.769942e-007,3.07995
7.773942e-007,2.69172
7.777942e-007,2.28938
7.781942e-007,1.89409
7.785942e-007,1.54822
7.789942e-007,1.20235
7.793942e-007,0.936472
7.797942e-007,0.715302
7.801942e-007,0.529424
7.805942e-007,0.381193
7.809942e-007,0.263549
7.813942e-007,0.174139
7.817942e-007,0.122376
7.821942e-007,0.0894358
7.825942e-007,0.0517897
7.829942e-007,0.0353195
7.833942e-007,0.0164965
7.837942e-007,-0.00232653
7.841942e-007,-0.00703229
7.845942e-007,-0.0187967
7.849942e-007,-0.0187967
7.853942e-007,-0.0187967
7.857942e-007,-0.0399726
7.861942e-007,-0.0564427
7.865942e-007,-0.0682071
7.869942e-007,-0.0611485
7.873942e-007,-0.0635014
7.877942e-007,-0.0799715
7.881942e-007,-0.0846773
7.885942e-007,-0.1035
7.889942e-007,-0.112912
7.893942e-007,-0.0987946
7.897942e-007,-0.110559
7.901942e-007,-0.110559
7.905942e-007,-0.110559
7.909942e-007,-0.108206
7.913942e-007,-0.0987946
7.917942e-007,-0.0940888
7.921942e-007,-0.0752658
7.925942e-007,-0.0964417
7.929942e-007,-0.112912
7.933942e-007,-0.115265
7.937942e-007,-0.124676
7.941942e-007,-0.117618
7.945942e-007,-0.11997
7.949942e-007,-0.117618
7.953942e-007,-0.112912
7.957942e-007,-0.108206
7.961942e-007,-0.110559
7.965942e-007,-0.110559
7.969942e-007,-0.112912
7.973942e-007,-0.110559
7.977942e-007,-0.117618
7.981942e-007,-0.105853
7.985942e-007,-0.0964417
7.989942e-007,-0.101147
7.993942e-007,-0.0964417
7.997942e-007,-0.105853
8.001942e-007,-0.0964417
