LECROYWS4104HD,18971,Waveform
Segments,1,SegmentSize,2502
Segment,TrigTime,TimeSinceSegment1
#1,14-Jan-2025 18:30:10,0                 
Time,Ampl
-2.002058e-007,0.0212023
-1.998058e-007,0.0212023
-1.994058e-007,0.0117907
-1.990058e-007,0.0164965
-1.986058e-007,0.00943787
-1.982058e-007,0.00943787
-1.978058e-007,0.0164965
-1.974058e-007,0.00943787
-1.970058e-007,0.0141436
-1.966058e-007,0.00943787
-1.962058e-007,0.0164965
-1.958058e-007,0.0235551
-1.954058e-007,0.0141436
-1.950058e-007,0.0235551
-1.946058e-007,0.0164965
-1.942058e-007,0.0141436
-1.938058e-007,0.0235551
-1.934058e-007,0.0188494
-1.930058e-007,0.0235551
-1.926058e-007,0.0141436
-1.922058e-007,0.0188494
-1.918058e-007,0.00473211
-1.914058e-007,0.0164965
-1.910058e-007,0.0117907
-1.906058e-007,0.00708499
-1.902058e-007,0.0235551
-1.898058e-007,0.0212023
-1.894058e-007,0.0329667
-1.890058e-007,0.00473211
-1.886058e-007,0.0117907
-1.882058e-007,0.0212023
-1.878058e-007,0.0188494
-1.874058e-007,0.0282609
-1.870058e-007,0.0164965
-1.866058e-007,0.0188494
-1.862058e-007,0.00708499
-1.858058e-007,0.0164965
-1.854058e-007,0.0164965
-1.850058e-007,0.0164965
-1.846058e-007,0.0235551
-1.842058e-007,0.0212023
-1.838058e-007,0.0164965
-1.834058e-007,0.0235551
-1.830058e-007,0.0212023
-1.826058e-007,0.0164965
-1.822058e-007,0.0212023
-1.818058e-007,0.025908
-1.814058e-007,0.0141436
-1.810058e-007,0.0188494
-1.806058e-007,0.0212023
-1.802058e-007,0.0235551
-1.798058e-007,0.0141436
-1.794058e-007,0.0164965
-1.790058e-007,0.0188494
-1.786058e-007,0.0212023
-1.782058e-007,0.0188494
-1.778058e-007,0.0164965
-1.774058e-007,0.0188494
-1.770058e-007,0.0164965
-1.766058e-007,0.0282609
-1.762058e-007,0.0141436
-1.758058e-007,0.00943787
-1.754058e-007,0.0117907
-1.750058e-007,0.0188494
-1.746058e-007,0.00943787
-1.742058e-007,0.025908
-1.738058e-007,0.0141436
-1.734058e-007,0.0117907
-1.730058e-007,0.0212023
-1.726058e-007,0.0141436
-1.722058e-007,0.0235551
-1.718058e-007,0.0117907
-1.714058e-007,0.0164965
-1.710058e-007,0.0164965
-1.706058e-007,0.00943787
-1.702058e-007,0.0188494
-1.698058e-007,0.0164965
-1.694058e-007,0.0188494
-1.690058e-007,0.0235551
-1.686058e-007,0.0117907
-1.682058e-007,0.025908
-1.678058e-007,0.0188494
-1.674058e-007,0.0235551
-1.670058e-007,0.0141436
-1.666058e-007,0.0164965
-1.662058e-007,0.0117907
-1.658058e-007,0.0164965
-1.654058e-007,0.0212023
-1.650058e-007,0.0141436
-1.646058e-007,0.0141436
-1.642058e-007,0.0329667
-1.638058e-007,0.025908
-1.634058e-007,0.0188494
-1.630058e-007,0.0164965
-1.626058e-007,0.0164965
-1.622058e-007,0.0164965
-1.618058e-007,0.025908
-1.614058e-007,0.0188494
-1.610058e-007,0.0117907
-1.606058e-007,0.0164965
-1.602058e-007,0.0212023
-1.598058e-007,0.00943787
-1.594058e-007,0.00943787
-1.590058e-007,0.0212023
-1.586058e-007,0.0212023
-1.582058e-007,0.0141436
-1.578058e-007,0.0164965
-1.574058e-007,0.0188494
-1.570058e-007,0.0117907
-1.566058e-007,0.0188494
-1.562058e-007,0.0306138
-1.558058e-007,0.0188494
-1.554058e-007,0.0188494
-1.550058e-007,0.0188494
-1.546058e-007,0.0306138
-1.542058e-007,0.0141436
-1.538058e-007,0.025908
-1.534058e-007,0.0141436
-1.530058e-007,0.0235551
-1.526058e-007,0.0212023
-1.522058e-007,0.00943787
-1.518058e-007,0.0212023
-1.514058e-007,0.0164965
-1.510058e-007,0.0212023
-1.506058e-007,0.00943787
-1.502058e-007,0.0117907
-1.498058e-007,0.00708499
-1.494058e-007,0.0117907
-1.490058e-007,0.0141436
-1.486058e-007,0.0212023
-1.482058e-007,0.0164965
-1.478058e-007,0.0212023
-1.474058e-007,0.0188494
-1.470058e-007,0.025908
-1.466058e-007,0.0212023
-1.462058e-007,0.0188494
-1.458058e-007,0.0212023
-1.454058e-007,0.0141436
-1.450058e-007,0.0164965
-1.446058e-007,0.0141436
-1.442058e-007,0.0141436
-1.438058e-007,0.0188494
-1.434058e-007,0.0212023
-1.430058e-007,0.00943787
-1.426058e-007,0.0164965
-1.422058e-007,0.0164965
-1.418058e-007,0.0164965
-1.414058e-007,0.0164965
-1.410058e-007,0.0117907
-1.406058e-007,0.00708499
-1.402058e-007,0.0235551
-1.398058e-007,0.0188494
-1.394058e-007,0.0141436
-1.390058e-007,0.0188494
-1.386058e-007,0.0235551
-1.382058e-007,0.0235551
-1.378058e-007,0.0164965
-1.374058e-007,0.0117907
-1.370058e-007,0.0212023
-1.366058e-007,0.00708499
-1.362058e-007,0.0188494
-1.358058e-007,0.0164965
-1.354058e-007,0.00708499
-1.350058e-007,0.00473211
-1.346058e-007,0.0164965
-1.342058e-007,0.0141436
-1.338058e-007,0.00943787
-1.334058e-007,0.0212023
-1.330058e-007,0.0306138
-1.326058e-007,0.0164965
-1.322058e-007,0.025908
-1.318058e-007,0.0212023
-1.314058e-007,0.00943787
-1.310058e-007,0.0212023
-1.306058e-007,0.0188494
-1.302058e-007,0.00237923
-1.298058e-007,0.0212023
-1.294058e-007,0.0117907
-1.290058e-007,0.0235551
-1.286058e-007,2.63522e-005
-1.282058e-007,0.0117907
-1.278058e-007,0.0188494
-1.274058e-007,0.0212023
-1.270058e-007,0.0188494
-1.266058e-007,0.0164965
-1.262058e-007,0.0329667
-1.258058e-007,0.0141436
-1.254058e-007,0.0282609
-1.250058e-007,0.00943787
-1.246058e-007,0.00943787
-1.242058e-007,0.0117907
-1.238058e-007,0.00943787
-1.234058e-007,0.0188494
-1.230058e-007,0.0188494
-1.226058e-007,0.0117907
-1.222058e-007,0.00473211
-1.218058e-007,0.0164965
-1.214058e-007,0.0188494
-1.210058e-007,0.0188494
-1.206058e-007,0.0188494
-1.202058e-007,0.0141436
-1.198058e-007,0.0164965
-1.194058e-007,0.0235551
-1.190058e-007,0.0188494
-1.186058e-007,0.0164965
-1.182058e-007,0.0212023
-1.178058e-007,0.0282609
-1.174058e-007,0.0164965
-1.170058e-007,0.0141436
-1.166058e-007,0.0141436
-1.162058e-007,0.0164965
-1.158058e-007,0.0141436
-1.154058e-007,0.0164965
-1.150058e-007,0.0212023
-1.146058e-007,0.0235551
-1.142058e-007,0.025908
-1.138058e-007,0.0164965
-1.134058e-007,0.0188494
-1.130058e-007,0.0212023
-1.126058e-007,0.0212023
-1.122058e-007,0.0235551
-1.118058e-007,0.0117907
-1.114058e-007,0.0141436
-1.110058e-007,0.0235551
-1.106058e-007,0.0235551
-1.102058e-007,0.00943787
-1.098058e-007,0.0117907
-1.094058e-007,0.0117907
-1.090058e-007,0.0188494
-1.086058e-007,0.0141436
-1.082058e-007,0.0188494
-1.078058e-007,0.0164965
-1.074058e-007,0.025908
-1.070058e-007,0.0164965
-1.066058e-007,0.025908
-1.062058e-007,0.0212023
-1.058058e-007,0.0188494
-1.054058e-007,0.0188494
-1.050058e-007,0.0141436
-1.046058e-007,0.00708499
-1.042058e-007,0.0212023
-1.038058e-007,0.0117907
-1.034058e-007,0.0353195
-1.030058e-007,0.0141436
-1.026058e-007,0.0212023
-1.022058e-007,0.0188494
-1.018058e-007,0.0117907
-1.014058e-007,0.0188494
-1.010058e-007,0.0117907
-1.006058e-007,0.0164965
-1.002058e-007,0.0117907
-9.98058e-008,0.0164965
-9.94058e-008,0.0117907
-9.90058e-008,0.00708499
-9.86058e-008,0.0212023
-9.82058e-008,0.0188494
-9.78058e-008,0.0141436
-9.74058e-008,0.025908
-9.70058e-008,0.0164965
-9.66058e-008,0.00943787
-9.62058e-008,0.0188494
-9.58058e-008,0.0188494
-9.54058e-008,0.0212023
-9.50058e-008,0.0117907
-9.46058e-008,0.0212023
-9.42058e-008,0.0164965
-9.38058e-008,0.0164965
-9.34058e-008,0.0329667
-9.30058e-008,0.0141436
-9.26058e-008,0.0188494
-9.22058e-008,0.0235551
-9.18058e-008,0.0212023
-9.14058e-008,0.0164965
-9.10058e-008,0.0141436
-9.06058e-008,0.0188494
-9.02058e-008,0.0212023
-8.98058e-008,0.0141436
-8.94058e-008,0.0141436
-8.90058e-008,0.0117907
-8.86058e-008,0.0164965
-8.82058e-008,0.0212023
-8.78058e-008,0.0141436
-8.74058e-008,0.025908
-8.70058e-008,0.025908
-8.66058e-008,0.0188494
-8.62058e-008,0.00943787
-8.58058e-008,0.0164965
-8.54058e-008,0.0188494
-8.50058e-008,0.0188494
-8.46058e-008,0.0117907
-8.42058e-008,0.0212023
-8.38058e-008,0.00473211
-8.34058e-008,0.025908
-8.30058e-008,0.00708499
-8.26058e-008,0.0164965
-8.22058e-008,0.0164965
-8.18058e-008,0.0188494
-8.14058e-008,0.0212023
-8.10058e-008,0.0188494
-8.06058e-008,0.025908
-8.02058e-008,0.0188494
-7.98058e-008,0.0188494
-7.94058e-008,0.025908
-7.90058e-008,0.0188494
-7.86058e-008,0.0164965
-7.82058e-008,0.0141436
-7.78058e-008,0.0212023
-7.74058e-008,0.0164965
-7.70058e-008,0.0164965
-7.66058e-008,0.0141436
-7.62058e-008,0.0188494
-7.58058e-008,0.0141436
-7.54058e-008,0.0212023
-7.50058e-008,0.0164965
-7.46058e-008,0.0212023
-7.42058e-008,0.0141436
-7.38058e-008,0.0117907
-7.34058e-008,0.00943787
-7.30058e-008,0.0164965
-7.26058e-008,0.0212023
-7.22058e-008,0.00943787
-7.18058e-008,0.0188494
-7.14058e-008,0.00708499
-7.10058e-008,0.0164965
-7.06058e-008,0.025908
-7.02058e-008,0.0235551
-6.98058e-008,0.00943787
-6.94058e-008,0.00943787
-6.90058e-008,0.0164965
-6.86058e-008,0.0164965
-6.82058e-008,0.0212023
-6.78058e-008,0.00943787
-6.74058e-008,0.0141436
-6.70058e-008,0.0212023
-6.66058e-008,0.0235551
-6.62058e-008,0.0117907
-6.58058e-008,0.0164965
-6.54058e-008,0.00237923
-6.50058e-008,0.0164965
-6.46058e-008,0.0141436
-6.42058e-008,0.0141436
-6.38058e-008,0.0212023
-6.34058e-008,0.0212023
-6.30058e-008,0.0117907
-6.26058e-008,0.0188494
-6.22058e-008,0.0235551
-6.18058e-008,0.0164965
-6.14058e-008,0.025908
-6.10058e-008,0.0141436
-6.06058e-008,0.0117907
-6.02058e-008,0.0117907
-5.98058e-008,0.0164965
-5.94058e-008,0.0235551
-5.90058e-008,0.0235551
-5.86058e-008,0.00943787
-5.82058e-008,0.0212023
-5.78058e-008,0.0164965
-5.74058e-008,0.0141436
-5.70058e-008,0.0164965
-5.66058e-008,0.0164965
-5.62058e-008,0.0188494
-5.58058e-008,0.0141436
-5.54058e-008,0.0188494
-5.50058e-008,0.0282609
-5.46058e-008,0.0164965
-5.42058e-008,0.0141436
-5.38058e-008,0.0235551
-5.34058e-008,0.0353195
-5.30058e-008,0.0141436
-5.26058e-008,0.0235551
-5.22058e-008,0.0235551
-5.18058e-008,0.0188494
-5.14058e-008,0.0188494
-5.10058e-008,0.0188494
-5.06058e-008,0.00708499
-5.02058e-008,0.0164965
-4.98058e-008,0.0164965
-4.94058e-008,0.0212023
-4.90058e-008,0.0188494
-4.86058e-008,0.0117907
-4.82058e-008,0.0164965
-4.78058e-008,0.0141436
-4.74058e-008,0.0164965
-4.70058e-008,0.0235551
-4.66058e-008,0.0141436
-4.62058e-008,0.0212023
-4.58058e-008,0.0117907
-4.54058e-008,0.025908
-4.50058e-008,0.0212023
-4.46058e-008,0.0235551
-4.42058e-008,0.0212023
-4.38058e-008,0.00237923
-4.34058e-008,0.0164965
-4.30058e-008,0.0164965
-4.26058e-008,0.0212023
-4.22058e-008,0.0141436
-4.18058e-008,0.0117907
-4.14058e-008,0.0212023
-4.10058e-008,0.0306138
-4.06058e-008,0.0212023
-4.02058e-008,0.0188494
-3.98058e-008,0.0188494
-3.94058e-008,0.00708499
-3.90058e-008,0.00708499
-3.86058e-008,0.0117907
-3.82058e-008,0.0117907
-3.78058e-008,0.0212023
-3.74058e-008,0.0117907
-3.70058e-008,0.0188494
-3.66058e-008,0.0117907
-3.62058e-008,0.025908
-3.58058e-008,0.0212023
-3.54058e-008,0.0188494
-3.50058e-008,0.0164965
-3.46058e-008,0.0212023
-3.42058e-008,0.0235551
-3.38058e-008,0.0188494
-3.34058e-008,0.0141436
-3.30058e-008,0.0188494
-3.26058e-008,0.0188494
-3.22058e-008,0.0212023
-3.18058e-008,0.0117907
-3.14058e-008,0.0235551
-3.10058e-008,0.0235551
-3.06058e-008,0.0282609
-3.02058e-008,0.0212023
-2.98058e-008,0.0235551
-2.94058e-008,0.0188494
-2.90058e-008,0.0164965
-2.86058e-008,0.025908
-2.82058e-008,0.0141436
-2.78058e-008,0.0212023
-2.74058e-008,0.0141436
-2.70058e-008,0.0212023
-2.66058e-008,0.0353195
-2.62058e-008,0.0141436
-2.58058e-008,0.0117907
-2.54058e-008,0.0188494
-2.50058e-008,0.0117907
-2.46058e-008,0.0164965
-2.42058e-008,0.00943787
-2.38058e-008,0.0306138
-2.34058e-008,0.0212023
-2.30058e-008,0.0164965
-2.26058e-008,0.00473211
-2.22058e-008,0.0188494
-2.18058e-008,0.0164965
-2.14058e-008,0.0164965
-2.10058e-008,0.0141436
-2.06058e-008,0.0141436
-2.02058e-008,0.00708499
-1.98058e-008,0.0212023
-1.94058e-008,0.0188494
-1.90058e-008,0.025908
-1.86058e-008,0.0212023
-1.82058e-008,0.0188494
-1.78058e-008,0.025908
-1.74058e-008,0.0117907
-1.70058e-008,0.0164965
-1.66058e-008,0.0188494
-1.62058e-008,0.0212023
-1.58058e-008,0.0117907
-1.54058e-008,0.0235551
-1.50058e-008,0.0117907
-1.46058e-008,0.0235551
-1.42058e-008,0.0117907
-1.38058e-008,0.0188494
-1.34058e-008,0.025908
-1.30058e-008,0.0117907
-1.26058e-008,0.00943787
-1.22058e-008,0.0212023
-1.18058e-008,0.0212023
-1.14058e-008,0.00708499
-1.10058e-008,0.0188494
-1.06058e-008,0.025908
-1.02058e-008,0.025908
-9.8058e-009,0.00473211
-9.4058e-009,0.0164965
-9.0058e-009,0.0164965
-8.6058e-009,0.0212023
-8.2058e-009,0.0212023
-7.8058e-009,0.0164965
-7.4058e-009,0.0212023
-7.0058e-009,0.0212023
-6.6058e-009,0.0212023
-6.2058e-009,0.00943787
-5.8058e-009,0.0141436
-5.4058e-009,0.0212023
-5.0058e-009,0.0329667
-4.6058e-009,0.0164965
-4.2058e-009,0.0212023
-3.8058e-009,0.0212023
-3.4058e-009,0.0188494
-3.0058e-009,0.0188494
-2.6058e-009,0.0470839
-2.2058e-009,0.120023
-1.8058e-009,0.27296
-1.4058e-009,0.461191
-1.0058e-009,0.745889
-6.058e-010,1.06588
-2.058e-010,1.39764
1.942e-010,1.73645
5.942e-010,2.07997
9.942e-010,2.38349
1.3942e-009,2.66113
1.7942e-009,2.91054
2.1942e-009,3.11524
2.5942e-009,3.31053
2.9942e-009,3.43523
3.3942e-009,3.56464
3.7942e-009,3.66581
4.1942e-009,3.74346
4.5942e-009,3.80698
4.9942e-009,3.84934
5.3942e-009,3.88934
5.7942e-009,3.91757
6.1942e-009,3.95286
6.5942e-009,3.97169
6.9942e-009,3.98345
7.3942e-009,3.9811
7.7942e-009,4.01874
8.1942e-009,4.03521
8.5942e-009,4.04698
8.9942e-009,4.04933
9.3942e-009,4.06345
9.7942e-009,4.0611
1.01942e-008,4.08462
1.05942e-008,4.08933
1.09942e-008,4.09404
1.13942e-008,4.09168
1.17942e-008,4.09874
1.21942e-008,4.1058
1.25942e-008,4.12227
1.29942e-008,4.11521
1.33942e-008,4.13168
1.37942e-008,4.14109
1.41942e-008,4.13168
1.45942e-008,4.13639
1.49942e-008,4.13874
1.53942e-008,4.15286
1.57942e-008,4.15051
1.61942e-008,4.14815
1.65942e-008,4.1458
1.69942e-008,4.17168
1.73942e-008,4.17403
1.77942e-008,4.16462
1.81942e-008,4.15756
1.85942e-008,4.14815
1.89942e-008,4.16462
1.93942e-008,4.15756
1.97942e-008,4.16933
2.01942e-008,4.16698
2.05942e-008,4.17403
2.09942e-008,4.17168
2.13942e-008,4.1905
2.17942e-008,4.18345
2.21942e-008,4.19521
2.25942e-008,4.1905
2.29942e-008,4.20933
2.33942e-008,4.19286
2.37942e-008,4.20933
2.41942e-008,4.19756
2.45942e-008,4.22344
2.49942e-008,4.21403
2.53942e-008,4.20227
2.57942e-008,4.20697
2.61942e-008,4.21874
2.65942e-008,4.21403
2.69942e-008,4.21168
2.73942e-008,4.21639
2.77942e-008,4.21639
2.81942e-008,4.21639
2.85942e-008,4.20697
2.89942e-008,4.22109
2.93942e-008,4.22815
2.97942e-008,4.21874
3.01942e-008,4.21874
3.05942e-008,4.2258
3.09942e-008,4.2258
3.13942e-008,4.22815
3.17942e-008,4.2305
3.21942e-008,4.2258
3.25942e-008,4.2258
3.29942e-008,4.2305
3.33942e-008,4.22815
3.37942e-008,4.2305
3.41942e-008,4.23521
3.45942e-008,4.23991
3.49942e-008,4.24227
3.53942e-008,4.24227
3.57942e-008,4.25168
3.61942e-008,4.24933
3.65942e-008,4.24227
3.69942e-008,4.23991
3.73942e-008,4.23286
3.77942e-008,4.23756
3.81942e-008,4.23991
3.85942e-008,4.23521
3.89942e-008,4.23756
3.93942e-008,4.24933
3.97942e-008,4.23991
4.01942e-008,4.25168
4.05942e-008,4.24933
4.09942e-008,4.25168
4.13942e-008,4.25638
4.17942e-008,4.24697
4.21942e-008,4.24462
4.25942e-008,4.25403
4.29942e-008,4.25638
4.33942e-008,4.25638
4.37942e-008,4.24933
4.41942e-008,4.23991
4.45942e-008,4.24462
4.49942e-008,4.24933
4.53942e-008,4.25168
4.57942e-008,4.25638
4.61942e-008,4.25874
4.65942e-008,4.25874
4.69942e-008,4.24933
4.73942e-008,4.26344
4.77942e-008,4.26344
4.81942e-008,4.26109
4.85942e-008,4.2658
4.89942e-008,4.25403
4.93942e-008,4.26109
4.97942e-008,4.26109
5.01942e-008,4.2705
5.05942e-008,4.26344
5.09942e-008,4.26344
5.13942e-008,4.26109
5.17942e-008,4.25874
5.21942e-008,4.25874
5.25942e-008,4.26109
5.29942e-008,4.2658
5.33942e-008,4.26344
5.37942e-008,4.26815
5.41942e-008,4.25874
5.45942e-008,4.25874
5.49942e-008,4.2705
5.53942e-008,4.27521
5.57942e-008,4.25874
5.61942e-008,4.26344
5.65942e-008,4.28227
5.69942e-008,4.26109
5.73942e-008,4.27521
5.77942e-008,4.2705
5.81942e-008,4.26344
5.85942e-008,4.25403
5.89942e-008,4.2658
5.93942e-008,4.28697
5.97942e-008,4.26344
6.01942e-008,4.27521
6.05942e-008,4.26815
6.09942e-008,4.27521
6.13942e-008,4.27756
6.17942e-008,4.27285
6.21942e-008,4.26815
6.25942e-008,4.26344
6.29942e-008,4.2658
6.33942e-008,4.2705
6.37942e-008,4.27285
6.41942e-008,4.26815
6.45942e-008,4.2705
6.49942e-008,4.28697
6.53942e-008,4.27521
6.57942e-008,4.27756
6.61942e-008,4.26815
6.65942e-008,4.27756
6.69942e-008,4.2705
6.73942e-008,4.26109
6.77942e-008,4.26815
6.81942e-008,4.27285
6.85942e-008,4.27521
6.89942e-008,4.27991
6.93942e-008,4.27521
6.97942e-008,4.27285
7.01942e-008,4.28697
7.05942e-008,4.27991
7.09942e-008,4.27285
7.13942e-008,4.2705
7.17942e-008,4.27521
7.21942e-008,4.27756
7.25942e-008,4.28462
7.29942e-008,4.26815
7.33942e-008,4.27756
7.37942e-008,4.27285
7.41942e-008,4.27756
7.45942e-008,4.2705
7.49942e-008,4.27285
7.53942e-008,4.28933
7.57942e-008,4.27756
7.61942e-008,4.27285
7.65942e-008,4.27285
7.69942e-008,4.2705
7.73942e-008,4.2705
7.77942e-008,4.2705
7.81942e-008,4.2705
7.85942e-008,4.28227
7.89942e-008,4.27991
7.93942e-008,4.28697
7.97942e-008,4.2658
8.01942e-008,4.26815
8.05942e-008,4.27521
8.09942e-008,4.27756
8.13942e-008,4.27521
8.17942e-008,4.27991
8.21942e-008,4.28227
8.25942e-008,4.28227
8.29942e-008,4.27991
8.33942e-008,4.27991
8.37942e-008,4.2705
8.41942e-008,4.2705
8.45942e-008,4.27991
8.49942e-008,4.27991
8.53942e-008,4.27521
8.57942e-008,4.27756
8.61942e-008,4.27991
8.65942e-008,4.28462
8.69942e-008,4.29168
8.73942e-008,4.27521
8.77942e-008,4.27285
8.81942e-008,4.27285
8.85942e-008,4.27756
8.89942e-008,4.27756
8.93942e-008,4.2705
8.97942e-008,4.26815
9.01942e-008,4.27521
9.05942e-008,4.27521
9.09942e-008,4.26344
9.13942e-008,4.27756
9.17942e-008,4.28462
9.21942e-008,4.2705
9.25942e-008,4.26815
9.29942e-008,4.26815
9.33942e-008,4.27285
9.37942e-008,4.27991
9.41942e-008,4.27991
9.45942e-008,4.27991
9.49942e-008,4.27521
9.53942e-008,4.26109
9.57942e-008,4.26815
9.61942e-008,4.2705
9.65942e-008,4.27285
9.69942e-008,4.2705
9.73942e-008,4.2658
9.77942e-008,4.27756
9.81942e-008,4.26815
9.85942e-008,4.26344
9.89942e-008,4.28697
9.93942e-008,4.2658
9.97942e-008,4.27756
1.001942e-007,4.2658
1.005942e-007,4.27285
1.009942e-007,4.26815
1.013942e-007,4.28227
1.017942e-007,4.27991
1.021942e-007,4.27285
1.025942e-007,4.26815
1.029942e-007,4.2705
1.033942e-007,4.26109
1.037942e-007,4.2658
1.041942e-007,4.2705
1.045942e-007,4.2658
1.049942e-007,4.28462
1.053942e-007,4.25874
1.057942e-007,4.26815
1.061942e-007,4.27756
1.065942e-007,4.26815
1.069942e-007,4.2658
1.073942e-007,4.2705
1.077942e-007,4.27756
1.081942e-007,4.25638
1.085942e-007,4.27991
1.089942e-007,4.27285
1.093942e-007,4.26109
1.097942e-007,4.26344
1.101942e-007,4.27285
1.105942e-007,4.28462
1.109942e-007,4.26815
1.113942e-007,4.27521
1.117942e-007,4.26344
1.121942e-007,4.26815
1.125942e-007,4.2705
1.129942e-007,4.2658
1.133942e-007,4.26815
1.137942e-007,4.26344
1.141942e-007,4.26109
1.145942e-007,4.2658
1.149942e-007,4.2705
1.153942e-007,4.26109
1.157942e-007,4.26344
1.161942e-007,4.27756
1.165942e-007,4.26344
1.169942e-007,4.26344
1.173942e-007,4.2658
1.177942e-007,4.26815
1.181942e-007,4.2705
1.185942e-007,4.25874
1.189942e-007,4.26815
1.193942e-007,4.27521
1.197942e-007,4.26815
1.201942e-007,4.2658
1.205942e-007,4.26344
1.209942e-007,4.26109
1.213942e-007,4.2705
1.217942e-007,4.2705
1.221942e-007,4.26344
1.225942e-007,4.2705
1.229942e-007,4.2705
1.233942e-007,4.26109
1.237942e-007,4.25874
1.241942e-007,4.27756
1.245942e-007,4.2705
1.249942e-007,4.26344
1.253942e-007,4.27521
1.257942e-007,4.26815
1.261942e-007,4.2658
1.265942e-007,4.27285
1.269942e-007,4.27756
1.273942e-007,4.2705
1.277942e-007,4.26109
1.281942e-007,4.27285
1.285942e-007,4.2658
1.289942e-007,4.26344
1.293942e-007,4.2658
1.297942e-007,4.2658
1.301942e-007,4.27285
1.305942e-007,4.2658
1.309942e-007,4.2658
1.313942e-007,4.2658
1.317942e-007,4.27285
1.321942e-007,4.25638
1.325942e-007,4.25874
1.329942e-007,4.25874
1.333942e-007,4.24227
1.337942e-007,4.22344
1.341942e-007,4.21639
1.345942e-007,4.18345
1.349942e-007,4.16933
1.353942e-007,4.13874
1.357942e-007,4.13168
1.361942e-007,4.11286
1.365942e-007,4.10109
1.369942e-007,4.08698
1.373942e-007,4.0658
1.377942e-007,4.05168
1.381942e-007,4.05404
1.385942e-007,4.03051
1.389942e-007,4.03051
1.393942e-007,4.00698
1.397942e-007,4.01169
1.401942e-007,4.00698
1.405942e-007,3.99051
1.409942e-007,3.99051
1.413942e-007,3.99286
1.417942e-007,3.9858
1.421942e-007,3.97404
1.425942e-007,3.97639
1.429942e-007,3.98345
1.433942e-007,3.96933
1.437942e-007,3.97169
1.441942e-007,3.96463
1.445942e-007,3.96463
1.449942e-007,3.95992
1.453942e-007,3.97169
1.457942e-007,3.96698
1.461942e-007,3.95757
1.465942e-007,3.9458
1.469942e-007,3.96463
1.473942e-007,3.9411
1.477942e-007,3.95051
1.481942e-007,3.94816
1.485942e-007,3.95757
1.489942e-007,3.93875
1.493942e-007,3.95051
1.497942e-007,3.9411
1.501942e-007,3.9458
1.505942e-007,3.93639
1.509942e-007,3.95286
1.513942e-007,3.93404
1.517942e-007,3.94816
1.521942e-007,3.94816
1.525942e-007,3.93875
1.529942e-007,3.93639
1.533942e-007,3.93169
1.537942e-007,3.93404
1.541942e-007,3.93169
1.545942e-007,3.93169
1.549942e-007,3.92228
1.553942e-007,3.92933
1.557942e-007,3.92463
1.561942e-007,3.93639
1.565942e-007,3.93404
1.569942e-007,3.92228
1.573942e-007,3.92933
1.577942e-007,3.92228
1.581942e-007,3.92933
1.585942e-007,3.92463
1.589942e-007,3.92698
1.593942e-007,3.93169
1.597942e-007,3.93169
1.601942e-007,3.92463
1.605942e-007,3.92463
1.609942e-007,3.91286
1.613942e-007,3.92698
1.617942e-007,3.92933
1.621942e-007,3.92698
1.625942e-007,3.92228
1.629942e-007,3.92933
1.633942e-007,3.91757
1.637942e-007,3.92463
1.641942e-007,3.91992
1.645942e-007,3.92463
1.649942e-007,3.91757
1.653942e-007,3.92698
1.657942e-007,3.91522
1.661942e-007,3.92228
1.665942e-007,3.91051
1.669942e-007,3.91757
1.673942e-007,3.92463
1.677942e-007,3.91992
1.681942e-007,3.91992
1.685942e-007,3.92228
1.689942e-007,3.91522
1.693942e-007,3.92228
1.697942e-007,3.91522
1.701942e-007,3.92228
1.705942e-007,3.92463
1.709942e-007,3.92463
1.713942e-007,3.90816
1.717942e-007,3.91286
1.721942e-007,3.90816
1.725942e-007,3.92228
1.729942e-007,3.90816
1.733942e-007,3.91757
1.737942e-007,3.91522
1.741942e-007,3.91522
1.745942e-007,3.91992
1.749942e-007,3.91286
1.753942e-007,3.91522
1.757942e-007,3.91286
1.761942e-007,3.91522
1.765942e-007,3.92698
1.769942e-007,3.91051
1.773942e-007,3.91992
1.777942e-007,3.91757
1.781942e-007,3.91757
1.785942e-007,3.91522
1.789942e-007,3.91522
1.793942e-007,3.91286
1.797942e-007,3.91051
1.801942e-007,3.92228
1.805942e-007,3.90581
1.809942e-007,3.91522
1.813942e-007,3.91286
1.817942e-007,3.92698
1.821942e-007,3.90345
1.825942e-007,3.91286
1.829942e-007,3.91286
1.833942e-007,3.92698
1.837942e-007,3.91757
1.841942e-007,3.91286
1.845942e-007,3.91051
1.849942e-007,3.91757
1.853942e-007,3.91757
1.857942e-007,3.90816
1.861942e-007,3.91286
1.865942e-007,3.90345
1.869942e-007,3.91286
1.873942e-007,3.91286
1.877942e-007,3.91051
1.881942e-007,3.92698
1.885942e-007,3.92228
1.889942e-007,3.91757
1.893942e-007,3.92228
1.897942e-007,3.91522
1.901942e-007,3.91051
1.905942e-007,3.91286
1.909942e-007,3.91051
1.913942e-007,3.91522
1.917942e-007,3.91992
1.921942e-007,3.90345
1.925942e-007,3.91522
1.929942e-007,3.90816
1.933942e-007,3.91992
1.937942e-007,3.91992
1.941942e-007,3.91522
1.945942e-007,3.91286
1.949942e-007,3.91522
1.953942e-007,3.91286
1.957942e-007,3.90816
1.961942e-007,3.91522
1.965942e-007,3.92228
1.969942e-007,3.91992
1.973942e-007,3.91286
1.977942e-007,3.90581
1.981942e-007,3.91522
1.985942e-007,3.91051
1.989942e-007,3.92228
1.993942e-007,3.92228
1.997942e-007,3.91522
2.001942e-007,3.91286
2.005942e-007,3.91522
2.009942e-007,3.91522
2.013942e-007,3.92463
2.017942e-007,3.90581
2.021942e-007,3.92228
2.025942e-007,3.90816
2.029942e-007,3.92463
2.033942e-007,3.92228
2.037942e-007,3.92463
2.041942e-007,3.91757
2.045942e-007,3.91522
2.049942e-007,3.92463
2.053942e-007,3.91992
2.057942e-007,3.92228
2.061942e-007,3.91051
2.065942e-007,3.91992
2.069942e-007,3.91757
2.073942e-007,3.92698
2.077942e-007,3.91051
2.081942e-007,3.91286
2.085942e-007,3.91757
2.089942e-007,3.92228
2.093942e-007,3.90816
2.097942e-007,3.90816
2.101942e-007,3.91757
2.105942e-007,3.91286
2.109942e-007,3.91757
2.113942e-007,3.91992
2.117942e-007,3.91286
2.121942e-007,3.91286
2.125942e-007,3.92228
2.129942e-007,3.92933
2.133942e-007,3.91286
2.137942e-007,3.92698
2.141942e-007,3.92228
2.145942e-007,3.91992
2.149942e-007,3.92463
2.153942e-007,3.93404
2.157942e-007,3.91757
2.161942e-007,3.91757
2.165942e-007,3.92698
2.169942e-007,3.91992
2.173942e-007,3.92463
2.177942e-007,3.91992
2.181942e-007,3.92463
2.185942e-007,3.91286
2.189942e-007,3.92463
2.193942e-007,3.91992
2.197942e-007,3.92228
2.201942e-007,3.92228
2.205942e-007,3.91757
2.209942e-007,3.91522
2.213942e-007,3.91757
2.217942e-007,3.92698
2.221942e-007,3.91757
2.225942e-007,3.92463
2.229942e-007,3.92228
2.233942e-007,3.91757
2.237942e-007,3.92698
2.241942e-007,3.92463
2.245942e-007,3.93404
2.249942e-007,3.92463
2.253942e-007,3.92463
2.257942e-007,3.92698
2.261942e-007,3.91757
2.265942e-007,3.92698
2.269942e-007,3.92933
2.273942e-007,3.92228
2.277942e-007,3.93875
2.281942e-007,3.93169
2.285942e-007,3.92463
2.289942e-007,3.92228
2.293942e-007,3.93169
2.297942e-007,3.91522
2.301942e-007,3.92463
2.305942e-007,3.92933
2.309942e-007,3.92463
2.313942e-007,3.92698
2.317942e-007,3.91757
2.321942e-007,3.93169
2.325942e-007,3.91992
2.329942e-007,3.92698
2.333942e-007,3.91992
2.337942e-007,3.92698
2.341942e-007,3.92698
2.345942e-007,3.92698
2.349942e-007,3.92463
2.353942e-007,3.92463
2.357942e-007,3.93404
2.361942e-007,3.93169
2.365942e-007,3.92698
2.369942e-007,3.92463
2.373942e-007,3.92463
2.377942e-007,3.91992
2.381942e-007,3.9411
2.385942e-007,3.92933
2.389942e-007,3.93639
2.393942e-007,3.93639
2.397942e-007,3.93639
2.401942e-007,3.93169
2.405942e-007,3.93404
2.409942e-007,3.93169
2.413942e-007,3.92933
2.417942e-007,3.92698
2.421942e-007,3.93169
2.425942e-007,3.93169
2.429942e-007,3.93169
2.433942e-007,3.91992
2.437942e-007,3.93169
2.441942e-007,3.93404
2.445942e-007,3.92933
2.449942e-007,3.93875
2.453942e-007,3.93404
2.457942e-007,3.92933
2.461942e-007,3.92933
2.465942e-007,3.92933
2.469942e-007,3.92933
2.473942e-007,3.93169
2.477942e-007,3.93875
2.481942e-007,3.92463
2.485942e-007,3.93639
2.489942e-007,3.93404
2.493942e-007,3.94345
2.497942e-007,3.93639
2.501942e-007,3.9411
2.505942e-007,3.93169
2.509942e-007,3.93639
2.513942e-007,3.93875
2.517942e-007,3.93875
2.521942e-007,3.93169
2.525942e-007,3.94345
2.529942e-007,3.93639
2.533942e-007,3.9411
2.537942e-007,3.92933
2.541942e-007,3.93875
2.545942e-007,3.9411
2.549942e-007,3.93875
2.553942e-007,3.93404
2.557942e-007,3.93639
2.561942e-007,3.9411
2.565942e-007,3.93169
2.569942e-007,3.93875
2.573942e-007,3.92698
2.577942e-007,3.94345
2.581942e-007,3.94345
2.585942e-007,3.9458
2.589942e-007,3.9411
2.593942e-007,3.93639
2.597942e-007,3.9411
2.601942e-007,3.93639
2.605942e-007,3.9411
2.609942e-007,3.93875
2.613942e-007,3.93404
2.617942e-007,3.93639
2.621942e-007,3.93875
2.625942e-007,3.93404
2.629942e-007,3.9411
2.633942e-007,3.92933
2.637942e-007,3.94345
2.641942e-007,3.93875
2.645942e-007,3.94345
2.649942e-007,3.9458
2.653942e-007,3.94345
2.657942e-007,3.93639
2.661942e-007,3.95522
2.665942e-007,3.93875
2.669942e-007,3.94345
2.673942e-007,3.93404
2.677942e-007,3.9411
2.681942e-007,3.92698
2.685942e-007,3.93875
2.689942e-007,3.92698
2.693942e-007,3.94345
2.697942e-007,3.9458
2.701942e-007,3.9411
2.705942e-007,3.95522
2.709942e-007,3.95286
2.713942e-007,3.9458
2.717942e-007,3.96698
2.721942e-007,3.95051
2.725942e-007,3.95051
2.729942e-007,3.96698
2.733942e-007,3.96227
2.737942e-007,3.97169
2.741942e-007,3.95992
2.745942e-007,3.95051
2.749942e-007,3.96463
2.753942e-007,3.95992
2.757942e-007,3.95992
2.761942e-007,3.96933
2.765942e-007,3.97404
2.769942e-007,3.97169
2.773942e-007,3.96698
2.777942e-007,3.96698
2.781942e-007,3.97169
2.785942e-007,3.96698
2.789942e-007,3.98345
2.793942e-007,3.96698
2.797942e-007,3.97169
2.801942e-007,3.9858
2.805942e-007,3.98345
2.809942e-007,3.96933
2.813942e-007,3.97169
2.817942e-007,3.97169
2.821942e-007,3.96933
2.825942e-007,3.97875
2.829942e-007,3.96227
2.833942e-007,3.97169
2.837942e-007,3.96698
2.841942e-007,3.9811
2.845942e-007,3.9811
2.849942e-007,3.96698
2.853942e-007,3.97169
2.857942e-007,3.97875
2.861942e-007,3.97169
2.865942e-007,3.97404
2.869942e-007,3.9811
2.873942e-007,3.97169
2.877942e-007,3.9811
2.881942e-007,3.98345
2.885942e-007,3.96698
2.889942e-007,3.98345
2.893942e-007,3.97875
2.897942e-007,3.9811
2.901942e-007,3.97639
2.905942e-007,3.97639
2.909942e-007,3.9811
2.913942e-007,3.9811
2.917942e-007,3.99051
2.921942e-007,3.97875
2.925942e-007,3.97404
2.929942e-007,3.97404
2.933942e-007,3.98345
2.937942e-007,3.97875
2.941942e-007,3.98345
2.945942e-007,3.97169
2.949942e-007,3.98345
2.953942e-007,3.96933
2.957942e-007,3.98816
2.961942e-007,3.9858
2.965942e-007,3.98345
2.969942e-007,3.99051
2.973942e-007,3.99757
2.977942e-007,3.97404
2.981942e-007,3.97169
2.985942e-007,3.9858
2.989942e-007,3.98816
2.993942e-007,3.9858
2.997942e-007,3.97639
3.001942e-007,3.97639
3.005942e-007,3.9858
3.009942e-007,3.98345
3.013942e-007,3.98816
3.017942e-007,3.98816
3.021942e-007,3.98816
3.025942e-007,3.98345
3.029942e-007,3.97639
3.033942e-007,3.9858
3.037942e-007,3.9858
3.041942e-007,3.98345
3.045942e-007,3.99522
3.049942e-007,3.98345
3.053942e-007,3.9858
3.057942e-007,3.98816
3.061942e-007,3.99286
3.065942e-007,3.9811
3.069942e-007,3.97639
3.073942e-007,3.99051
3.077942e-007,3.9858
3.081942e-007,3.99286
3.085942e-007,3.97639
3.089942e-007,3.99051
3.093942e-007,3.98345
3.097942e-007,3.99522
3.101942e-007,3.97404
3.105942e-007,3.98345
3.109942e-007,3.98345
3.113942e-007,3.99286
3.117942e-007,3.9858
3.121942e-007,3.99286
3.125942e-007,3.9858
3.129942e-007,3.98345
3.133942e-007,3.99757
3.137942e-007,3.98816
3.141942e-007,3.98345
3.145942e-007,3.98816
3.149942e-007,3.99286
3.153942e-007,3.98816
3.157942e-007,3.99522
3.161942e-007,3.99286
3.165942e-007,3.99522
3.169942e-007,3.99051
3.173942e-007,4.00227
3.177942e-007,4.00463
3.181942e-007,3.99757
3.185942e-007,3.9858
3.189942e-007,3.98345
3.193942e-007,3.99522
3.197942e-007,3.99286
3.201942e-007,3.98345
3.205942e-007,3.98345
3.209942e-007,3.99051
3.213942e-007,3.98816
3.217942e-007,3.99522
3.221942e-007,3.99522
3.225942e-007,3.99992
3.229942e-007,4.00227
3.233942e-007,3.99992
3.237942e-007,3.99522
3.241942e-007,3.98816
3.245942e-007,4.00227
3.249942e-007,3.98816
3.253942e-007,3.98816
3.257942e-007,3.9858
3.261942e-007,4.00227
3.265942e-007,3.98816
3.269942e-007,3.99286
3.273942e-007,4.00227
3.277942e-007,3.99286
3.281942e-007,4.00227
3.285942e-007,3.99286
3.289942e-007,3.99286
3.293942e-007,4.00463
3.297942e-007,3.99286
3.301942e-007,4.00227
3.305942e-007,3.99992
3.309942e-007,4.00698
3.313942e-007,4.00227
3.317942e-007,4.00463
3.321942e-007,4.00463
3.325942e-007,3.99522
3.329942e-007,3.99992
3.333942e-007,3.99757
3.337942e-007,3.99286
3.341942e-007,3.99051
3.345942e-007,3.99286
3.349942e-007,3.98816
3.353942e-007,4.00227
3.357942e-007,3.98816
3.361942e-007,3.98816
3.365942e-007,3.99757
3.369942e-007,4.00227
3.373942e-007,3.99051
3.377942e-007,4.00698
3.381942e-007,3.99757
3.385942e-007,3.99051
3.389942e-007,4.00933
3.393942e-007,3.99992
3.397942e-007,3.99286
3.401942e-007,3.99286
3.405942e-007,4.00698
3.409942e-007,4.00463
3.413942e-007,4.00227
3.417942e-007,4.00227
3.421942e-007,4.00698
3.425942e-007,4.00227
3.429942e-007,4.00698
3.433942e-007,4.00463
3.437942e-007,4.00227
3.441942e-007,3.99992
3.445942e-007,4.00698
3.449942e-007,3.99522
3.453942e-007,4.00227
3.457942e-007,3.99522
3.461942e-007,3.99992
3.465942e-007,3.99522
3.469942e-007,4.00463
3.473942e-007,4.00698
3.477942e-007,4.00463
3.481942e-007,3.99992
3.485942e-007,4.00463
3.489942e-007,4.00698
3.493942e-007,3.99992
3.497942e-007,4.00698
3.501942e-007,4.00227
3.505942e-007,4.00463
3.509942e-007,4.00463
3.513942e-007,3.99757
3.517942e-007,4.00227
3.521942e-007,4.00698
3.525942e-007,4.00463
3.529942e-007,4.00698
3.533942e-007,4.01639
3.537942e-007,4.00933
3.541942e-007,4.00698
3.545942e-007,3.99992
3.549942e-007,3.99522
3.553942e-007,4.00463
3.557942e-007,4.00227
3.561942e-007,3.99992
3.565942e-007,4.00698
3.569942e-007,4.01404
3.573942e-007,4.01404
3.577942e-007,4.00698
3.581942e-007,4.00463
3.585942e-007,4.00463
3.589942e-007,4.00463
3.593942e-007,4.01404
3.597942e-007,3.99522
3.601942e-007,4.00933
3.605942e-007,3.99992
3.609942e-007,4.01639
3.613942e-007,4.00227
3.617942e-007,4.00463
3.621942e-007,3.99286
3.625942e-007,4.00933
3.629942e-007,4.00227
3.633942e-007,3.99757
3.637942e-007,4.00933
3.641942e-007,4.00933
3.645942e-007,4.01169
3.649942e-007,4.00463
3.653942e-007,3.99757
3.657942e-007,3.99992
3.661942e-007,4.01404
3.665942e-007,4.00933
3.669942e-007,4.00933
3.673942e-007,4.01169
3.677942e-007,4.01169
3.681942e-007,4.00933
3.685942e-007,4.01639
3.689942e-007,4.01169
3.693942e-007,4.01404
3.697942e-007,3.99992
3.701942e-007,4.01169
3.705942e-007,4.01404
3.709942e-007,4.00463
3.713942e-007,4.00227
3.717942e-007,4.01404
3.721942e-007,4.00227
3.725942e-007,4.00463
3.729942e-007,4.01169
3.733942e-007,4.00463
3.737942e-007,4.01169
3.741942e-007,4.01639
3.745942e-007,3.99992
3.749942e-007,4.00933
3.753942e-007,4.01404
3.757942e-007,4.01404
3.761942e-007,4.00933
3.765942e-007,4.00933
3.769942e-007,4.00227
3.773942e-007,4.01404
3.777942e-007,4.00698
3.781942e-007,4.00463
3.785942e-007,4.00698
3.789942e-007,4.01639
3.793942e-007,4.00933
3.797942e-007,4.01169
3.801942e-007,4.01404
3.805942e-007,4.01639
3.809942e-007,4.00463
3.813942e-007,4.01169
3.817942e-007,4.01639
3.821942e-007,4.01169
3.825942e-007,4.01639
3.829942e-007,4.02345
3.833942e-007,4.01404
3.837942e-007,4.00227
3.841942e-007,4.01169
3.845942e-007,4.01639
3.849942e-007,4.01404
3.853942e-007,3.99757
3.857942e-007,4.01404
3.861942e-007,4.01404
3.865942e-007,4.0211
3.869942e-007,4.00463
3.873942e-007,4.00463
3.877942e-007,4.01874
3.881942e-007,4.0211
3.885942e-007,4.01404
3.889942e-007,4.01874
3.893942e-007,4.00933
3.897942e-007,4.01404
3.901942e-007,4.01874
3.905942e-007,4.00698
3.909942e-007,4.00933
3.913942e-007,4.01639
3.917942e-007,4.01404
3.921942e-007,4.01404
3.925942e-007,4.01404
3.929942e-007,4.01169
3.933942e-007,4.01874
3.937942e-007,4.01639
3.941942e-007,4.02345
3.945942e-007,4.0211
3.949942e-007,4.01874
3.953942e-007,4.01404
3.957942e-007,4.01169
3.961942e-007,4.01169
3.965942e-007,4.00933
3.969942e-007,4.00227
3.973942e-007,4.00463
3.977942e-007,4.02345
3.981942e-007,4.00463
3.985942e-007,4.01874
3.989942e-007,4.01874
3.993942e-007,4.01404
3.997942e-007,4.02345
4.001942e-007,4.00933
4.005942e-007,4.01639
4.009942e-007,4.01874
4.013942e-007,4.02816
4.017942e-007,4.01639
4.021942e-007,4.01404
4.025942e-007,4.00933
4.029942e-007,4.02345
4.033942e-007,4.0211
4.037942e-007,4.01404
4.041942e-007,4.01639
4.045942e-007,4.00933
4.049942e-007,4.01169
4.053942e-007,4.01169
4.057942e-007,4.0258
4.061942e-007,4.01639
4.065942e-007,4.00933
4.069942e-007,4.0211
4.073942e-007,4.01874
4.077942e-007,4.01639
4.081942e-007,4.0211
4.085942e-007,4.01639
4.089942e-007,4.01169
4.093942e-007,4.01639
4.097942e-007,4.00933
4.101942e-007,4.01169
4.105942e-007,4.02345
4.109942e-007,4.00463
4.113942e-007,4.01404
4.117942e-007,4.01169
4.121942e-007,4.0258
4.125942e-007,4.00933
4.129942e-007,4.01874
4.133942e-007,4.01639
4.137942e-007,4.0258
4.141942e-007,4.01404
4.145942e-007,4.01404
4.149942e-007,4.01874
4.153942e-007,4.0211
4.157942e-007,4.01404
4.161942e-007,4.02345
4.165942e-007,4.01639
4.169942e-007,4.01639
4.173942e-007,4.0211
4.177942e-007,4.00933
4.181942e-007,4.02345
4.185942e-007,4.02816
4.189942e-007,4.01874
4.193942e-007,4.01639
4.197942e-007,4.03051
4.201942e-007,4.0258
4.205942e-007,4.00698
4.209942e-007,4.00933
4.213942e-007,4.01639
4.217942e-007,4.02345
4.221942e-007,4.00933
4.225942e-007,4.01404
4.229942e-007,4.01874
4.233942e-007,4.01169
4.237942e-007,4.00933
4.241942e-007,4.0211
4.245942e-007,4.01404
4.249942e-007,4.0258
4.253942e-007,4.00933
4.257942e-007,4.00698
4.261942e-007,4.0211
4.265942e-007,4.02816
4.269942e-007,4.02816
4.273942e-007,4.02345
4.277942e-007,4.0258
4.281942e-007,4.01169
4.285942e-007,4.02816
4.289942e-007,4.0258
4.293942e-007,4.0258
4.297942e-007,4.01874
4.301942e-007,4.0258
4.305942e-007,4.01169
4.309942e-007,4.02345
4.313942e-007,4.01874
4.317942e-007,4.01404
4.321942e-007,4.01169
4.325942e-007,4.02816
4.329942e-007,4.02345
4.333942e-007,4.0258
4.337942e-007,4.0258
4.341942e-007,4.0258
4.345942e-007,4.00698
4.349942e-007,4.01874
4.353942e-007,4.01639
4.357942e-007,4.01639
4.361942e-007,4.03051
4.365942e-007,4.02345
4.369942e-007,4.01874
4.373942e-007,4.01169
4.377942e-007,4.02816
4.381942e-007,4.01639
4.385942e-007,4.0211
4.389942e-007,4.0211
4.393942e-007,4.01404
4.397942e-007,4.01404
4.401942e-007,4.01874
4.405942e-007,4.0258
4.409942e-007,4.0258
4.413942e-007,4.02345
4.417942e-007,4.02345
4.421942e-007,4.00933
4.425942e-007,4.00933
4.429942e-007,4.0211
4.433942e-007,4.0211
4.437942e-007,4.02345
4.441942e-007,4.03521
4.445942e-007,4.0211
4.449942e-007,4.0211
4.453942e-007,4.03757
4.457942e-007,4.02345
4.461942e-007,4.02816
4.465942e-007,4.02345
4.469942e-007,4.0211
4.473942e-007,4.01404
4.477942e-007,4.01874
4.481942e-007,4.00933
4.485942e-007,4.0211
4.489942e-007,4.01874
4.493942e-007,4.00933
4.497942e-007,4.0211
4.501942e-007,4.02345
4.505942e-007,4.0258
4.509942e-007,4.02345
4.513942e-007,4.02345
4.517942e-007,4.01404
4.521942e-007,4.0211
4.525942e-007,4.03286
4.529942e-007,4.03051
4.533942e-007,4.0258
4.537942e-007,4.01639
4.541942e-007,4.02816
4.545942e-007,4.0258
4.549942e-007,4.0211
4.553942e-007,4.01169
4.557942e-007,4.02345
4.561942e-007,4.03286
4.565942e-007,4.02345
4.569942e-007,4.02816
4.573942e-007,4.02345
4.577942e-007,4.01874
4.581942e-007,4.03286
4.585942e-007,4.01874
4.589942e-007,4.0258
4.593942e-007,4.0211
4.597942e-007,4.0211
4.601942e-007,4.01874
4.605942e-007,4.02345
4.609942e-007,4.02345
4.613942e-007,4.0211
4.617942e-007,4.02345
4.621942e-007,4.02345
4.625942e-007,4.02345
4.629942e-007,4.0258
4.633942e-007,4.02816
4.637942e-007,4.0258
4.641942e-007,4.0258
4.645942e-007,4.03286
4.649942e-007,4.03286
4.653942e-007,4.03051
4.657942e-007,4.02345
4.661942e-007,4.02345
4.665942e-007,4.03051
4.669942e-007,4.0258
4.673942e-007,4.02345
4.677942e-007,4.01874
4.681942e-007,4.0211
4.685942e-007,4.03286
4.689942e-007,4.0258
4.693942e-007,4.02345
4.697942e-007,4.03521
4.701942e-007,4.01874
4.705942e-007,4.02816
4.709942e-007,4.03051
4.713942e-007,4.0211
4.717942e-007,4.03051
4.721942e-007,4.02345
4.725942e-007,4.0258
4.729942e-007,4.01639
4.733942e-007,4.02345
4.737942e-007,4.00698
4.741942e-007,4.0211
4.745942e-007,4.02816
4.749942e-007,4.01404
4.753942e-007,4.02345
4.757942e-007,4.02816
4.761942e-007,4.02345
4.765942e-007,4.02345
4.769942e-007,4.0211
4.773942e-007,4.01639
4.777942e-007,4.03286
4.781942e-007,4.03521
4.785942e-007,4.03521
4.789942e-007,4.0211
4.793942e-007,4.0211
4.797942e-007,4.02816
4.801942e-007,4.0211
4.805942e-007,4.02816
4.809942e-007,4.0258
4.813942e-007,4.03051
4.817942e-007,4.01874
4.821942e-007,4.02816
4.825942e-007,4.03521
4.829942e-007,4.01874
4.833942e-007,4.03051
4.837942e-007,4.02816
4.841942e-007,4.01874
4.845942e-007,4.0258
4.849942e-007,4.03051
4.853942e-007,4.0258
4.857942e-007,4.02345
4.861942e-007,4.0258
4.865942e-007,4.02345
4.869942e-007,4.01639
4.873942e-007,4.02345
4.877942e-007,4.01639
4.881942e-007,4.04227
4.885942e-007,4.0258
4.889942e-007,4.0258
4.893942e-007,4.01874
4.897942e-007,4.0258
4.901942e-007,4.03051
4.905942e-007,4.03992
4.909942e-007,4.03051
4.913942e-007,4.03051
4.917942e-007,4.02345
4.921942e-007,4.03051
4.925942e-007,4.0258
4.929942e-007,4.02345
4.933942e-007,4.01874
4.937942e-007,4.0258
4.941942e-007,4.03286
4.945942e-007,4.0211
4.949942e-007,4.03051
4.953942e-007,4.03521
4.957942e-007,4.0258
4.961942e-007,4.02816
4.965942e-007,4.04227
4.969942e-007,4.03992
4.973942e-007,4.03521
4.977942e-007,4.02345
4.981942e-007,4.03286
4.985942e-007,4.02816
4.989942e-007,4.0211
4.993942e-007,4.02345
4.997942e-007,4.03757
5.001942e-007,4.03051
5.005942e-007,4.03286
5.009942e-007,4.02345
5.013942e-007,4.02345
5.017942e-007,4.02345
5.021942e-007,4.0258
5.025942e-007,4.02816
5.029942e-007,4.02816
5.033942e-007,4.03757
5.037942e-007,4.02345
5.041942e-007,4.03051
5.045942e-007,4.0258
5.049942e-007,4.0211
5.053942e-007,4.03757
5.057942e-007,4.03757
5.061942e-007,4.0258
5.065942e-007,4.01874
5.069942e-007,4.03521
5.073942e-007,4.01874
5.077942e-007,4.03286
5.081942e-007,4.0258
5.085942e-007,4.01874
5.089942e-007,4.02345
5.093942e-007,4.04698
5.097942e-007,4.01404
5.101942e-007,4.0258
5.105942e-007,4.0258
5.109942e-007,4.04227
5.113942e-007,4.02345
5.117942e-007,4.03521
5.121942e-007,4.02345
5.125942e-007,4.0258
5.129942e-007,4.03051
5.133942e-007,4.01639
5.137942e-007,4.03051
5.141942e-007,4.03051
5.145942e-007,4.02816
5.149942e-007,4.0258
5.153942e-007,4.0258
5.157942e-007,4.0211
5.161942e-007,4.0211
5.165942e-007,4.0258
5.169942e-007,4.02345
5.173942e-007,4.02345
5.177942e-007,4.02345
5.181942e-007,4.03521
5.185942e-007,4.03286
5.189942e-007,4.0258
5.193942e-007,4.02816
5.197942e-007,4.03521
5.201942e-007,4.02345
5.205942e-007,4.02816
5.209942e-007,4.03521
5.213942e-007,4.0211
5.217942e-007,4.02816
5.221942e-007,4.04698
5.225942e-007,4.03757
5.229942e-007,4.03286
5.233942e-007,4.03051
5.237942e-007,4.03757
5.241942e-007,4.03757
5.245942e-007,4.03521
5.249942e-007,4.02345
5.253942e-007,4.03286
5.257942e-007,4.02345
5.261942e-007,4.03286
5.265942e-007,4.03051
5.269942e-007,4.03521
5.273942e-007,4.0258
5.277942e-007,4.02816
5.281942e-007,4.03286
5.285942e-007,4.03051
5.289942e-007,4.03521
5.293942e-007,4.02816
5.297942e-007,4.03051
5.301942e-007,4.0258
5.305942e-007,4.0211
5.309942e-007,4.02816
5.313942e-007,4.0258
5.317942e-007,4.03286
5.321942e-007,4.02816
5.325942e-007,4.03051
5.329942e-007,4.0211
5.333942e-007,4.02345
5.337942e-007,4.03521
5.341942e-007,4.02816
5.345942e-007,4.02345
5.349942e-007,4.03757
5.353942e-007,4.02345
5.357942e-007,4.03051
5.361942e-007,4.03051
5.365942e-007,4.0258
5.369942e-007,4.03051
5.373942e-007,4.02816
5.377942e-007,4.03286
5.381942e-007,4.03286
5.385942e-007,4.03521
5.389942e-007,4.03521
5.393942e-007,4.03051
5.397942e-007,4.03521
5.401942e-007,4.02816
5.405942e-007,4.04227
5.409942e-007,4.01639
5.413942e-007,4.03286
5.417942e-007,4.04227
5.421942e-007,4.03757
5.425942e-007,4.03286
5.429942e-007,4.02816
5.433942e-007,4.05168
5.437942e-007,4.03286
5.441942e-007,3.99992
5.445942e-007,4.03521
5.449942e-007,4.01874
5.453942e-007,4.0211
5.457942e-007,4.0258
5.461942e-007,4.04227
5.465942e-007,4.03757
5.469942e-007,4.00227
5.473942e-007,4.01639
5.477942e-007,4.03286
5.481942e-007,4.03757
5.485942e-007,4.03051
5.489942e-007,4.04463
5.493942e-007,3.99522
5.497942e-007,4.03521
5.501942e-007,4.01639
5.505942e-007,4.00463
5.509942e-007,4.03286
5.513942e-007,4.04933
5.517942e-007,4.05168
5.521942e-007,4.00933
5.525942e-007,4.01639
5.529942e-007,4.04463
5.533942e-007,4.03757
5.537942e-007,4.05639
5.541942e-007,4.01639
5.545942e-007,4.02816
5.549942e-007,3.99757
5.553942e-007,3.98816
5.557942e-007,4.03992
5.561942e-007,4.0658
5.565942e-007,4.01404
5.569942e-007,4.05874
5.573942e-007,4.04227
5.577942e-007,4.00698
5.581942e-007,4.03051
5.585942e-007,4.06345
5.589942e-007,4.0611
5.593942e-007,4.03051
5.597942e-007,4.04463
5.601942e-007,3.99757
5.605942e-007,4.02345
5.609942e-007,4.0211
5.613942e-007,4.04463
5.617942e-007,4.03051
5.621942e-007,4.04227
5.625942e-007,4.01169
5.629942e-007,3.97639
5.633942e-007,3.99992
5.637942e-007,4.06815
5.641942e-007,4.11756
5.645942e-007,4.01169
5.649942e-007,3.98816
5.653942e-007,3.92228
5.657942e-007,3.9458
5.661942e-007,4.04933
5.665942e-007,4.09639
5.669942e-007,4.11051
5.673942e-007,4.17874
5.677942e-007,4.01404
5.681942e-007,3.91286
5.685942e-007,3.95522
5.689942e-007,4.07286
5.693942e-007,3.9811
5.697942e-007,3.97169
5.701942e-007,4.13168
5.705942e-007,3.9811
5.709942e-007,3.96933
5.713942e-007,4.16698
5.717942e-007,4.18345
5.721942e-007,4.02345
5.725942e-007,4.04698
5.729942e-007,4.02816
5.733942e-007,3.93404
5.737942e-007,3.88934
5.741942e-007,4.16462
5.745942e-007,4.05168
5.749942e-007,3.90345
5.753942e-007,4.0658
5.757942e-007,4.11051
5.761942e-007,4.0658
5.765942e-007,3.98816
5.769942e-007,3.81875
5.773942e-007,3.98345
5.777942e-007,4.15051
5.781942e-007,3.94345
5.785942e-007,4.20933
5.789942e-007,4.27521
5.793942e-007,3.85875
5.797942e-007,4.02345
5.801942e-007,4.11051
5.805942e-007,3.76463
5.809942e-007,4.04463
5.813942e-007,4.2305
5.817942e-007,3.83993
5.821942e-007,3.95286
5.825942e-007,4.0258
5.829942e-007,3.99286
5.833942e-007,4.12933
5.837942e-007,4.04463
5.841942e-007,3.83522
5.845942e-007,3.93875
5.849942e-007,3.87051
5.853942e-007,3.94816
5.857942e-007,4.22109
5.861942e-007,4.24697
5.865942e-007,3.97875
5.869942e-007,3.85169
5.873942e-007,3.75052
5.877942e-007,3.75052
5.881942e-007,4.02816
5.885942e-007,4.10815
5.889942e-007,4.11051
5.893942e-007,4.07992
5.897942e-007,3.89875
5.901942e-007,3.91051
5.905942e-007,4.03051
5.909942e-007,4.0258
5.913942e-007,4.17639
5.917942e-007,4.01874
5.921942e-007,3.75993
5.925942e-007,3.86345
5.929942e-007,4.09168
5.933942e-007,4.20462
5.937942e-007,4.37873
5.941942e-007,4.15756
5.945942e-007,3.79757
5.949942e-007,3.79051
5.953942e-007,3.90816
5.957942e-007,3.99757
5.961942e-007,4.08933
5.965942e-007,3.94345
5.969942e-007,3.88228
5.973942e-007,4.01874
5.977942e-007,3.7811
5.981942e-007,3.95992
5.985942e-007,4.19756
5.989942e-007,3.99051
5.993942e-007,4.03992
5.997942e-007,4.1458
6.001942e-007,3.91051
6.005942e-007,3.98345
6.009942e-007,4.19521
6.013942e-007,4.07051
6.017942e-007,4.01874
6.021942e-007,3.96227
6.025942e-007,3.84698
6.029942e-007,3.92463
6.033942e-007,4.09404
6.037942e-007,4.0658
6.041942e-007,4.07992
6.045942e-007,3.9458
6.049942e-007,3.92933
6.053942e-007,4.09404
6.057942e-007,4.09639
6.061942e-007,4.07051
6.065942e-007,4.15521
6.069942e-007,3.99522
6.073942e-007,3.97875
6.077942e-007,4.12933
6.081942e-007,3.97875
6.085942e-007,3.83993
6.089942e-007,3.9811
6.093942e-007,4.05168
6.097942e-007,4.07051
6.101942e-007,4.08698
6.105942e-007,4.00227
6.109942e-007,4.02816
6.113942e-007,4.14345
6.117942e-007,4.01169
6.121942e-007,3.97639
6.125942e-007,4.00227
6.129942e-007,3.83522
6.133942e-007,3.9811
6.137942e-007,4.21168
6.141942e-007,4.18345
6.145942e-007,4.04933
6.149942e-007,4.02816
6.153942e-007,3.96933
6.157942e-007,4.03521
6.161942e-007,4.09168
6.165942e-007,4.01169
6.169942e-007,3.99286
6.173942e-007,4.07051
6.177942e-007,4.01169
6.181942e-007,3.93169
6.185942e-007,3.95992
6.189942e-007,4.07992
6.193942e-007,4.13874
6.197942e-007,4.09874
6.201942e-007,3.98816
6.205942e-007,3.97404
6.209942e-007,4.00463
6.213942e-007,4.02816
6.217942e-007,4.12933
6.221942e-007,4.15992
6.225942e-007,3.96227
6.229942e-007,3.92228
6.233942e-007,4.00698
6.237942e-007,3.95992
6.241942e-007,4.01639
6.245942e-007,4.00933
6.249942e-007,3.96933
6.253942e-007,3.99992
6.257942e-007,4.01169
6.261942e-007,4.04698
6.265942e-007,4.09404
6.269942e-007,4.13404
6.273942e-007,3.99757
6.277942e-007,4.05404
6.281942e-007,4.01169
6.285942e-007,3.97404
6.289942e-007,3.99757
6.293942e-007,3.9811
6.297942e-007,3.9811
6.301942e-007,4.11286
6.305942e-007,4.0611
6.309942e-007,4.03051
6.313942e-007,4.09404
6.317942e-007,4.04463
6.321942e-007,3.94816
6.325942e-007,3.9858
6.329942e-007,3.99051
6.333942e-007,4.07521
6.337942e-007,4.13168
6.341942e-007,3.99286
6.345942e-007,3.9858
6.349942e-007,3.98816
6.353942e-007,3.98345
6.357942e-007,4.0611
6.361942e-007,4.07992
6.365942e-007,4.00463
6.369942e-007,4.02345
6.373942e-007,4.0658
6.377942e-007,4.00933
6.381942e-007,4.1058
6.385942e-007,4.08698
6.389942e-007,4.04227
6.393942e-007,4.00463
6.397942e-007,3.97169
6.401942e-007,3.97639
6.405942e-007,4.07992
6.409942e-007,4.06815
6.413942e-007,4.03757
6.417942e-007,4.03051
6.421942e-007,4.06345
6.425942e-007,4.01404
6.429942e-007,3.96463
6.433942e-007,3.9858
6.437942e-007,4.00227
6.441942e-007,3.9858
6.445942e-007,4.04227
6.449942e-007,4.08698
6.453942e-007,4.03757
6.457942e-007,4.0658
6.461942e-007,4.04463
6.465942e-007,4.07051
6.469942e-007,4.07521
6.473942e-007,4.05168
6.477942e-007,4.04933
6.481942e-007,3.99992
6.485942e-007,3.99522
6.489942e-007,3.99757
6.493942e-007,4.04227
6.497942e-007,4.05404
6.501942e-007,4.01639
6.505942e-007,3.96463
6.509942e-007,3.99522
6.513942e-007,3.97639
6.517942e-007,4.03286
6.521942e-007,4.08227
6.525942e-007,4.0658
6.529942e-007,4.04698
6.533942e-007,4.0258
6.537942e-007,3.97404
6.541942e-007,3.99992
6.545942e-007,4.01874
6.549942e-007,4.03757
6.553942e-007,4.03051
6.557942e-007,4.0258
6.561942e-007,4.00227
6.565942e-007,3.98345
6.569942e-007,4.03521
6.573942e-007,3.99286
6.577942e-007,4.01639
6.581942e-007,4.00933
6.585942e-007,4.00933
6.589942e-007,4.07286
6.593942e-007,4.07521
6.597942e-007,4.03757
6.601942e-007,4.01639
6.605942e-007,4.04463
6.609942e-007,4.05404
6.613942e-007,4.03757
6.617942e-007,4.03521
6.621942e-007,4.0258
6.625942e-007,4.00463
6.629942e-007,4.03051
6.633942e-007,4.00933
6.637942e-007,4.02345
6.641942e-007,4.0258
6.645942e-007,4.00463
6.649942e-007,3.99992
6.653942e-007,4.01169
6.657942e-007,4.00463
6.661942e-007,4.06345
6.665942e-007,4.05404
6.669942e-007,4.02816
6.673942e-007,4.06345
6.677942e-007,4.05168
6.681942e-007,4.04698
6.685942e-007,4.05874
6.689942e-007,4.05639
6.693942e-007,3.99757
6.697942e-007,3.98816
6.701942e-007,4.00698
6.705942e-007,4.00698
6.709942e-007,4.02816
6.713942e-007,4.05168
6.717942e-007,3.99757
6.721942e-007,4.00463
6.725942e-007,3.99757
6.729942e-007,3.99992
6.733942e-007,4.03992
6.737942e-007,4.03521
6.741942e-007,3.99522
6.745942e-007,4.00698
6.749942e-007,4.05404
6.753942e-007,4.04463
6.757942e-007,4.05168
6.761942e-007,4.07286
6.765942e-007,4.04933
6.769942e-007,3.97875
6.773942e-007,4.00698
6.777942e-007,4.00698
6.781942e-007,3.98816
6.785942e-007,3.98816
6.789942e-007,4.03286
6.793942e-007,4.01874
6.797942e-007,4.03757
6.801942e-007,4.04698
6.805942e-007,4.02345
6.809942e-007,4.02345
6.813942e-007,4.01639
6.817942e-007,3.97639
6.821942e-007,4.00933
6.825942e-007,4.06345
6.829942e-007,4.05639
6.833942e-007,4.0258
6.837942e-007,4.0258
6.841942e-007,4.00933
6.845942e-007,4.01404
6.849942e-007,4.0258
6.853942e-007,4.04227
6.857942e-007,4.03051
6.861942e-007,4.00933
6.865942e-007,4.0211
6.869942e-007,4.04933
6.873942e-007,4.04227
6.877942e-007,4.03051
6.881942e-007,4.00933
6.885942e-007,4.00227
6.889942e-007,4.00698
6.893942e-007,4.03992
6.897942e-007,4.05874
6.901942e-007,4.0611
6.905942e-007,4.03521
6.909942e-007,4.02345
6.913942e-007,4.04463
6.917942e-007,4.06345
6.921942e-007,4.04698
6.925942e-007,4.00698
6.929942e-007,4.00933
6.933942e-007,4.00227
6.937942e-007,3.99286
6.941942e-007,4.00933
6.945942e-007,4.0258
6.949942e-007,4.03286
6.953942e-007,4.00227
6.957942e-007,3.99757
6.961942e-007,3.99757
6.965942e-007,4.01169
6.969942e-007,4.03992
6.973942e-007,4.05639
6.977942e-007,4.03757
6.981942e-007,4.01639
6.985942e-007,3.99992
6.989942e-007,4.01404
6.993942e-007,4.04698
6.997942e-007,4.02345
7.001942e-007,3.99757
7.005942e-007,3.9858
7.009942e-007,3.99522
7.013942e-007,4.02345
7.017942e-007,4.05874
7.021942e-007,4.04227
7.025942e-007,4.01169
7.029942e-007,4.00698
7.033942e-007,3.99522
7.037942e-007,3.98816
7.041942e-007,4.00227
7.045942e-007,4.04227
7.049942e-007,4.03521
7.053942e-007,4.02345
7.057942e-007,4.0211
7.061942e-007,4.01639
7.065942e-007,4.00933
7.069942e-007,4.02816
7.073942e-007,4.0258
7.077942e-007,4.0211
7.081942e-007,4.0211
7.085942e-007,4.01404
7.089942e-007,4.0211
7.093942e-007,4.01874
7.097942e-007,3.99757
7.101942e-007,4.00227
7.105942e-007,4.01639
7.109942e-007,4.0258
7.113942e-007,4.04227
7.117942e-007,4.03757
7.121942e-007,4.05874
7.125942e-007,4.02816
7.129942e-007,4.03521
7.133942e-007,4.02345
7.137942e-007,4.03051
7.141942e-007,4.01169
7.145942e-007,3.99051
7.149942e-007,4.01169
7.153942e-007,4.03051
7.157942e-007,4.04227
7.161942e-007,4.05168
7.165942e-007,4.03992
7.169942e-007,4.00933
7.173942e-007,4.00463
7.177942e-007,4.01404
7.181942e-007,3.99522
7.185942e-007,4.03757
7.189942e-007,4.03051
7.193942e-007,4.02816
7.197942e-007,4.03286
7.201942e-007,4.0258
7.205942e-007,4.05168
7.209942e-007,4.03521
7.213942e-007,4.03521
7.217942e-007,4.03521
7.221942e-007,4.03521
7.225942e-007,4.03286
7.229942e-007,4.04698
7.233942e-007,4.03286
7.237942e-007,4.00933
7.241942e-007,4.00463
7.245942e-007,4.00227
7.249942e-007,3.99051
7.253942e-007,3.99757
7.257942e-007,4.01169
7.261942e-007,4.03051
7.265942e-007,4.04933
7.269942e-007,4.04933
7.273942e-007,4.03286
7.277942e-007,4.01639
7.281942e-007,4.02816
7.285942e-007,4.03286
7.289942e-007,4.0258
7.293942e-007,4.00227
7.297942e-007,3.99757
7.301942e-007,4.01404
7.305942e-007,4.01404
7.309942e-007,4.00933
7.313942e-007,4.03757
7.317942e-007,4.02345
7.321942e-007,4.02345
7.325942e-007,4.03286
7.329942e-007,3.99992
7.333942e-007,4.00698
7.337942e-007,4.00933
7.341942e-007,4.00227
7.345942e-007,4.00933
7.349942e-007,3.99992
7.353942e-007,3.99992
7.357942e-007,4.02345
7.361942e-007,4.03757
7.365942e-007,4.03757
7.369942e-007,4.03992
7.373942e-007,4.03051
7.377942e-007,4.0258
7.381942e-007,4.03286
7.385942e-007,4.0258
7.389942e-007,4.01874
7.393942e-007,4.01169
7.397942e-007,4.00933
7.401942e-007,3.99522
7.405942e-007,4.01639
7.409942e-007,4.0211
7.413942e-007,4.01639
7.417942e-007,4.02816
7.421942e-007,4.0258
7.425942e-007,4.03051
7.429942e-007,4.03286
7.433942e-007,4.02816
7.437942e-007,4.01639
7.441942e-007,4.04227
7.445942e-007,4.03521
7.449942e-007,4.02816
7.453942e-007,3.99992
7.457942e-007,4.01404
7.461942e-007,4.01874
7.465942e-007,4.03286
7.469942e-007,4.03051
7.473942e-007,4.01874
7.477942e-007,4.01874
7.481942e-007,4.01404
7.485942e-007,3.99757
7.489942e-007,4.00933
7.493942e-007,4.00933
7.497942e-007,4.01639
7.501942e-007,4.03286
7.505942e-007,4.0258
7.509942e-007,4.02345
7.513942e-007,4.00698
7.517942e-007,4.01169
7.521942e-007,4.0258
7.525942e-007,4.03757
7.529942e-007,4.02345
7.533942e-007,4.0211
7.537942e-007,4.01404
7.541942e-007,4.01639
7.545942e-007,4.0211
7.549942e-007,4.01639
7.553942e-007,3.99757
7.557942e-007,4.00463
7.561942e-007,4.01169
7.565942e-007,4.01404
7.569942e-007,4.02816
7.573942e-007,4.03286
7.577942e-007,4.01874
7.581942e-007,4.02345
7.585942e-007,4.01169
7.589942e-007,4.00933
7.593942e-007,4.02816
7.597942e-007,4.02345
7.601942e-007,4.01874
7.605942e-007,4.00933
7.609942e-007,4.00227
7.613942e-007,4.01874
7.617942e-007,3.99757
7.621942e-007,4.01169
7.625942e-007,4.01874
7.629942e-007,4.01639
7.633942e-007,4.03286
7.637942e-007,4.02816
7.641942e-007,4.0258
7.645942e-007,4.00933
7.649942e-007,4.00463
7.653942e-007,4.00933
7.657942e-007,4.01639
7.661942e-007,4.0211
7.665942e-007,4.0258
7.669942e-007,4.02345
7.673942e-007,4.00463
7.677942e-007,4.01169
7.681942e-007,4.01874
7.685942e-007,4.03286
7.689942e-007,4.01404
7.693942e-007,4.00933
7.697942e-007,4.00463
7.701942e-007,4.00463
7.705942e-007,4.01404
7.709942e-007,3.99992
7.713942e-007,4.01874
7.717942e-007,4.0211
7.721942e-007,4.01169
7.725942e-007,4.00933
7.729942e-007,4.02345
7.733942e-007,4.03051
7.737942e-007,4.03051
7.741942e-007,4.03286
7.745942e-007,4.02345
7.749942e-007,4.00933
7.753942e-007,3.95286
7.757942e-007,3.80934
7.761942e-007,3.58817
7.765942e-007,3.28465
7.769942e-007,2.90348
7.773942e-007,2.51525
7.777942e-007,2.12232
7.781942e-007,1.75292
7.785942e-007,1.41175
7.789942e-007,1.10823
7.793942e-007,0.854121
7.797942e-007,0.635304
7.801942e-007,0.456485
7.805942e-007,0.324724
7.809942e-007,0.228256
7.813942e-007,0.164728
7.817942e-007,0.105906
7.821942e-007,0.0870829
7.825942e-007,0.0588483
7.829942e-007,0.0423782
7.833942e-007,0.025908
7.837942e-007,2.63522e-005
7.841942e-007,-0.0187967
7.845942e-007,-0.0164438
7.849942e-007,-0.0258553
7.853942e-007,-0.0446784
7.857942e-007,-0.0540899
7.861942e-007,-0.0682071
7.865942e-007,-0.0823244
7.869942e-007,-0.0846773
7.873942e-007,-0.0846773
7.877942e-007,-0.0893831
7.881942e-007,-0.0940888
7.885942e-007,-0.0964417
7.889942e-007,-0.0917359
7.893942e-007,-0.0964417
7.897942e-007,-0.101147
7.901942e-007,-0.1035
7.905942e-007,-0.110559
7.909942e-007,-0.108206
7.913942e-007,-0.117618
7.917942e-007,-0.1035
7.921942e-007,-0.115265
7.925942e-007,-0.110559
7.929942e-007,-0.122323
7.933942e-007,-0.117618
7.937942e-007,-0.129382
7.941942e-007,-0.134088
7.945942e-007,-0.129382
7.949942e-007,-0.134088
7.953942e-007,-0.129382
7.957942e-007,-0.152911
7.961942e-007,-0.134088
7.965942e-007,-0.136441
7.969942e-007,-0.122323
7.973942e-007,-0.117618
7.977942e-007,-0.117618
7.981942e-007,-0.110559
7.985942e-007,-0.105853
7.989942e-007,-0.1035
7.993942e-007,-0.0964417
7.997942e-007,-0.0940888
8.001942e-007,-0.101147
