LECROYWS4104HD,18971,Waveform
Segments,1,SegmentSize,25002
Segment,TrigTime,TimeSinceSegment1
#1,10-Mar-2025 17:27:29,0                 
Time,Ampl
1.019794e-006,-0.298789
1.020194e-006,-0.298789
1.020594e-006,-0.287025
1.020994e-006,-0.284672
1.021394e-006,-0.291731
1.021794e-006,-0.294084
1.022194e-006,-0.294084
1.022594e-006,-0.296436
1.022994e-006,-0.282319
1.023394e-006,-0.298789
1.023794e-006,-0.298789
1.024194e-006,-0.279966
1.024594e-006,-0.287025
1.024994e-006,-0.277613
1.025394e-006,-0.284672
1.025794e-006,-0.284672
1.026194e-006,-0.282319
1.026594e-006,-0.291731
1.026994e-006,-0.284672
1.027394e-006,-0.301142
1.027794e-006,-0.287025
1.028194e-006,-0.303495
1.028594e-006,-0.308201
1.028994e-006,-0.294084
1.029394e-006,-0.310554
1.029794e-006,-0.319965
1.030194e-006,-0.322318
1.030594e-006,-0.317612
1.030994e-006,-0.312907
1.031394e-006,-0.303495
1.031794e-006,-0.303495
1.032194e-006,-0.289378
1.032594e-006,-0.284672
1.032994e-006,-0.270555
1.033394e-006,-0.254085
1.033794e-006,-0.251732
1.034194e-006,-0.228203
1.034594e-006,-0.22585
1.034994e-006,-0.221144
1.035394e-006,-0.204674
1.035794e-006,-0.20938
1.036194e-006,-0.199968
1.036594e-006,-0.185851
1.036994e-006,-0.183498
1.037394e-006,-0.17644
1.037794e-006,-0.183498
1.038194e-006,-0.164675
1.038594e-006,-0.157617
1.038994e-006,-0.157617
1.039394e-006,-0.159969
1.039794e-006,-0.145852
1.040194e-006,-0.148205
1.040594e-006,-0.145852
1.040994e-006,-0.129382
1.041394e-006,-0.127029
1.041794e-006,-0.129382
1.042194e-006,-0.131735
1.042594e-006,-0.124676
1.042994e-006,-0.136441
1.043394e-006,-0.134088
1.043794e-006,-0.129382
1.044194e-006,-0.145852
1.044594e-006,-0.134088
1.044994e-006,-0.136441
1.045394e-006,-0.131735
1.045794e-006,-0.138794
1.046194e-006,-0.141146
1.046594e-006,-0.145852
1.046994e-006,-0.136441
1.047394e-006,-0.143499
1.047794e-006,-0.148205
1.048194e-006,-0.152911
1.048594e-006,-0.134088
1.048994e-006,-0.159969
1.049394e-006,-0.138794
1.049794e-006,-0.162322
1.050194e-006,-0.148205
1.050594e-006,-0.136441
1.050994e-006,-0.136441
1.051394e-006,-0.138794
1.051794e-006,-0.134088
1.052194e-006,-0.138794
1.052594e-006,-0.127029
1.052994e-006,-0.131735
1.053394e-006,-0.11997
1.053794e-006,-0.122323
1.054194e-006,-0.11997
1.054594e-006,-0.115265
1.054994e-006,-0.115265
1.055394e-006,-0.127029
1.055794e-006,-0.115265
1.056194e-006,-0.122323
1.056594e-006,-0.124676
1.056994e-006,-0.122323
1.057394e-006,-0.122323
1.057794e-006,-0.122323
1.058194e-006,-0.122323
1.058594e-006,-0.122323
1.058994e-006,-0.124676
1.059394e-006,-0.124676
1.059794e-006,-0.11997
1.060194e-006,-0.110559
1.060594e-006,-0.108206
1.060994e-006,-0.115265
1.061394e-006,-0.105853
1.061794e-006,-0.112912
1.062194e-006,-0.108206
1.062594e-006,-0.110559
1.062994e-006,-0.105853
1.063394e-006,-0.124676
1.063794e-006,-0.112912
1.064194e-006,-0.108206
1.064594e-006,-0.112912
1.064994e-006,-0.117618
1.065394e-006,-0.108206
1.065794e-006,-0.112912
1.066194e-006,-0.105853
1.066594e-006,-0.1035
1.066994e-006,-0.108206
1.067394e-006,-0.110559
1.067794e-006,-0.0964417
1.068194e-006,-0.0940888
1.068594e-006,-0.0964417
1.068994e-006,-0.1035
1.069394e-006,-0.101147
1.069794e-006,-0.110559
1.070194e-006,-0.101147
1.070594e-006,-0.105853
1.070994e-006,-0.112912
1.071394e-006,-0.105853
1.071794e-006,-0.0987946
1.072194e-006,-0.101147
1.072594e-006,-0.1035
1.072994e-006,-0.0987946
1.073394e-006,-0.1035
1.073794e-006,-0.112912
1.074194e-006,-0.0987946
1.074594e-006,-0.112912
1.074994e-006,-0.0964417
1.075394e-006,-0.110559
1.075794e-006,-0.0964417
1.076194e-006,-0.0987946
1.076594e-006,-0.1035
1.076994e-006,-0.110559
1.077394e-006,-0.105853
1.077794e-006,-0.115265
1.078194e-006,-0.105853
1.078594e-006,-0.108206
1.078994e-006,-0.0987946
1.079394e-006,-0.108206
1.079794e-006,-0.0964417
1.080194e-006,-0.101147
1.080594e-006,-0.105853
1.080994e-006,-0.105853
1.081394e-006,-0.0964417
1.081794e-006,-0.0893831
1.082194e-006,-0.101147
1.082594e-006,-0.0964417
1.082994e-006,-0.1035
1.083394e-006,-0.0987946
1.083794e-006,-0.1035
1.084194e-006,-0.0964417
1.084594e-006,-0.101147
1.084994e-006,-0.101147
1.085394e-006,-0.1035
1.085794e-006,-0.0870302
1.086194e-006,-0.0987946
1.086594e-006,-0.0917359
1.086994e-006,-0.0964417
1.087394e-006,-0.101147
1.087794e-006,-0.101147
1.088194e-006,-0.0870302
1.088594e-006,-0.0917359
1.088994e-006,-0.0870302
1.089394e-006,-0.0823244
1.089794e-006,-0.0776187
1.090194e-006,-0.0823244
1.090594e-006,-0.0870302
1.090994e-006,-0.0752658
1.091394e-006,-0.0823244
1.091794e-006,-0.0729129
1.092194e-006,-0.0846773
1.092594e-006,-0.0776187
1.092994e-006,-0.0776187
1.093394e-006,-0.0752658
1.093794e-006,-0.0940888
1.094194e-006,-0.0917359
1.094594e-006,-0.0987946
1.094994e-006,-0.108206
1.095394e-006,-0.117618
1.095794e-006,-0.101147
1.096194e-006,-0.108206
1.096594e-006,-0.11997
1.096994e-006,-0.117618
1.097394e-006,-0.105853
1.097794e-006,-0.112912
1.098194e-006,-0.110559
1.098594e-006,-0.110559
1.098994e-006,-0.110559
1.099394e-006,-0.105853
1.099794e-006,-0.0917359
1.100194e-006,-0.108206
1.100594e-006,-0.0846773
1.100994e-006,-0.0940888
1.101394e-006,-0.0870302
1.101794e-006,-0.0846773
1.102194e-006,-0.0846773
1.102594e-006,-0.0893831
1.102994e-006,-0.0729129
1.103394e-006,-0.0682071
1.103794e-006,-0.07056
1.104194e-006,-0.0587956
1.104594e-006,-0.0587956
1.104994e-006,-0.051737
1.105394e-006,-0.0446784
1.105794e-006,-0.0446784
1.106194e-006,-0.0446784
1.106594e-006,-0.0446784
1.106994e-006,-0.0399726
1.107394e-006,-0.0423255
1.107794e-006,-0.0399726
1.108194e-006,-0.0399726
1.108594e-006,-0.0423255
1.108994e-006,-0.0376197
1.109394e-006,-0.0399726
1.109794e-006,-0.0446784
1.110194e-006,-0.0540899
1.110594e-006,-0.0635014
1.110994e-006,-0.0658543
1.111394e-006,-0.0564427
1.111794e-006,-0.0611485
1.112194e-006,-0.0611485
1.112594e-006,-0.0611485
1.112994e-006,-0.0635014
1.113394e-006,-0.0564427
1.113794e-006,-0.0611485
1.114194e-006,-0.0540899
1.114594e-006,-0.0658543
1.114994e-006,-0.0423255
1.115394e-006,-0.0658543
1.115794e-006,-0.0493841
1.116194e-006,-0.0540899
1.116594e-006,-0.0540899
1.116994e-006,-0.0635014
1.117394e-006,-0.0540899
1.117794e-006,-0.0446784
1.118194e-006,-0.0423255
1.118594e-006,-0.051737
1.118994e-006,-0.0399726
1.119394e-006,-0.0470312
1.119794e-006,-0.0423255
1.120194e-006,-0.0423255
1.120594e-006,-0.0493841
1.120994e-006,-0.0446784
1.121394e-006,-0.0423255
1.121794e-006,-0.0423255
1.122194e-006,-0.0399726
1.122594e-006,-0.0470312
1.122994e-006,-0.0446784
1.123394e-006,-0.0399726
1.123794e-006,-0.0446784
1.124194e-006,-0.0470312
1.124594e-006,-0.0470312
1.124994e-006,-0.0423255
1.125394e-006,-0.0352668
1.125794e-006,-0.0470312
1.126194e-006,-0.0399726
1.126594e-006,-0.0493841
1.126994e-006,-0.0399726
1.127394e-006,-0.0352668
1.127794e-006,-0.0423255
1.128194e-006,-0.0470312
1.128594e-006,-0.0446784
1.128994e-006,-0.0540899
1.129394e-006,-0.0423255
1.129794e-006,-0.0470312
1.130194e-006,-0.0470312
1.130594e-006,-0.0446784
1.130994e-006,-0.0446784
1.131394e-006,-0.0399726
1.131794e-006,-0.0399726
1.132194e-006,-0.032914
1.132594e-006,-0.0423255
1.132994e-006,-0.0352668
1.133394e-006,-0.0399726
1.133794e-006,-0.0399726
1.134194e-006,-0.032914
1.134594e-006,-0.0258553
1.134994e-006,-0.032914
1.135394e-006,-0.0399726
1.135794e-006,-0.0376197
1.136194e-006,-0.0352668
1.136594e-006,-0.0376197
1.136994e-006,-0.032914
1.137394e-006,-0.0305611
1.137794e-006,-0.032914
1.138194e-006,-0.0305611
1.138594e-006,-0.0305611
1.138994e-006,-0.0376197
1.139394e-006,-0.0352668
1.139794e-006,-0.032914
1.140194e-006,-0.032914
1.140594e-006,-0.0305611
1.140994e-006,-0.0352668
1.141394e-006,-0.0352668
1.141794e-006,-0.0376197
1.142194e-006,-0.0305611
1.142594e-006,-0.0376197
1.142994e-006,-0.0352668
1.143394e-006,-0.0282082
1.143794e-006,-0.0305611
1.144194e-006,-0.0282082
1.144594e-006,-0.0235024
1.144994e-006,-0.0164438
1.145394e-006,-0.0187967
1.145794e-006,-0.0235024
1.146194e-006,-0.0258553
1.146594e-006,-0.0258553
1.146994e-006,-0.032914
1.147394e-006,-0.0211496
1.147794e-006,-0.0305611
1.148194e-006,-0.0305611
1.148594e-006,-0.0282082
1.148994e-006,-0.0187967
1.149394e-006,-0.0282082
1.149794e-006,-0.0258553
1.150194e-006,-0.032914
1.150594e-006,-0.0352668
1.150994e-006,-0.0258553
1.151394e-006,-0.0399726
1.151794e-006,-0.0187967
1.152194e-006,-0.0211496
1.152594e-006,-0.0258553
1.152994e-006,-0.0164438
1.153394e-006,-0.0282082
1.153794e-006,-0.0305611
1.154194e-006,-0.0211496
1.154594e-006,-0.0235024
1.154994e-006,-0.0140909
1.155394e-006,-0.0140909
1.155794e-006,-0.0187967
1.156194e-006,-0.0235024
1.156594e-006,-0.0211496
1.156994e-006,-0.011738
1.157394e-006,-0.00938516
1.157794e-006,-0.00467941
1.158194e-006,-0.0258553
1.158594e-006,-0.0211496
1.158994e-006,-0.0187967
1.159394e-006,-0.0211496
1.159794e-006,-0.0211496
1.160194e-006,-0.0258553
1.160594e-006,-0.0187967
1.160994e-006,-0.0258553
1.161394e-006,-0.0282082
1.161794e-006,-0.0446784
1.162194e-006,-0.0282082
1.162594e-006,-0.0235024
1.162994e-006,-0.032914
1.163394e-006,-0.0258553
1.163794e-006,-0.0282082
1.164194e-006,-0.0305611
1.164594e-006,-0.0282082
1.164994e-006,-0.032914
1.165394e-006,-0.0235024
1.165794e-006,-0.0258553
1.166194e-006,-0.0305611
1.166594e-006,-0.0305611
1.166994e-006,-0.0235024
1.167394e-006,-0.0211496
1.167794e-006,-0.0187967
1.168194e-006,-0.0235024
1.168594e-006,-0.0235024
1.168994e-006,-0.0211496
1.169394e-006,-0.0187967
1.169794e-006,-0.0187967
1.170194e-006,-0.0235024
1.170594e-006,-0.00938516
1.170994e-006,-0.0187967
1.171394e-006,-0.0187967
1.171794e-006,-0.0187967
1.172194e-006,-0.0164438
1.172594e-006,-0.00938516
1.172994e-006,-0.011738
1.173394e-006,-0.0140909
1.173794e-006,-0.0211496
1.174194e-006,-0.00703229
1.174594e-006,-0.0187967
1.174994e-006,-0.0164438
1.175394e-006,-0.0164438
1.175794e-006,-0.0282082
1.176194e-006,-0.0211496
1.176594e-006,-0.0235024
1.176994e-006,-0.032914
1.177394e-006,-0.0211496
1.177794e-006,-0.0187967
1.178194e-006,-0.011738
1.178594e-006,-0.00703229
1.178994e-006,-0.0187967
1.179394e-006,-0.0187967
1.179794e-006,-0.0187967
1.180194e-006,-0.0235024
1.180594e-006,-0.0164438
1.180994e-006,-0.0164438
1.181394e-006,-0.0140909
1.181794e-006,-0.0187967
1.182194e-006,-0.011738
1.182594e-006,-0.00938516
1.182994e-006,-0.00467941
1.183394e-006,-0.0164438
1.183794e-006,-0.0187967
1.184194e-006,-0.0164438
1.184594e-006,-0.0140909
1.184994e-006,-0.00232653
1.185394e-006,-0.011738
1.185794e-006,-0.00467941
1.186194e-006,-0.011738
1.186594e-006,-0.00938516
1.186994e-006,-0.00938516
1.187394e-006,-0.0211496
1.187794e-006,2.63522e-005
1.188194e-006,-0.00938516
1.188594e-006,-0.011738
1.188994e-006,-0.011738
1.189394e-006,-0.00703229
1.189794e-006,-0.00232653
1.190194e-006,-0.00232653
1.190594e-006,-0.011738
1.190994e-006,-0.00703229
1.191394e-006,-0.0235024
1.191794e-006,-0.00232653
1.192194e-006,-0.011738
1.192594e-006,-0.00703229
1.192994e-006,-0.00938516
1.193394e-006,2.63522e-005
1.193794e-006,-0.00467941
1.194194e-006,-0.00703229
1.194594e-006,-0.00938516
1.194994e-006,-0.00938516
1.195394e-006,-0.0187967
1.195794e-006,2.63522e-005
1.196194e-006,-0.00232653
1.196594e-006,0.00237923
1.196994e-006,0.00473211
1.197394e-006,-0.00703229
1.197794e-006,-0.00938516
1.198194e-006,0.00237923
1.198594e-006,-0.011738
1.198994e-006,-0.00938516
1.199394e-006,-0.00703229
1.199794e-006,-0.00232653
1.200194e-006,0.00473211
1.200594e-006,-0.00232653
1.200994e-006,0.00237923
1.201394e-006,-0.00938516
1.201794e-006,-0.00467941
1.202194e-006,2.63522e-005
1.202594e-006,-0.0140909
1.202994e-006,-0.00232653
1.203394e-006,-0.00467941
1.203794e-006,0.00708499
1.204194e-006,2.63522e-005
1.204594e-006,2.63522e-005
1.204994e-006,-0.00232653
1.205394e-006,-0.00703229
1.205794e-006,-0.0187967
1.206194e-006,-0.00232653
1.206594e-006,-0.00703229
1.206994e-006,-0.00467941
1.207394e-006,-0.0187967
1.207794e-006,-0.00938516
1.208194e-006,-0.00467941
1.208594e-006,-0.00467941
1.208994e-006,-0.00938516
1.209394e-006,-0.00938516
1.209794e-006,-0.011738
1.210194e-006,-0.0187967
1.210594e-006,-0.0140909
1.210994e-006,-0.00232653
1.211394e-006,-0.00938516
1.211794e-006,-0.00467941
1.212194e-006,0.00473211
1.212594e-006,2.63522e-005
1.212994e-006,-0.011738
1.213394e-006,-0.011738
1.213794e-006,2.63522e-005
1.214194e-006,0.00237923
1.214594e-006,0.00708499
1.214994e-006,2.63522e-005
1.215394e-006,-0.00467941
1.215794e-006,-0.00232653
1.216194e-006,-0.00467941
1.216594e-006,-0.00232653
1.216994e-006,-0.00938516
1.217394e-006,-0.00703229
1.217794e-006,2.63522e-005
1.218194e-006,-0.011738
1.218594e-006,2.63522e-005
1.218994e-006,2.63522e-005
1.219394e-006,-0.00938516
1.219794e-006,-0.00938516
1.220194e-006,2.63522e-005
1.220594e-006,2.63522e-005
1.220994e-006,-0.00703229
1.221394e-006,2.63522e-005
1.221794e-006,0.00708499
1.222194e-006,0.00473211
1.222594e-006,0.00943787
1.222994e-006,0.00473211
1.223394e-006,2.63522e-005
1.223794e-006,0.00708499
1.224194e-006,0.00708499
1.224594e-006,2.63522e-005
1.224994e-006,2.63522e-005
1.225394e-006,0.00237923
1.225794e-006,0.00943787
1.226194e-006,-0.00467941
1.226594e-006,0.00237923
1.226994e-006,-0.0140909
1.227394e-006,-0.00703229
1.227794e-006,-0.00232653
1.228194e-006,-0.00703229
1.228594e-006,-0.00938516
1.228994e-006,-0.00703229
1.229394e-006,-0.011738
1.229794e-006,-0.00703229
1.230194e-006,-0.00938516
1.230594e-006,-0.00938516
1.230994e-006,-0.0187967
1.231394e-006,-0.0211496
1.231794e-006,-0.00703229
1.232194e-006,-0.0211496
1.232594e-006,-0.011738
1.232994e-006,-0.0140909
1.233394e-006,-0.00703229
1.233794e-006,-0.00938516
1.234194e-006,-0.00467941
1.234594e-006,-0.0164438
1.234994e-006,-0.0140909
1.235394e-006,-0.00938516
1.235794e-006,-0.0187967
1.236194e-006,-0.0140909
1.236594e-006,-0.00938516
1.236994e-006,-0.00938516
1.237394e-006,-0.0140909
1.237794e-006,-0.00703229
1.238194e-006,-0.00938516
1.238594e-006,-0.0164438
1.238994e-006,-0.011738
1.239394e-006,-0.0164438
1.239794e-006,0.00237923
1.240194e-006,-0.00938516
1.240594e-006,-0.00703229
1.240994e-006,-0.00703229
1.241394e-006,-0.011738
1.241794e-006,-0.011738
1.242194e-006,-0.00232653
1.242594e-006,-0.0187967
1.242994e-006,-0.00703229
1.243394e-006,-0.0140909
1.243794e-006,-0.0187967
1.244194e-006,-0.0187967
1.244594e-006,-0.0164438
1.244994e-006,-0.0140909
1.245394e-006,-0.0164438
1.245794e-006,-0.00938516
1.246194e-006,-0.011738
1.246594e-006,-0.00938516
1.246994e-006,-0.00703229
1.247394e-006,-0.00467941
1.247794e-006,-0.0164438
1.248194e-006,-0.00703229
1.248594e-006,-0.011738
1.248994e-006,-0.0164438
1.249394e-006,-0.011738
1.249794e-006,-0.0164438
1.250194e-006,-0.0187967
1.250594e-006,-0.00232653
1.250994e-006,-0.00703229
1.251394e-006,2.63522e-005
1.251794e-006,-0.00938516
1.252194e-006,-0.00938516
1.252594e-006,-0.0187967
1.252994e-006,-0.0140909
1.253394e-006,-0.00703229
1.253794e-006,-0.00938516
1.254194e-006,-0.0140909
1.254594e-006,-0.0187967
1.254994e-006,-0.00938516
1.255394e-006,-0.00703229
1.255794e-006,-0.00467941
1.256194e-006,-0.00938516
1.256594e-006,-0.011738
1.256994e-006,-0.0211496
1.257394e-006,-0.011738
1.257794e-006,-0.00938516
1.258194e-006,-0.011738
1.258594e-006,-0.011738
1.258994e-006,-0.0187967
1.259394e-006,-0.0164438
1.259794e-006,-0.00938516
1.260194e-006,-0.0164438
1.260594e-006,-0.0235024
1.260994e-006,-0.0211496
1.261394e-006,-0.00938516
1.261794e-006,-0.0140909
1.262194e-006,-0.0187967
1.262594e-006,-0.0140909
1.262994e-006,-0.0164438
1.263394e-006,-0.00938516
1.263794e-006,-0.0211496
1.264194e-006,-0.0258553
1.264594e-006,-0.0211496
1.264994e-006,-0.011738
1.265394e-006,-0.0164438
1.265794e-006,-0.0187967
1.266194e-006,-0.0140909
1.266594e-006,-0.0140909
1.266994e-006,-0.0187967
1.267394e-006,-0.011738
1.267794e-006,-0.00703229
1.268194e-006,-0.0211496
1.268594e-006,-0.0187967
1.268994e-006,-0.0164438
1.269394e-006,-0.0187967
1.269794e-006,-0.0211496
1.270194e-006,-0.0164438
1.270594e-006,-0.0187967
1.270994e-006,-0.0140909
1.271394e-006,-0.00938516
1.271794e-006,-0.0235024
1.272194e-006,-0.0187967
1.272594e-006,-0.011738
1.272994e-006,-0.00938516
1.273394e-006,-0.011738
1.273794e-006,-0.0211496
1.274194e-006,-0.0187967
1.274594e-006,-0.0305611
1.274994e-006,-0.0187967
1.275394e-006,-0.0164438
1.275794e-006,-0.0258553
1.276194e-006,-0.0211496
1.276594e-006,-0.00938516
1.276994e-006,-0.00703229
1.277394e-006,-0.00703229
1.277794e-006,-0.0140909
1.278194e-006,-0.0164438
1.278594e-006,-0.0164438
1.278994e-006,-0.00467941
1.279394e-006,-0.0305611
1.279794e-006,-0.0211496
1.280194e-006,-0.0164438
1.280594e-006,-0.0164438
1.280994e-006,-0.00467941
1.281394e-006,-0.011738
1.281794e-006,-0.0140909
1.282194e-006,-0.00938516
1.282594e-006,-0.0282082
1.282994e-006,-0.0164438
1.283394e-006,-0.0211496
1.283794e-006,-0.0187967
1.284194e-006,-0.0258553
1.284594e-006,-0.011738
1.284994e-006,-0.0140909
1.285394e-006,-0.0164438
1.285794e-006,-0.0140909
1.286194e-006,-0.0282082
1.286594e-006,-0.0140909
1.286994e-006,-0.0187967
1.287394e-006,-0.0140909
1.287794e-006,-0.0211496
1.288194e-006,-0.0140909
1.288594e-006,-0.00703229
1.288994e-006,-0.0140909
1.289394e-006,-0.0211496
1.289794e-006,-0.0235024
1.290194e-006,-0.0187967
1.290594e-006,-0.011738
1.290994e-006,-0.0164438
1.291394e-006,-0.0164438
1.291794e-006,-0.011738
1.292194e-006,-0.00938516
1.292594e-006,-0.0164438
1.292994e-006,-0.0258553
1.293394e-006,-0.00938516
1.293794e-006,-0.0164438
1.294194e-006,-0.0164438
1.294594e-006,-0.0164438
1.294994e-006,-0.0235024
1.295394e-006,-0.0187967
1.295794e-006,-0.0164438
1.296194e-006,-0.0235024
1.296594e-006,-0.011738
1.296994e-006,-0.0211496
1.297394e-006,-0.0305611
1.297794e-006,-0.0282082
1.298194e-006,-0.0187967
1.298594e-006,-0.0140909
1.298994e-006,-0.0235024
1.299394e-006,-0.0187967
1.299794e-006,-0.0211496
1.300194e-006,-0.0305611
1.300594e-006,-0.0352668
1.300994e-006,-0.0305611
1.301394e-006,-0.0187967
1.301794e-006,-0.0258553
1.302194e-006,-0.0282082
1.302594e-006,-0.0187967
1.302994e-006,-0.0164438
1.303394e-006,-0.0211496
1.303794e-006,-0.0258553
1.304194e-006,-0.0258553
1.304594e-006,-0.0211496
1.304994e-006,-0.0305611
1.305394e-006,-0.0211496
1.305794e-006,-0.0282082
1.306194e-006,-0.0235024
1.306594e-006,-0.011738
1.306994e-006,-0.0282082
1.307394e-006,-0.0258553
1.307794e-006,-0.0187967
1.308194e-006,-0.0235024
1.308594e-006,-0.0211496
1.308994e-006,-0.0282082
1.309394e-006,-0.0164438
1.309794e-006,-0.0187967
1.310194e-006,-0.0164438
1.310594e-006,-0.011738
1.310994e-006,-0.0164438
1.311394e-006,-0.00938516
1.311794e-006,-0.0282082
1.312194e-006,-0.0211496
1.312594e-006,-0.0187967
1.312994e-006,-0.0211496
1.313394e-006,-0.0258553
1.313794e-006,-0.0211496
1.314194e-006,-0.0235024
1.314594e-006,-0.0235024
1.314994e-006,-0.0164438
1.315394e-006,-0.0399726
1.315794e-006,-0.011738
1.316194e-006,-0.0164438
1.316594e-006,-0.0187967
1.316994e-006,-0.0211496
1.317394e-006,-0.011738
1.317794e-006,-0.0187967
1.318194e-006,-0.0140909
1.318594e-006,-0.0164438
1.318994e-006,-0.0211496
1.319394e-006,-0.0187967
1.319794e-006,-0.0187967
1.320194e-006,-0.011738
1.320594e-006,-0.0187967
1.320994e-006,-0.0258553
1.321394e-006,-0.00938516
1.321794e-006,-0.0258553
1.322194e-006,-0.0211496
1.322594e-006,-0.0164438
1.322994e-006,-0.0211496
1.323394e-006,-0.0164438
1.323794e-006,-0.011738
1.324194e-006,-0.0140909
1.324594e-006,-0.0187967
1.324994e-006,-0.00938516
1.325394e-006,-0.00938516
1.325794e-006,-0.0164438
1.326194e-006,-0.0211496
1.326594e-006,-0.011738
1.326994e-006,-0.0211496
1.327394e-006,-0.011738
1.327794e-006,-0.0187967
1.328194e-006,-0.00703229
1.328594e-006,-0.0164438
1.328994e-006,-0.0187967
1.329394e-006,-0.0211496
1.329794e-006,-0.0258553
1.330194e-006,-0.0211496
1.330594e-006,-0.0305611
1.330994e-006,-0.0258553
1.331394e-006,-0.0164438
1.331794e-006,-0.00703229
1.332194e-006,-0.00703229
1.332594e-006,-0.00703229
1.332994e-006,-0.0164438
1.333394e-006,-0.0187967
1.333794e-006,-0.0282082
1.334194e-006,-0.0140909
1.334594e-006,-0.00938516
1.334994e-006,-0.0164438
1.335394e-006,-0.00938516
1.335794e-006,-0.0187967
1.336194e-006,-0.0164438
1.336594e-006,-0.00938516
1.336994e-006,-0.00938516
1.337394e-006,-0.0235024
1.337794e-006,-0.0140909
1.338194e-006,-0.011738
1.338594e-006,-0.0140909
1.338994e-006,-0.0164438
1.339394e-006,-0.0140909
1.339794e-006,-0.0140909
1.340194e-006,-0.0140909
1.340594e-006,-0.0164438
1.340994e-006,-0.0235024
1.341394e-006,-0.011738
1.341794e-006,-0.0140909
1.342194e-006,-0.011738
1.342594e-006,-0.0164438
1.342994e-006,-0.0140909
1.343394e-006,-0.0140909
1.343794e-006,-0.0164438
1.344194e-006,-0.0140909
1.344594e-006,-0.0164438
1.344994e-006,-0.0164438
1.345394e-006,-0.00703229
1.345794e-006,-0.0258553
1.346194e-006,-0.0140909
1.346594e-006,-0.0258553
1.346994e-006,-0.0164438
1.347394e-006,-0.0211496
1.347794e-006,-0.0211496
1.348194e-006,-0.0211496
1.348594e-006,-0.0187967
1.348994e-006,-0.0282082
1.349394e-006,-0.011738
1.349794e-006,-0.011738
1.350194e-006,-0.0187967
1.350594e-006,-0.0211496
1.350994e-006,-0.0187967
1.351394e-006,-0.0211496
1.351794e-006,-0.0211496
1.352194e-006,-0.011738
1.352594e-006,-0.0282082
1.352994e-006,-0.0211496
1.353394e-006,-0.011738
1.353794e-006,-0.0164438
1.354194e-006,-0.00938516
1.354594e-006,-0.0211496
1.354994e-006,-0.0164438
1.355394e-006,-0.0211496
1.355794e-006,-0.0140909
1.356194e-006,-0.0235024
1.356594e-006,-0.0140909
1.356994e-006,-0.0187967
1.357394e-006,-0.00703229
1.357794e-006,-0.0140909
1.358194e-006,-0.0235024
1.358594e-006,-0.0140909
1.358994e-006,-0.011738
1.359394e-006,-0.0211496
1.359794e-006,-0.0140909
1.360194e-006,-0.0258553
1.360594e-006,-0.011738
1.360994e-006,-0.0140909
1.361394e-006,-0.0164438
1.361794e-006,-0.00938516
1.362194e-006,-0.00938516
1.362594e-006,-0.00938516
1.362994e-006,-0.0258553
1.363394e-006,-0.011738
1.363794e-006,-0.0187967
1.364194e-006,-0.0140909
1.364594e-006,-0.0258553
1.364994e-006,-0.0187967
1.365394e-006,-0.0140909
1.365794e-006,-0.0140909
1.366194e-006,-0.0164438
1.366594e-006,-0.0235024
1.366994e-006,-0.0258553
1.367394e-006,-0.011738
1.367794e-006,-0.011738
1.368194e-006,-0.0164438
1.368594e-006,-0.0140909
1.368994e-006,-0.00703229
1.369394e-006,-0.0164438
1.369794e-006,-0.0164438
1.370194e-006,-0.0140909
1.370594e-006,-0.0187967
1.370994e-006,-0.0164438
1.371394e-006,-0.0187967
1.371794e-006,-0.011738
1.372194e-006,-0.0305611
1.372594e-006,-0.011738
1.372994e-006,-0.0140909
1.373394e-006,-0.011738
1.373794e-006,-0.00938516
1.374194e-006,-0.0187967
1.374594e-006,-0.0164438
1.374994e-006,-0.00938516
1.375394e-006,-0.00467941
1.375794e-006,-0.011738
1.376194e-006,-0.0140909
1.376594e-006,-0.0187967
1.376994e-006,-0.0211496
1.377394e-006,-0.011738
1.377794e-006,-0.0164438
1.378194e-006,-0.0211496
1.378594e-006,-0.0140909
1.378994e-006,-0.00703229
1.379394e-006,-0.0164438
1.379794e-006,-0.0235024
1.380194e-006,-0.0164438
1.380594e-006,-0.0140909
1.380994e-006,-0.0258553
1.381394e-006,-0.00232653
1.381794e-006,-0.0211496
1.382194e-006,-0.0140909
1.382594e-006,-0.0187967
1.382994e-006,-0.0164438
1.383394e-006,-0.00467941
1.383794e-006,-0.011738
1.384194e-006,-0.0211496
1.384594e-006,-0.00703229
1.384994e-006,-0.0235024
1.385394e-006,-0.00703229
1.385794e-006,-0.00938516
1.386194e-006,-0.0140909
1.386594e-006,-0.0187967
1.386994e-006,-0.011738
1.387394e-006,-0.0211496
1.387794e-006,-0.00938516
1.388194e-006,-0.00938516
1.388594e-006,-0.0235024
1.388994e-006,-0.0211496
1.389394e-006,-0.0187967
1.389794e-006,-0.00232653
1.390194e-006,-0.0164438
1.390594e-006,-0.0187967
1.390994e-006,-0.0187967
1.391394e-006,-0.0211496
1.391794e-006,-0.00703229
1.392194e-006,-0.0187967
1.392594e-006,-0.0235024
1.392994e-006,-0.0164438
1.393394e-006,-0.0211496
1.393794e-006,-0.0211496
1.394194e-006,-0.0235024
1.394594e-006,-0.0235024
1.394994e-006,-0.0258553
1.395394e-006,-0.0211496
1.395794e-006,-0.00938516
1.396194e-006,-0.0235024
1.396594e-006,-0.0140909
1.396994e-006,-0.0187967
1.397394e-006,-0.0258553
1.397794e-006,-0.0211496
1.398194e-006,-0.0164438
1.398594e-006,-0.0187967
1.398994e-006,-0.0187967
1.399394e-006,-0.0258553
1.399794e-006,-0.0187967
1.400194e-006,-0.0164438
1.400594e-006,-0.0164438
1.400994e-006,-0.011738
1.401394e-006,-0.0187967
1.401794e-006,-0.0187967
1.402194e-006,-0.0258553
1.402594e-006,-0.0164438
1.402994e-006,-0.0235024
1.403394e-006,-0.0258553
1.403794e-006,-0.0140909
1.404194e-006,-0.0258553
1.404594e-006,-0.0235024
1.404994e-006,-0.00703229
1.405394e-006,-0.0164438
1.405794e-006,-0.0187967
1.406194e-006,-0.0140909
1.406594e-006,-0.0258553
1.406994e-006,-0.0211496
1.407394e-006,-0.0187967
1.407794e-006,-0.0187967
1.408194e-006,-0.0211496
1.408594e-006,-0.032914
1.408994e-006,-0.0164438
1.409394e-006,-0.0187967
1.409794e-006,-0.0140909
1.410194e-006,-0.0235024
1.410594e-006,-0.0235024
1.410994e-006,-0.0211496
1.411394e-006,-0.0258553
1.411794e-006,-0.0211496
1.412194e-006,-0.0235024
1.412594e-006,-0.0164438
1.412994e-006,-0.0211496
1.413394e-006,-0.0164438
1.413794e-006,-0.0164438
1.414194e-006,-0.0282082
1.414594e-006,-0.0211496
1.414994e-006,-0.0187967
1.415394e-006,-0.0235024
1.415794e-006,-0.0235024
1.416194e-006,-0.0258553
1.416594e-006,-0.0140909
1.416994e-006,-0.0140909
1.417394e-006,-0.0211496
1.417794e-006,-0.0258553
1.418194e-006,-0.0187967
1.418594e-006,-0.0164438
1.418994e-006,-0.0235024
1.419394e-006,-0.0258553
1.419794e-006,-0.0140909
1.420194e-006,-0.0187967
1.420594e-006,-0.0187967
1.420994e-006,-0.032914
1.421394e-006,-0.0211496
1.421794e-006,-0.0235024
1.422194e-006,-0.0164438
1.422594e-006,-0.0187967
1.422994e-006,-0.0187967
1.423394e-006,-0.0211496
1.423794e-006,-0.0211496
1.424194e-006,-0.0235024
1.424594e-006,-0.0282082
1.424994e-006,-0.0258553
1.425394e-006,-0.0282082
1.425794e-006,-0.0211496
1.426194e-006,-0.011738
1.426594e-006,-0.0187967
1.426994e-006,-0.0211496
1.427394e-006,-0.0211496
1.427794e-006,-0.0211496
1.428194e-006,-0.0305611
1.428594e-006,-0.0140909
1.428994e-006,-0.0258553
1.429394e-006,-0.0258553
1.429794e-006,-0.0211496
1.430194e-006,-0.0164438
1.430594e-006,-0.0164438
1.430994e-006,-0.0164438
1.431394e-006,-0.0164438
1.431794e-006,-0.0282082
1.432194e-006,-0.0211496
1.432594e-006,-0.0140909
1.432994e-006,-0.0235024
1.433394e-006,-0.0211496
1.433794e-006,-0.0211496
1.434194e-006,-0.0187967
1.434594e-006,-0.011738
1.434994e-006,-0.0235024
1.435394e-006,-0.0211496
1.435794e-006,-0.0140909
1.436194e-006,-0.0235024
1.436594e-006,-0.0258553
1.436994e-006,-0.0282082
1.437394e-006,-0.0187967
1.437794e-006,-0.0305611
1.438194e-006,-0.0211496
1.438594e-006,-0.0164438
1.438994e-006,-0.011738
1.439394e-006,-0.0164438
1.439794e-006,-0.0282082
1.440194e-006,-0.0258553
1.440594e-006,-0.0235024
1.440994e-006,-0.0140909
1.441394e-006,-0.0211496
1.441794e-006,-0.0187967
1.442194e-006,-0.0235024
1.442594e-006,-0.0211496
1.442994e-006,-0.0376197
1.443394e-006,-0.032914
1.443794e-006,-0.0164438
1.444194e-006,-0.0164438
1.444594e-006,-0.0187967
1.444994e-006,-0.0211496
1.445394e-006,-0.0164438
1.445794e-006,-0.0235024
1.446194e-006,-0.0211496
1.446594e-006,-0.0258553
1.446994e-006,-0.0282082
1.447394e-006,-0.0211496
1.447794e-006,-0.0235024
1.448194e-006,-0.0258553
1.448594e-006,-0.0235024
1.448994e-006,-0.0305611
1.449394e-006,-0.0305611
1.449794e-006,-0.0235024
1.450194e-006,-0.0211496
1.450594e-006,-0.0187967
1.450994e-006,-0.0211496
1.451394e-006,-0.0282082
1.451794e-006,-0.0164438
1.452194e-006,-0.00938516
1.452594e-006,-0.011738
1.452994e-006,-0.0211496
1.453394e-006,-0.0258553
1.453794e-006,-0.0211496
1.454194e-006,-0.0211496
1.454594e-006,-0.0258553
1.454994e-006,-0.0282082
1.455394e-006,-0.0211496
1.455794e-006,-0.0235024
1.456194e-006,-0.0187967
1.456594e-006,-0.0211496
1.456994e-006,-0.0258553
1.457394e-006,-0.0187967
1.457794e-006,-0.0258553
1.458194e-006,-0.0140909
1.458594e-006,-0.0282082
1.458994e-006,-0.0282082
1.459394e-006,-0.0211496
1.459794e-006,-0.0164438
1.460194e-006,-0.0282082
1.460594e-006,-0.0258553
1.460994e-006,-0.0258553
1.461394e-006,-0.0187967
1.461794e-006,-0.0282082
1.462194e-006,-0.0211496
1.462594e-006,-0.0164438
1.462994e-006,-0.0164438
1.463394e-006,-0.0187967
1.463794e-006,-0.0235024
1.464194e-006,-0.011738
1.464594e-006,-0.00938516
1.464994e-006,-0.011738
1.465394e-006,-0.0282082
1.465794e-006,-0.0211496
1.466194e-006,-0.0211496
1.466594e-006,-0.0187967
1.466994e-006,-0.0211496
1.467394e-006,-0.0140909
1.467794e-006,-0.0140909
1.468194e-006,-0.0187967
1.468594e-006,-0.0282082
1.468994e-006,-0.0140909
1.469394e-006,-0.0187967
1.469794e-006,-0.00938516
1.470194e-006,-0.0164438
1.470594e-006,-0.00467941
1.470994e-006,-0.0164438
1.471394e-006,-0.0187967
1.471794e-006,-0.011738
1.472194e-006,-0.0211496
1.472594e-006,-0.0235024
1.472994e-006,-0.0235024
1.473394e-006,-0.0235024
1.473794e-006,-0.0235024
1.474194e-006,-0.0235024
1.474594e-006,-0.0235024
1.474994e-006,-0.00938516
1.475394e-006,-0.0235024
1.475794e-006,-0.0164438
1.476194e-006,-0.0211496
1.476594e-006,-0.0211496
1.476994e-006,-0.0164438
1.477394e-006,-0.011738
1.477794e-006,-0.00467941
1.478194e-006,-0.0211496
1.478594e-006,-0.0187967
1.478994e-006,-0.0164438
1.479394e-006,-0.0211496
1.479794e-006,-0.0235024
1.480194e-006,-0.0164438
1.480594e-006,-0.0211496
1.480994e-006,-0.0211496
1.481394e-006,-0.0211496
1.481794e-006,-0.011738
1.482194e-006,-0.0164438
1.482594e-006,-0.0187967
1.482994e-006,-0.0258553
1.483394e-006,-0.0211496
1.483794e-006,-0.00703229
1.484194e-006,-0.0305611
1.484594e-006,-0.0211496
1.484994e-006,-0.0187967
1.485394e-006,-0.0164438
1.485794e-006,-0.00703229
1.486194e-006,-0.0258553
1.486594e-006,-0.0211496
1.486994e-006,-0.0211496
1.487394e-006,-0.0235024
1.487794e-006,-0.0164438
1.488194e-006,-0.0140909
1.488594e-006,-0.0164438
1.488994e-006,-0.00938516
1.489394e-006,-0.0164438
1.489794e-006,-0.011738
1.490194e-006,-0.011738
1.490594e-006,-0.011738
1.490994e-006,-0.0164438
1.491394e-006,-0.0211496
1.491794e-006,-0.0211496
1.492194e-006,-0.0140909
1.492594e-006,-0.0140909
1.492994e-006,-0.0164438
1.493394e-006,-0.0164438
1.493794e-006,-0.0140909
1.494194e-006,-0.0140909
1.494594e-006,-0.0164438
1.494994e-006,-0.0140909
1.495394e-006,-0.0140909
1.495794e-006,-0.0164438
1.496194e-006,-0.0140909
1.496594e-006,-0.0164438
1.496994e-006,-0.00938516
1.497394e-006,-0.0140909
1.497794e-006,-0.0164438
1.498194e-006,-0.0211496
1.498594e-006,-0.0211496
1.498994e-006,-0.00703229
1.499394e-006,-0.00938516
1.499794e-006,-0.0235024
1.500194e-006,-0.0187967
1.500594e-006,-0.00938516
1.500994e-006,-0.011738
1.501394e-006,-0.011738
1.501794e-006,-0.00232653
1.502194e-006,-0.0164438
1.502594e-006,-0.0187967
1.502994e-006,-0.0164438
1.503394e-006,-0.00703229
1.503794e-006,-0.0187967
1.504194e-006,-0.011738
1.504594e-006,-0.0164438
1.504994e-006,-0.0164438
1.505394e-006,-0.011738
1.505794e-006,-0.011738
1.506194e-006,-0.0187967
1.506594e-006,-0.0140909
1.506994e-006,-0.0187967
1.507394e-006,-0.00703229
1.507794e-006,-0.0164438
1.508194e-006,-0.011738
1.508594e-006,-0.0211496
1.508994e-006,-0.0258553
1.509394e-006,-0.0164438
1.509794e-006,-0.0305611
1.510194e-006,-0.00232653
1.510594e-006,-0.0282082
1.510994e-006,-0.011738
1.511394e-006,-0.00467941
1.511794e-006,-0.0164438
1.512194e-006,-0.0140909
1.512594e-006,-0.0164438
1.512994e-006,-0.0235024
1.513394e-006,-0.0140909
1.513794e-006,-0.0211496
1.514194e-006,-0.011738
1.514594e-006,-0.0140909
1.514994e-006,-0.0211496
1.515394e-006,-0.00938516
1.515794e-006,-0.00938516
1.516194e-006,0.00237923
1.516594e-006,-0.0164438
1.516994e-006,-0.011738
1.517394e-006,-0.00703229
1.517794e-006,-0.0140909
1.518194e-006,-0.0140909
1.518594e-006,-0.011738
1.518994e-006,-0.011738
1.519394e-006,-0.00232653
1.519794e-006,-0.00938516
1.520194e-006,-0.011738
1.520594e-006,-0.011738
1.520994e-006,-0.011738
1.521394e-006,-0.011738
1.521794e-006,-0.00938516
1.522194e-006,-0.0164438
1.522594e-006,-0.0211496
1.522994e-006,-0.00703229
1.523394e-006,-0.0140909
1.523794e-006,-0.011738
1.524194e-006,-0.0187967
1.524594e-006,-0.0187967
1.524994e-006,-0.0140909
1.525394e-006,-0.0187967
1.525794e-006,-0.0140909
1.526194e-006,-0.00938516
1.526594e-006,-0.00938516
1.526994e-006,-0.011738
1.527394e-006,2.63522e-005
1.527794e-006,-0.0164438
1.528194e-006,-0.0211496
1.528594e-006,-0.00467941
1.528994e-006,-0.00467941
1.529394e-006,-0.0235024
1.529794e-006,-0.00938516
1.530194e-006,-0.0164438
1.530594e-006,-0.0258553
1.530994e-006,-0.011738
1.531394e-006,-0.011738
1.531794e-006,-0.0140909
1.532194e-006,-0.0164438
1.532594e-006,-0.00938516
1.532994e-006,-0.011738
1.533394e-006,-0.00938516
1.533794e-006,-0.0164438
1.534194e-006,-0.0187967
1.534594e-006,-0.0164438
1.534994e-006,-0.011738
1.535394e-006,-0.00938516
1.535794e-006,-0.0140909
1.536194e-006,-0.0187967
1.536594e-006,-0.011738
1.536994e-006,-0.011738
1.537394e-006,-0.0164438
1.537794e-006,-0.0211496
1.538194e-006,-0.011738
1.538594e-006,-0.0211496
1.538994e-006,-0.0140909
1.539394e-006,-0.00938516
1.539794e-006,-0.0164438
1.540194e-006,-0.0187967
1.540594e-006,-0.0164438
1.540994e-006,-0.0140909
1.541394e-006,-0.00703229
1.541794e-006,-0.00938516
1.542194e-006,-0.011738
1.542594e-006,-0.0140909
1.542994e-006,-0.011738
1.543394e-006,-0.011738
1.543794e-006,-0.0187967
1.544194e-006,-0.0164438
1.544594e-006,-0.0164438
1.544994e-006,-0.0140909
1.545394e-006,-0.0211496
1.545794e-006,-0.0140909
1.546194e-006,-0.0164438
1.546594e-006,-0.0235024
1.546994e-006,-0.0164438
1.547394e-006,-0.00467941
1.547794e-006,-0.011738
1.548194e-006,-0.0187967
1.548594e-006,-0.0140909
1.548994e-006,-0.0211496
1.549394e-006,-0.0164438
1.549794e-006,-0.0211496
1.550194e-006,-0.0164438
1.550594e-006,-0.0187967
1.550994e-006,-0.0164438
1.551394e-006,-0.0140909
1.551794e-006,-0.011738
1.552194e-006,-0.0187967
1.552594e-006,-0.011738
1.552994e-006,-0.00938516
1.553394e-006,-0.00938516
1.553794e-006,-0.0164438
1.554194e-006,-0.011738
1.554594e-006,-0.00938516
1.554994e-006,-0.00938516
1.555394e-006,-0.0164438
1.555794e-006,-0.011738
1.556194e-006,-0.0164438
1.556594e-006,-0.011738
1.556994e-006,-0.0164438
1.557394e-006,-0.0211496
1.557794e-006,-0.0211496
1.558194e-006,-0.00938516
1.558594e-006,-0.00703229
1.558994e-006,-0.0164438
1.559394e-006,-0.0187967
1.559794e-006,-0.0211496
1.560194e-006,-0.0258553
1.560594e-006,-0.00703229
1.560994e-006,-0.0282082
1.561394e-006,-0.0187967
1.561794e-006,-0.0211496
1.562194e-006,-0.0164438
1.562594e-006,-0.011738
1.562994e-006,-0.0211496
1.563394e-006,-0.0187967
1.563794e-006,-0.0235024
1.564194e-006,-0.0140909
1.564594e-006,-0.011738
1.564994e-006,-0.0164438
1.565394e-006,-0.0164438
1.565794e-006,-0.0187967
1.566194e-006,-0.0164438
1.566594e-006,-0.011738
1.566994e-006,-0.011738
1.567394e-006,-0.011738
1.567794e-006,-0.0282082
1.568194e-006,-0.011738
1.568594e-006,-0.011738
1.568994e-006,-0.011738
1.569394e-006,-0.0235024
1.569794e-006,-0.0140909
1.570194e-006,-0.00703229
1.570594e-006,-0.0140909
1.570994e-006,-0.0211496
1.571394e-006,-0.0140909
1.571794e-006,-0.0187967
1.572194e-006,-0.0140909
1.572594e-006,-0.0164438
1.572994e-006,-0.0140909
1.573394e-006,-0.0235024
1.573794e-006,-0.0235024
1.574194e-006,-0.0187967
1.574594e-006,-0.0164438
1.574994e-006,-0.0211496
1.575394e-006,-0.0211496
1.575794e-006,-0.0164438
1.576194e-006,-0.0140909
1.576594e-006,-0.0164438
1.576994e-006,-0.0140909
1.577394e-006,-0.011738
1.577794e-006,-0.0187967
1.578194e-006,-0.0164438
1.578594e-006,-0.0140909
1.578994e-006,-0.00938516
1.579394e-006,-0.0164438
1.579794e-006,-0.0164438
1.580194e-006,-0.00703229
1.580594e-006,-0.011738
1.580994e-006,-0.00938516
1.581394e-006,-0.00703229
1.581794e-006,-0.0187967
1.582194e-006,-0.0187967
1.582594e-006,-0.0164438
1.582994e-006,-0.0187967
1.583394e-006,-0.0211496
1.583794e-006,-0.011738
1.584194e-006,-0.00703229
1.584594e-006,-0.0235024
1.584994e-006,-0.0140909
1.585394e-006,-0.0164438
1.585794e-006,-0.0187967
1.586194e-006,-0.0164438
1.586594e-006,-0.0211496
1.586994e-006,-0.0258553
1.587394e-006,-0.0187967
1.587794e-006,-0.0140909
1.588194e-006,-0.0211496
1.588594e-006,-0.011738
1.588994e-006,-0.0211496
1.589394e-006,-0.0164438
1.589794e-006,-0.0140909
1.590194e-006,-0.0211496
1.590594e-006,-0.0211496
1.590994e-006,-0.0235024
1.591394e-006,-0.0235024
1.591794e-006,-0.011738
1.592194e-006,-0.00938516
1.592594e-006,-0.00467941
1.592994e-006,-0.0140909
1.593394e-006,-0.0235024
1.593794e-006,-0.0211496
1.594194e-006,-0.011738
1.594594e-006,-0.0187967
1.594994e-006,-0.0140909
1.595394e-006,-0.0140909
1.595794e-006,-0.011738
1.596194e-006,-0.00703229
1.596594e-006,-0.0282082
1.596994e-006,-0.0235024
1.597394e-006,-0.0211496
1.597794e-006,-0.00938516
1.598194e-006,-0.0164438
1.598594e-006,-0.0164438
1.598994e-006,-0.0140909
1.599394e-006,-0.0282082
1.599794e-006,-0.00467941
1.600194e-006,-0.0211496
1.600594e-006,-0.011738
1.600994e-006,-0.0164438
1.601394e-006,-0.0140909
1.601794e-006,-0.00938516
1.602194e-006,-0.0140909
1.602594e-006,-0.0187967
1.602994e-006,-0.0164438
1.603394e-006,-0.0235024
1.603794e-006,-0.0187967
1.604194e-006,-0.0211496
1.604594e-006,-0.0282082
1.604994e-006,-0.0258553
1.605394e-006,-0.00938516
1.605794e-006,-0.011738
1.606194e-006,-0.011738
1.606594e-006,-0.0140909
1.606994e-006,-0.0164438
1.607394e-006,-0.0164438
1.607794e-006,-0.0140909
1.608194e-006,-0.011738
1.608594e-006,-0.0140909
1.608994e-006,-0.0187967
1.609394e-006,-0.0140909
1.609794e-006,-0.0187967
1.610194e-006,-0.0140909
1.610594e-006,-0.00703229
1.610994e-006,-0.0258553
1.611394e-006,-0.0258553
1.611794e-006,-0.011738
1.612194e-006,-0.0235024
1.612594e-006,-0.0140909
1.612994e-006,-0.011738
1.613394e-006,-0.0187967
1.613794e-006,-0.0140909
1.614194e-006,-0.011738
1.614594e-006,-0.0258553
1.614994e-006,-0.0187967
1.615394e-006,-0.0187967
1.615794e-006,-0.011738
1.616194e-006,-0.0211496
1.616594e-006,-0.0164438
1.616994e-006,-0.011738
1.617394e-006,-0.0211496
1.617794e-006,-0.0140909
1.618194e-006,-0.0164438
1.618594e-006,-0.00467941
1.618994e-006,-0.0187967
1.619394e-006,-0.0164438
1.619794e-006,-0.0211496
1.620194e-006,-0.0211496
1.620594e-006,-0.0235024
1.620994e-006,-0.00938516
1.621394e-006,-0.00938516
1.621794e-006,-0.0140909
1.622194e-006,-0.0164438
1.622594e-006,-0.0258553
1.622994e-006,-0.011738
1.623394e-006,-0.00703229
1.623794e-006,-0.011738
1.624194e-006,-0.0164438
1.624594e-006,-0.011738
1.624994e-006,-0.0140909
1.625394e-006,-0.0140909
1.625794e-006,-0.011738
1.626194e-006,-0.011738
1.626594e-006,-0.0211496
1.626994e-006,-0.0140909
1.627394e-006,-0.011738
1.627794e-006,-0.011738
1.628194e-006,-0.0211496
1.628594e-006,-0.0164438
1.628994e-006,-0.0235024
1.629394e-006,-0.0164438
1.629794e-006,-0.0140909
1.630194e-006,-0.011738
1.630594e-006,-0.00938516
1.630994e-006,-0.011738
1.631394e-006,-0.00938516
1.631794e-006,-0.0211496
1.632194e-006,-0.0140909
1.632594e-006,-0.0140909
1.632994e-006,-0.0211496
1.633394e-006,-0.011738
1.633794e-006,-0.0258553
1.634194e-006,-0.0140909
1.634594e-006,-0.0164438
1.634994e-006,-0.00703229
1.635394e-006,-0.0187967
1.635794e-006,-0.0164438
1.636194e-006,-0.0211496
1.636594e-006,-0.0187967
1.636994e-006,-0.0140909
1.637394e-006,-0.011738
1.637794e-006,-0.0187967
1.638194e-006,-0.0140909
1.638594e-006,-0.0140909
1.638994e-006,-0.0140909
1.639394e-006,-0.00703229
1.639794e-006,-0.011738
1.640194e-006,-0.0211496
1.640594e-006,-0.011738
1.640994e-006,-0.00938516
1.641394e-006,-0.00938516
1.641794e-006,-0.0164438
1.642194e-006,-0.00232653
1.642594e-006,-0.0187967
1.642994e-006,-0.0187967
1.643394e-006,-0.00703229
1.643794e-006,-0.00232653
1.644194e-006,-0.00467941
1.644594e-006,-0.0235024
1.644994e-006,-0.00938516
1.645394e-006,-0.0211496
1.645794e-006,-0.0187967
1.646194e-006,-0.00938516
1.646594e-006,-0.00232653
1.646994e-006,-0.0164438
1.647394e-006,-0.0140909
1.647794e-006,-0.0164438
1.648194e-006,-0.0140909
1.648594e-006,-0.00703229
1.648994e-006,-0.011738
1.649394e-006,-0.00703229
1.649794e-006,-0.00467941
1.650194e-006,-0.00703229
1.650594e-006,-0.00938516
1.650994e-006,-0.011738
1.651394e-006,-0.00467941
1.651794e-006,-0.00938516
1.652194e-006,-0.0187967
1.652594e-006,-0.0164438
1.652994e-006,-0.011738
1.653394e-006,-0.011738
1.653794e-006,-0.0187967
1.654194e-006,-0.00703229
1.654594e-006,-0.0187967
1.654994e-006,-0.00703229
1.655394e-006,0.00237923
1.655794e-006,-0.0164438
1.656194e-006,-0.0140909
1.656594e-006,-0.00232653
1.656994e-006,-0.00467941
1.657394e-006,-0.0187967
1.657794e-006,-0.00703229
1.658194e-006,-0.00938516
1.658594e-006,-0.00467941
1.658994e-006,-0.00232653
1.659394e-006,-0.00467941
1.659794e-006,-0.0140909
1.660194e-006,-0.00938516
1.660594e-006,-0.00467941
1.660994e-006,-0.00703229
1.661394e-006,-0.00703229
1.661794e-006,-0.00703229
1.662194e-006,-0.0164438
1.662594e-006,-0.0164438
1.662994e-006,-0.00703229
1.663394e-006,-0.0187967
1.663794e-006,-0.00467941
1.664194e-006,-0.0187967
1.664594e-006,-0.00232653
1.664994e-006,-0.00703229
1.665394e-006,-0.0140909
1.665794e-006,-0.00703229
1.666194e-006,-0.00703229
1.666594e-006,-0.0187967
1.666994e-006,-0.0140909
1.667394e-006,-0.00938516
1.667794e-006,-0.0140909
1.668194e-006,-0.00467941
1.668594e-006,-0.00703229
1.668994e-006,-0.00467941
1.669394e-006,-0.011738
1.669794e-006,-0.00938516
1.670194e-006,-0.0164438
1.670594e-006,-0.00232653
1.670994e-006,-0.00938516
1.671394e-006,-0.011738
1.671794e-006,-0.00938516
1.672194e-006,-0.0140909
1.672594e-006,-0.00467941
1.672994e-006,-0.00938516
1.673394e-006,-0.00467941
1.673794e-006,-0.0140909
1.674194e-006,-0.011738
1.674594e-006,-0.011738
1.674994e-006,-0.011738
1.675394e-006,-0.00938516
1.675794e-006,-0.0164438
1.676194e-006,-0.00467941
1.676594e-006,-0.00938516
1.676994e-006,-0.0140909
1.677394e-006,-0.00703229
1.677794e-006,-0.0164438
1.678194e-006,-0.00703229
1.678594e-006,-0.011738
1.678994e-006,-0.00938516
1.679394e-006,-0.0140909
1.679794e-006,-0.00938516
1.680194e-006,-0.00938516
1.680594e-006,-0.00703229
1.680994e-006,-0.00938516
1.681394e-006,-0.0164438
1.681794e-006,-0.0187967
1.682194e-006,-0.00467941
1.682594e-006,-0.00703229
1.682994e-006,-0.00232653
1.683394e-006,-0.00938516
1.683794e-006,-0.0164438
1.684194e-006,-0.00938516
1.684594e-006,-0.00938516
1.684994e-006,-0.0211496
1.685394e-006,-0.00938516
1.685794e-006,-0.0140909
1.686194e-006,-0.00938516
1.686594e-006,-0.0187967
1.686994e-006,-0.0140909
1.687394e-006,-0.0164438
1.687794e-006,-0.011738
1.688194e-006,-0.0258553
1.688594e-006,-0.0164438
1.688994e-006,-0.0235024
1.689394e-006,-0.00232653
1.689794e-006,-0.0140909
1.690194e-006,-0.00938516
1.690594e-006,-0.00467941
1.690994e-006,-0.0164438
1.691394e-006,-0.0211496
1.691794e-006,-0.00703229
1.692194e-006,-0.0211496
1.692594e-006,-0.00938516
1.692994e-006,-0.0164438
1.693394e-006,-0.011738
1.693794e-006,-0.00938516
1.694194e-006,-0.00703229
1.694594e-006,2.63522e-005
1.694994e-006,-0.00938516
1.695394e-006,-0.00467941
1.695794e-006,-0.0164438
1.696194e-006,-0.00703229
1.696594e-006,-0.011738
1.696994e-006,-0.0140909
1.697394e-006,-0.011738
1.697794e-006,-0.00467941
1.698194e-006,-0.011738
1.698594e-006,-0.00232653
1.698994e-006,-0.00938516
1.699394e-006,-0.0140909
1.699794e-006,-0.00467941
1.700194e-006,-0.00938516
1.700594e-006,-0.0140909
1.700994e-006,-0.00467941
1.701394e-006,-0.0140909
1.701794e-006,-0.00938516
1.702194e-006,-0.00938516
1.702594e-006,-0.011738
1.702994e-006,-0.00703229
1.703394e-006,-0.011738
1.703794e-006,-0.00467941
1.704194e-006,-0.011738
1.704594e-006,-0.011738
1.704994e-006,-0.011738
1.705394e-006,-0.00703229
1.705794e-006,-0.0140909
1.706194e-006,-0.00938516
1.706594e-006,2.63522e-005
1.706994e-006,-0.0140909
1.707394e-006,-0.0164438
1.707794e-006,-0.00703229
1.708194e-006,-0.00232653
1.708594e-006,0.00237923
1.708994e-006,-0.00232653
1.709394e-006,-0.0140909
1.709794e-006,-0.0164438
1.710194e-006,-0.00938516
1.710594e-006,-0.0164438
1.710994e-006,-0.0211496
1.711394e-006,-0.0140909
1.711794e-006,-0.00938516
1.712194e-006,-0.00703229
1.712594e-006,-0.0140909
1.712994e-006,-0.00703229
1.713394e-006,-0.0164438
1.713794e-006,-0.0140909
1.714194e-006,2.63522e-005
1.714594e-006,-0.0187967
1.714994e-006,-0.00938516
1.715394e-006,-0.0140909
1.715794e-006,-0.00467941
1.716194e-006,-0.00232653
1.716594e-006,-0.011738
1.716994e-006,-0.0140909
1.717394e-006,-0.00703229
1.717794e-006,-0.0211496
1.718194e-006,-0.0211496
1.718594e-006,-0.0140909
1.718994e-006,-0.011738
1.719394e-006,-0.0140909
1.719794e-006,-0.00467941
1.720194e-006,-0.00938516
1.720594e-006,-0.0164438
1.720994e-006,-0.00232653
1.721394e-006,-0.011738
1.721794e-006,-0.00703229
1.722194e-006,-0.011738
1.722594e-006,-0.00232653
1.722994e-006,-0.0164438
1.723394e-006,-0.011738
1.723794e-006,-0.00938516
1.724194e-006,-0.00938516
1.724594e-006,-0.0140909
1.724994e-006,-0.0164438
1.725394e-006,-0.0187967
1.725794e-006,-0.00938516
1.726194e-006,-0.0187967
1.726594e-006,-0.0164438
1.726994e-006,-0.0140909
1.727394e-006,-0.00703229
1.727794e-006,-0.00467941
1.728194e-006,-0.011738
1.728594e-006,-0.0211496
1.728994e-006,-0.0187967
1.729394e-006,-0.0140909
1.729794e-006,-0.0164438
1.730194e-006,-0.00938516
1.730594e-006,-0.0140909
1.730994e-006,-0.00938516
1.731394e-006,-0.0187967
1.731794e-006,-0.0187967
1.732194e-006,-0.00938516
1.732594e-006,-0.0187967
1.732994e-006,-0.0187967
1.733394e-006,-0.00467941
1.733794e-006,-0.00467941
1.734194e-006,-0.0164438
1.734594e-006,-0.0140909
1.734994e-006,-0.0187967
1.735394e-006,-0.0164438
1.735794e-006,-0.00703229
1.736194e-006,-0.011738
1.736594e-006,-0.0187967
1.736994e-006,-0.0211496
1.737394e-006,-0.011738
1.737794e-006,-0.011738
1.738194e-006,-0.0164438
1.738594e-006,-0.011738
1.738994e-006,-0.0187967
1.739394e-006,-0.0164438
1.739794e-006,-0.0140909
1.740194e-006,-0.0235024
1.740594e-006,-0.00232653
1.740994e-006,-0.00938516
1.741394e-006,-0.00703229
1.741794e-006,-0.00703229
1.742194e-006,-0.011738
1.742594e-006,-0.0164438
1.742994e-006,-0.011738
1.743394e-006,-0.0140909
1.743794e-006,-0.011738
1.744194e-006,-0.011738
1.744594e-006,-0.00938516
1.744994e-006,-0.0187967
1.745394e-006,-0.00467941
1.745794e-006,-0.011738
1.746194e-006,-0.00938516
1.746594e-006,-0.00232653
1.746994e-006,-0.011738
1.747394e-006,-0.00232653
1.747794e-006,-0.0187967
1.748194e-006,-0.0187967
1.748594e-006,-0.0187967
1.748994e-006,-0.0140909
1.749394e-006,-0.0140909
1.749794e-006,-0.0164438
1.750194e-006,-0.00938516
1.750594e-006,-0.0211496
1.750994e-006,-0.011738
1.751394e-006,-0.00703229
1.751794e-006,-0.0187967
1.752194e-006,-0.00467941
1.752594e-006,-0.0140909
1.752994e-006,-0.0187967
1.753394e-006,-0.00938516
1.753794e-006,-0.011738
1.754194e-006,-0.011738
1.754594e-006,-0.0211496
1.754994e-006,-0.011738
1.755394e-006,-0.011738
1.755794e-006,-0.0187967
1.756194e-006,-0.011738
1.756594e-006,-0.0164438
1.756994e-006,-0.0187967
1.757394e-006,-0.0164438
1.757794e-006,-0.00938516
1.758194e-006,-0.0164438
1.758594e-006,-0.0282082
1.758994e-006,-0.011738
1.759394e-006,-0.00467941
1.759794e-006,-0.011738
1.760194e-006,-0.011738
1.760594e-006,-0.0187967
1.760994e-006,-0.0164438
1.761394e-006,-0.0187967
1.761794e-006,-0.011738
1.762194e-006,-0.0140909
1.762594e-006,-0.0258553
1.762994e-006,-0.011738
1.763394e-006,-0.00467941
1.763794e-006,-0.00938516
1.764194e-006,-0.0164438
1.764594e-006,-0.0140909
1.764994e-006,-0.0258553
1.765394e-006,-0.00467941
1.765794e-006,-0.0211496
1.766194e-006,-0.0140909
1.766594e-006,-0.0211496
1.766994e-006,-0.011738
1.767394e-006,-0.0140909
1.767794e-006,-0.00938516
1.768194e-006,-0.0140909
1.768594e-006,-0.011738
1.768994e-006,-0.0140909
1.769394e-006,-0.0164438
1.769794e-006,-0.00938516
1.770194e-006,-0.00938516
1.770594e-006,-0.00703229
1.770994e-006,-0.00703229
1.771394e-006,-0.011738
1.771794e-006,-0.00938516
1.772194e-006,-0.00232653
1.772594e-006,-0.0187967
1.772994e-006,-0.0140909
1.773394e-006,-0.0187967
1.773794e-006,-0.011738
1.774194e-006,-0.0164438
1.774594e-006,-0.0164438
1.774994e-006,-0.00703229
1.775394e-006,-0.00938516
1.775794e-006,-0.0164438
1.776194e-006,-0.0140909
1.776594e-006,-0.011738
1.776994e-006,-0.00703229
1.777394e-006,-0.011738
1.777794e-006,-0.00938516
1.778194e-006,-0.00703229
1.778594e-006,-0.0140909
1.778994e-006,-0.00938516
1.779394e-006,-0.011738
1.779794e-006,-0.0140909
1.780194e-006,-0.0164438
1.780594e-006,-0.00232653
1.780994e-006,-0.011738
1.781394e-006,-0.0140909
1.781794e-006,-0.00467941
1.782194e-006,-0.00467941
1.782594e-006,-0.011738
1.782994e-006,-0.00938516
1.783394e-006,2.63522e-005
1.783794e-006,-0.00938516
1.784194e-006,-0.0140909
1.784594e-006,-0.00467941
1.784994e-006,-0.00467941
1.785394e-006,-0.011738
1.785794e-006,-0.00938516
1.786194e-006,-0.00703229
1.786594e-006,-0.0164438
1.786994e-006,-0.00467941
1.787394e-006,-0.00467941
1.787794e-006,-0.0187967
1.788194e-006,-0.0140909
1.788594e-006,-0.011738
1.788994e-006,-0.00467941
1.789394e-006,-0.00938516
1.789794e-006,-0.00938516
1.790194e-006,-0.011738
1.790594e-006,-0.011738
1.790994e-006,-0.00703229
1.791394e-006,-0.0187967
1.791794e-006,-0.0140909
1.792194e-006,-0.011738
1.792594e-006,-0.011738
1.792994e-006,2.63522e-005
1.793394e-006,-0.0140909
1.793794e-006,-0.0140909
1.794194e-006,-0.00703229
1.794594e-006,-0.0140909
1.794994e-006,-0.011738
1.795394e-006,-0.0140909
1.795794e-006,-0.00467941
1.796194e-006,-0.0187967
1.796594e-006,-0.00703229
1.796994e-006,-0.00703229
1.797394e-006,-0.00938516
1.797794e-006,-0.00232653
1.798194e-006,-0.0140909
1.798594e-006,-0.00938516
1.798994e-006,-0.00703229
1.799394e-006,-0.0140909
1.799794e-006,2.63522e-005
1.800194e-006,-0.00467941
1.800594e-006,-0.00703229
1.800994e-006,-0.011738
1.801394e-006,-0.00938516
1.801794e-006,-0.0140909
1.802194e-006,-0.011738
1.802594e-006,-0.011738
1.802994e-006,-0.011738
1.803394e-006,-0.0140909
1.803794e-006,-0.00703229
1.804194e-006,-0.00232653
1.804594e-006,-0.00703229
1.804994e-006,-0.00938516
1.805394e-006,-0.00703229
1.805794e-006,-0.0235024
1.806194e-006,-0.0140909
1.806594e-006,-0.00232653
1.806994e-006,-0.0164438
1.807394e-006,-0.011738
1.807794e-006,-0.00938516
1.808194e-006,-0.0211496
1.808594e-006,-0.00938516
1.808994e-006,2.63522e-005
1.809394e-006,-0.0140909
1.809794e-006,-0.00703229
1.810194e-006,-0.00703229
1.810594e-006,-0.00467941
1.810994e-006,-0.0164438
1.811394e-006,-0.0164438
1.811794e-006,-0.0164438
1.812194e-006,-0.0164438
1.812594e-006,-0.00467941
1.812994e-006,-0.011738
1.813394e-006,-0.0140909
1.813794e-006,-0.011738
1.814194e-006,-0.0164438
1.814594e-006,-0.00703229
1.814994e-006,-0.00467941
1.815394e-006,-0.00938516
1.815794e-006,-0.00938516
1.816194e-006,-0.0187967
1.816594e-006,-0.00938516
1.816994e-006,-0.011738
1.817394e-006,-0.00467941
1.817794e-006,-0.0187967
1.818194e-006,-0.00232653
1.818594e-006,-0.00703229
1.818994e-006,-0.00703229
1.819394e-006,-0.00703229
1.819794e-006,-0.00703229
1.820194e-006,-0.00232653
1.820594e-006,-0.0140909
1.820994e-006,-0.0211496
1.821394e-006,0.00473211
1.821794e-006,-0.00232653
1.822194e-006,-0.00703229
1.822594e-006,-0.00232653
1.822994e-006,2.63522e-005
1.823394e-006,-0.00467941
1.823794e-006,-0.00703229
1.824194e-006,-0.00703229
1.824594e-006,-0.00467941
1.824994e-006,0.00473211
1.825394e-006,-0.011738
1.825794e-006,-0.00703229
1.826194e-006,-0.011738
1.826594e-006,-0.00703229
1.826994e-006,-0.0140909
1.827394e-006,-0.0140909
1.827794e-006,-0.00703229
1.828194e-006,-0.00232653
1.828594e-006,0.00473211
1.828994e-006,-0.00467941
1.829394e-006,-0.00703229
1.829794e-006,-0.0140909
1.830194e-006,-0.00703229
1.830594e-006,-0.00232653
1.830994e-006,-0.00703229
1.831394e-006,-0.0187967
1.831794e-006,-0.00703229
1.832194e-006,-0.011738
1.832594e-006,-0.0187967
1.832994e-006,-0.00467941
1.833394e-006,0.0117907
1.833794e-006,-0.00938516
1.834194e-006,-0.00938516
1.834594e-006,0.00237923
1.834994e-006,-0.0164438
1.835394e-006,-0.0164438
1.835794e-006,-0.00467941
1.836194e-006,2.63522e-005
1.836594e-006,-0.00467941
1.836994e-006,-0.0140909
1.837394e-006,-0.00467941
1.837794e-006,-0.0164438
1.838194e-006,-0.00467941
1.838594e-006,-0.00467941
