LECROYWS4104HD,18971,Waveform
Segments,1,SegmentSize,24817
Segment,TrigTime,TimeSinceSegment1
#1,10-Mar-2025 17:27:29,0                 
Time,Ampl
1.023765e-006,-0.000357454109
1.024165e-006,-0.000357454109
1.024565e-006,-0.000357454109
1.024965e-006,-0.00035451301
1.025365e-006,-0.00035451301
1.025765e-006,-0.00035451301
1.026165e-006,-0.000351571912
1.026565e-006,-0.000351571912
1.026965e-006,-0.000348630813
1.027365e-006,-0.000348630813
1.027765e-006,-0.000345689714
1.028165e-006,-0.000345689714
1.028565e-006,-0.000342748615
1.028965e-006,-0.000342748615
1.029365e-006,-0.000339807516
1.029765e-006,-0.000339807516
1.030165e-006,-0.000336866417
1.030565e-006,-0.000336866417
1.030965e-006,-0.000336866417
1.031365e-006,-0.000333925318
1.031765e-006,-0.000333925318
1.032165e-006,-0.000333925318
1.032565e-006,-0.000336866417
1.032965e-006,-0.000336866417
1.033365e-006,-0.000336866417
1.033765e-006,-0.000339807516
1.034165e-006,-0.000339807516
1.034565e-006,-0.000342748615
1.034965e-006,-0.000345689714
1.035365e-006,-0.000348630813
1.035765e-006,-0.000348630813
1.036165e-006,-0.000351571912
1.036565e-006,-0.00035451301
1.036965e-006,-0.000357454109
1.037365e-006,-0.000360395208
1.037765e-006,-0.000360395208
1.038165e-006,-0.000363336307
1.038565e-006,-0.000366277406
1.038965e-006,-0.000369218505
1.039365e-006,-0.000369218505
1.039765e-006,-0.000372159604
1.040165e-006,-0.000372159604
1.040565e-006,-0.000372159604
1.040965e-006,-0.000375100703
1.041365e-006,-0.000375100703
1.041765e-006,-0.000375100703
1.042165e-006,-0.000375100703
1.042565e-006,-0.000372159604
1.042965e-006,-0.000372159604
1.043365e-006,-0.000372159604
1.043765e-006,-0.000372159604
1.044165e-006,-0.000369218505
1.044565e-006,-0.000369218505
1.044965e-006,-0.000366277406
1.045365e-006,-0.000363336307
1.045765e-006,-0.000363336307
1.046165e-006,-0.000360395208
1.046565e-006,-0.000357454109
1.046965e-006,-0.000357454109
1.047365e-006,-0.00035451301
1.047765e-006,-0.000351571912
1.048165e-006,-0.000348630813
1.048565e-006,-0.000345689714
1.048965e-006,-0.000345689714
1.049365e-006,-0.000342748615
1.049765e-006,-0.000339807516
1.050165e-006,-0.000336866417
1.050565e-006,-0.000336866417
1.050965e-006,-0.000333925318
1.051365e-006,-0.000330984219
1.051765e-006,-0.000330984219
1.052165e-006,-0.000330984219
1.052565e-006,-0.00032804312
1.052965e-006,-0.00032804312
1.053365e-006,-0.000330984219
1.053765e-006,-0.000330984219
1.054165e-006,-0.000330984219
1.054565e-006,-0.000333925318
1.054965e-006,-0.000333925318
1.055365e-006,-0.000336866417
1.055765e-006,-0.000339807516
1.056165e-006,-0.000342748615
1.056565e-006,-0.000345689714
1.056965e-006,-0.000348630813
1.057365e-006,-0.00035451301
1.057765e-006,-0.000357454109
1.058165e-006,-0.000360395208
1.058565e-006,-0.000366277406
1.058965e-006,-0.000369218505
1.059365e-006,-0.000372159604
1.059765e-006,-0.000375100703
1.060165e-006,-0.000378041802
1.060565e-006,-0.000380982901
1.060965e-006,-0.000383924
1.061365e-006,-0.000383924
1.061765e-006,-0.000386865099
1.062165e-006,-0.000386865099
1.062565e-006,-0.000386865099
1.062965e-006,-0.000389806198
1.063365e-006,-0.000389806198
1.063765e-006,-0.000386865099
1.064165e-006,-0.000386865099
1.064565e-006,-0.000386865099
1.064965e-006,-0.000383924
1.065365e-006,-0.000383924
1.065765e-006,-0.000380982901
1.066165e-006,-0.000378041802
1.066565e-006,-0.000378041802
1.066965e-006,-0.000375100703
1.067365e-006,-0.000375100703
1.067765e-006,-0.000372159604
1.068165e-006,-0.000369218505
1.068565e-006,-0.000369218505
1.068965e-006,-0.000366277406
1.069365e-006,-0.000366277406
1.069765e-006,-0.000363336307
1.070165e-006,-0.000363336307
1.070565e-006,-0.000360395208
1.070965e-006,-0.000360395208
1.071365e-006,-0.000357454109
1.071765e-006,-0.000357454109
1.072165e-006,-0.000357454109
1.072565e-006,-0.00035451301
1.072965e-006,-0.00035451301
1.073365e-006,-0.00035451301
1.073765e-006,-0.00035451301
1.074165e-006,-0.00035451301
1.074565e-006,-0.000351571912
1.074965e-006,-0.000351571912
1.075365e-006,-0.000351571912
1.075765e-006,-0.000351571912
1.076165e-006,-0.000351571912
1.076565e-006,-0.000351571912
1.076965e-006,-0.000351571912
1.077365e-006,-0.000351571912
1.077765e-006,-0.000351571912
1.078165e-006,-0.000351571912
1.078565e-006,-0.000351571912
1.078965e-006,-0.000351571912
1.079365e-006,-0.000351571912
1.079765e-006,-0.000351571912
1.080165e-006,-0.000351571912
1.080565e-006,-0.000351571912
1.080965e-006,-0.000351571912
1.081365e-006,-0.000351571912
1.081765e-006,-0.00035451301
1.082165e-006,-0.00035451301
1.082565e-006,-0.00035451301
1.082965e-006,-0.00035451301
1.083365e-006,-0.00035451301
1.083765e-006,-0.00035451301
1.084165e-006,-0.000357454109
1.084565e-006,-0.000357454109
1.084965e-006,-0.000360395208
1.085365e-006,-0.000360395208
1.085765e-006,-0.000363336307
1.086165e-006,-0.000363336307
1.086565e-006,-0.000366277406
1.086965e-006,-0.000369218505
1.087365e-006,-0.000372159604
1.087765e-006,-0.000372159604
1.088165e-006,-0.000375100703
1.088565e-006,-0.000378041802
1.088965e-006,-0.000380982901
1.089365e-006,-0.000380982901
1.089765e-006,-0.000383924
1.090165e-006,-0.000383924
1.090565e-006,-0.000383924
1.090965e-006,-0.000383924
1.091365e-006,-0.000383924
1.091765e-006,-0.000383924
1.092165e-006,-0.000380982901
1.092565e-006,-0.000380982901
1.092965e-006,-0.000378041802
1.093365e-006,-0.000375100703
1.093765e-006,-0.000372159604
1.094165e-006,-0.000369218505
1.094565e-006,-0.000366277406
1.094965e-006,-0.000363336307
1.095365e-006,-0.000360395208
1.095765e-006,-0.000357454109
1.096165e-006,-0.00035451301
1.096565e-006,-0.000351571912
1.096965e-006,-0.000348630813
1.097365e-006,-0.000345689714
1.097765e-006,-0.000345689714
1.098165e-006,-0.000345689714
1.098565e-006,-0.000342748615
1.098965e-006,-0.000342748615
1.099365e-006,-0.000342748615
1.099765e-006,-0.000342748615
1.100165e-006,-0.000342748615
1.100565e-006,-0.000345689714
1.100965e-006,-0.000345689714
1.101365e-006,-0.000345689714
1.101765e-006,-0.000345689714
1.102165e-006,-0.000345689714
1.102565e-006,-0.000345689714
1.102965e-006,-0.000345689714
1.103365e-006,-0.000345689714
1.103765e-006,-0.000345689714
1.104165e-006,-0.000342748615
1.104565e-006,-0.000339807516
1.104965e-006,-0.000339807516
1.105365e-006,-0.000333925318
1.105765e-006,-0.000330984219
1.106165e-006,-0.00032804312
1.106565e-006,-0.000325102021
1.106965e-006,-0.000319219823
1.107365e-006,-0.000316278724
1.107765e-006,-0.000313337625
1.108165e-006,-0.000307455427
1.108565e-006,-0.000304514328
1.108965e-006,-0.000301573229
1.109365e-006,-0.000301573229
1.109765e-006,-0.00029863213
1.110165e-006,-0.00029863213
1.110565e-006,-0.00029863213
1.110965e-006,-0.00029863213
1.111365e-006,-0.00029863213
1.111765e-006,-0.000301573229
1.112165e-006,-0.000301573229
1.112565e-006,-0.000304514328
1.112965e-006,-0.000310396526
1.113365e-006,-0.000313337625
1.113765e-006,-0.000316278724
1.114165e-006,-0.000322160922
1.114565e-006,-0.000325102021
1.114965e-006,-0.000330984219
1.115365e-006,-0.000333925318
1.115765e-006,-0.000339807516
1.116165e-006,-0.000342748615
1.116565e-006,-0.000345689714
1.116965e-006,-0.000348630813
1.117365e-006,-0.000351571912
1.117765e-006,-0.000351571912
1.118165e-006,-0.00035451301
1.118565e-006,-0.00035451301
1.118965e-006,-0.00035451301
1.119365e-006,-0.00035451301
1.119765e-006,-0.00035451301
1.120165e-006,-0.000351571912
1.120565e-006,-0.000351571912
1.120965e-006,-0.000348630813
1.121365e-006,-0.000348630813
1.121765e-006,-0.000348630813
1.122165e-006,-0.000345689714
1.122565e-006,-0.000345689714
1.122965e-006,-0.000342748615
1.123365e-006,-0.000342748615
1.123765e-006,-0.000342748615
1.124165e-006,-0.000342748615
1.124565e-006,-0.000342748615
1.124965e-006,-0.000342748615
1.125365e-006,-0.000339807516
1.125765e-006,-0.000339807516
1.126165e-006,-0.000339807516
1.126565e-006,-0.000339807516
1.126965e-006,-0.000339807516
1.127365e-006,-0.000339807516
1.127765e-006,-0.000339807516
1.128165e-006,-0.000336866417
1.128565e-006,-0.000336866417
1.128965e-006,-0.000333925318
1.129365e-006,-0.000333925318
1.129765e-006,-0.000330984219
1.130165e-006,-0.00032804312
1.130565e-006,-0.000325102021
1.130965e-006,-0.000325102021
1.131365e-006,-0.000322160922
1.131765e-006,-0.000319219823
1.132165e-006,-0.000316278724
1.132565e-006,-0.000313337625
1.132965e-006,-0.000310396526
1.133365e-006,-0.000310396526
1.133765e-006,-0.000307455427
1.134165e-006,-0.000307455427
1.134565e-006,-0.000307455427
1.134965e-006,-0.000304514328
1.135365e-006,-0.000307455427
1.135765e-006,-0.000307455427
1.136165e-006,-0.000310396526
1.136565e-006,-0.000310396526
1.136965e-006,-0.000313337625
1.137365e-006,-0.000316278724
1.137765e-006,-0.000322160922
1.138165e-006,-0.000325102021
1.138565e-006,-0.000330984219
1.138965e-006,-0.000333925318
1.139365e-006,-0.000339807516
1.139765e-006,-0.000345689714
1.140165e-006,-0.000351571912
1.140565e-006,-0.00035451301
1.140965e-006,-0.000360395208
1.141365e-006,-0.000366277406
1.141765e-006,-0.000372159604
1.142165e-006,-0.000375100703
1.142565e-006,-0.000380982901
1.142965e-006,-0.000383924
1.143365e-006,-0.000386865099
1.143765e-006,-0.000389806198
1.144165e-006,-0.000392747297
1.144565e-006,-0.000395688396
1.144965e-006,-0.000398629495
1.145365e-006,-0.000398629495
1.145765e-006,-0.000401570594
1.146165e-006,-0.000401570594
1.146565e-006,-0.000401570594
1.146965e-006,-0.000401570594
1.147365e-006,-0.000401570594
1.147765e-006,-0.000398629495
1.148165e-006,-0.000398629495
1.148565e-006,-0.000395688396
1.148965e-006,-0.000395688396
1.149365e-006,-0.000392747297
1.149765e-006,-0.000389806198
1.150165e-006,-0.000386865099
1.150565e-006,-0.000383924
1.150965e-006,-0.000380982901
1.151365e-006,-0.000378041802
1.151765e-006,-0.000372159604
1.152165e-006,-0.000369218505
1.152565e-006,-0.000366277406
1.152965e-006,-0.000360395208
1.153365e-006,-0.000357454109
1.153765e-006,-0.00035451301
1.154165e-006,-0.000351571912
1.154565e-006,-0.000348630813
1.154965e-006,-0.000342748615
1.155365e-006,-0.000342748615
1.155765e-006,-0.000339807516
1.156165e-006,-0.000336866417
1.156565e-006,-0.000333925318
1.156965e-006,-0.000333925318
1.157365e-006,-0.000330984219
1.157765e-006,-0.000330984219
1.158165e-006,-0.000330984219
1.158565e-006,-0.000330984219
1.158965e-006,-0.000333925318
1.159365e-006,-0.000333925318
1.159765e-006,-0.000336866417
1.160165e-006,-0.000339807516
1.160565e-006,-0.000342748615
1.160965e-006,-0.000345689714
1.161365e-006,-0.000348630813
1.161765e-006,-0.00035451301
1.162165e-006,-0.000357454109
1.162565e-006,-0.000360395208
1.162965e-006,-0.000363336307
1.163365e-006,-0.000369218505
1.163765e-006,-0.000372159604
1.164165e-006,-0.000375100703
1.164565e-006,-0.000378041802
1.164965e-006,-0.000380982901
1.165365e-006,-0.000383924
1.165765e-006,-0.000383924
1.166165e-006,-0.000386865099
1.166565e-006,-0.000386865099
1.166965e-006,-0.000389806198
1.167365e-006,-0.000389806198
1.167765e-006,-0.000389806198
1.168165e-006,-0.000389806198
1.168565e-006,-0.000386865099
1.168965e-006,-0.000386865099
1.169365e-006,-0.000383924
1.169765e-006,-0.000383924
1.170165e-006,-0.000380982901
1.170565e-006,-0.000380982901
1.170965e-006,-0.000378041802
1.171365e-006,-0.000375100703
1.171765e-006,-0.000372159604
1.172165e-006,-0.000369218505
1.172565e-006,-0.000369218505
1.172965e-006,-0.000366277406
1.173365e-006,-0.000363336307
1.173765e-006,-0.000360395208
1.174165e-006,-0.000357454109
1.174565e-006,-0.00035451301
1.174965e-006,-0.000351571912
1.175365e-006,-0.000351571912
1.175765e-006,-0.000348630813
1.176165e-006,-0.000348630813
1.176565e-006,-0.000345689714
1.176965e-006,-0.000345689714
1.177365e-006,-0.000342748615
1.177765e-006,-0.000342748615
1.178165e-006,-0.000342748615
1.178565e-006,-0.000342748615
1.178965e-006,-0.000342748615
1.179365e-006,-0.000342748615
1.179765e-006,-0.000342748615
1.180165e-006,-0.000342748615
1.180565e-006,-0.000345689714
1.180965e-006,-0.000345689714
1.181365e-006,-0.000345689714
1.181765e-006,-0.000348630813
1.182165e-006,-0.000348630813
1.182565e-006,-0.000351571912
1.182965e-006,-0.000351571912
1.183365e-006,-0.000351571912
1.183765e-006,-0.000351571912
1.184165e-006,-0.00035451301
1.184565e-006,-0.00035451301
1.184965e-006,-0.00035451301
1.185365e-006,-0.00035451301
1.185765e-006,-0.000357454109
1.186165e-006,-0.000357454109
1.186565e-006,-0.000357454109
1.186965e-006,-0.000357454109
1.187365e-006,-0.000357454109
1.187765e-006,-0.000357454109
1.188165e-006,-0.000357454109
1.188565e-006,-0.000357454109
1.188965e-006,-0.000357454109
1.189365e-006,-0.000357454109
1.189765e-006,-0.00035451301
1.190165e-006,-0.00035451301
1.190565e-006,-0.00035451301
1.190965e-006,-0.00035451301
1.191365e-006,-0.000351571912
1.191765e-006,-0.000351571912
1.192165e-006,-0.000351571912
1.192565e-006,-0.000348630813
1.192965e-006,-0.000345689714
1.193365e-006,-0.000345689714
1.193765e-006,-0.000342748615
1.194165e-006,-0.000339807516
1.194565e-006,-0.000336866417
1.194965e-006,-0.000333925318
1.195365e-006,-0.000333925318
1.195765e-006,-0.000330984219
1.196165e-006,-0.00032804312
1.196565e-006,-0.000325102021
1.196965e-006,-0.000322160922
1.197365e-006,-0.000322160922
1.197765e-006,-0.000319219823
1.198165e-006,-0.000319219823
1.198565e-006,-0.000316278724
1.198965e-006,-0.000316278724
1.199365e-006,-0.000316278724
1.199765e-006,-0.000316278724
1.200165e-006,-0.000316278724
1.200565e-006,-0.000316278724
1.200965e-006,-0.000319219823
1.201365e-006,-0.000319219823
1.201765e-006,-0.000322160922
1.202165e-006,-0.000325102021
1.202565e-006,-0.00032804312
1.202965e-006,-0.00032804312
1.203365e-006,-0.000330984219
1.203765e-006,-0.000333925318
1.204165e-006,-0.000336866417
1.204565e-006,-0.000342748615
1.204965e-006,-0.000345689714
1.205365e-006,-0.000348630813
1.205765e-006,-0.000351571912
1.206165e-006,-0.00035451301
1.206565e-006,-0.000357454109
1.206965e-006,-0.000360395208
1.207365e-006,-0.000366277406
1.207765e-006,-0.000369218505
1.208165e-006,-0.000372159604
1.208565e-006,-0.000375100703
1.208965e-006,-0.000378041802
1.209365e-006,-0.000380982901
1.209765e-006,-0.000383924
1.210165e-006,-0.000386865099
1.210565e-006,-0.000389806198
1.210965e-006,-0.000392747297
1.211365e-006,-0.000395688396
1.211765e-006,-0.000398629495
1.212165e-006,-0.000398629495
1.212565e-006,-0.000401570594
1.212965e-006,-0.000401570594
1.213365e-006,-0.000401570594
1.213765e-006,-0.000401570594
1.214165e-006,-0.000401570594
1.214565e-006,-0.000401570594
1.214965e-006,-0.000398629495
1.215365e-006,-0.000395688396
1.215765e-006,-0.000395688396
1.216165e-006,-0.000392747297
1.216565e-006,-0.000389806198
1.216965e-006,-0.000386865099
1.217365e-006,-0.000386865099
1.217765e-006,-0.000383924
1.218165e-006,-0.000380982901
1.218565e-006,-0.000378041802
1.218965e-006,-0.000375100703
1.219365e-006,-0.000372159604
1.219765e-006,-0.000372159604
1.220165e-006,-0.000369218505
1.220565e-006,-0.000369218505
1.220965e-006,-0.000366277406
1.221365e-006,-0.000366277406
1.221765e-006,-0.000366277406
1.222165e-006,-0.000366277406
1.222565e-006,-0.000366277406
1.222965e-006,-0.000366277406
1.223365e-006,-0.000366277406
1.223765e-006,-0.000366277406
1.224165e-006,-0.000366277406
1.224565e-006,-0.000366277406
1.224965e-006,-0.000366277406
1.225365e-006,-0.000369218505
1.225765e-006,-0.000369218505
1.226165e-006,-0.000369218505
1.226565e-006,-0.000369218505
1.226965e-006,-0.000369218505
1.227365e-006,-0.000372159604
1.227765e-006,-0.000372159604
1.228165e-006,-0.000372159604
1.228565e-006,-0.000372159604
1.228965e-006,-0.000372159604
1.229365e-006,-0.000372159604
1.229765e-006,-0.000372159604
1.230165e-006,-0.000372159604
1.230565e-006,-0.000372159604
1.230965e-006,-0.000372159604
1.231365e-006,-0.000372159604
1.231765e-006,-0.000372159604
1.232165e-006,-0.000369218505
1.232565e-006,-0.000369218505
1.232965e-006,-0.000369218505
1.233365e-006,-0.000366277406
1.233765e-006,-0.000363336307
1.234165e-006,-0.000363336307
1.234565e-006,-0.000360395208
1.234965e-006,-0.000357454109
1.235365e-006,-0.00035451301
1.235765e-006,-0.000348630813
1.236165e-006,-0.000345689714
1.236565e-006,-0.000342748615
1.236965e-006,-0.000339807516
1.237365e-006,-0.000336866417
1.237765e-006,-0.000333925318
1.238165e-006,-0.000330984219
1.238565e-006,-0.00032804312
1.238965e-006,-0.000325102021
1.239365e-006,-0.000322160922
1.239765e-006,-0.000319219823
1.240165e-006,-0.000319219823
1.240565e-006,-0.000316278724
1.240965e-006,-0.000313337625
1.241365e-006,-0.000313337625
1.241765e-006,-0.000313337625
1.242165e-006,-0.000313337625
1.242565e-006,-0.000310396526
1.242965e-006,-0.000310396526
1.243365e-006,-0.000313337625
1.243765e-006,-0.000313337625
1.244165e-006,-0.000313337625
1.244565e-006,-0.000313337625
1.244965e-006,-0.000313337625
1.245365e-006,-0.000313337625
1.245765e-006,-0.000313337625
1.246165e-006,-0.000316278724
1.246565e-006,-0.000316278724
1.246965e-006,-0.000319219823
1.247365e-006,-0.000319219823
1.247765e-006,-0.000322160922
1.248165e-006,-0.000325102021
1.248565e-006,-0.000325102021
1.248965e-006,-0.00032804312
1.249365e-006,-0.00032804312
1.249765e-006,-0.000330984219
1.250165e-006,-0.000333925318
1.250565e-006,-0.000333925318
1.250965e-006,-0.000336866417
1.251365e-006,-0.000339807516
1.251765e-006,-0.000342748615
1.252165e-006,-0.000342748615
1.252565e-006,-0.000345689714
1.252965e-006,-0.000348630813
1.253365e-006,-0.000348630813
1.253765e-006,-0.000351571912
1.254165e-006,-0.000351571912
1.254565e-006,-0.00035451301
1.254965e-006,-0.00035451301
1.255365e-006,-0.00035451301
1.255765e-006,-0.00035451301
1.256165e-006,-0.00035451301
1.256565e-006,-0.00035451301
1.256965e-006,-0.00035451301
1.257365e-006,-0.00035451301
1.257765e-006,-0.00035451301
1.258165e-006,-0.00035451301
1.258565e-006,-0.000351571912
1.258965e-006,-0.000351571912
1.259365e-006,-0.000348630813
1.259765e-006,-0.000348630813
1.260165e-006,-0.000345689714
1.260565e-006,-0.000345689714
1.260965e-006,-0.000342748615
1.261365e-006,-0.000342748615
1.261765e-006,-0.000339807516
1.262165e-006,-0.000339807516
1.262565e-006,-0.000336866417
1.262965e-006,-0.000336866417
1.263365e-006,-0.000336866417
1.263765e-006,-0.000333925318
1.264165e-006,-0.000333925318
1.264565e-006,-0.000333925318
1.264965e-006,-0.000333925318
1.265365e-006,-0.000333925318
1.265765e-006,-0.000336866417
1.266165e-006,-0.000336866417
1.266565e-006,-0.000339807516
1.266965e-006,-0.000339807516
1.267365e-006,-0.000342748615
1.267765e-006,-0.000345689714
1.268165e-006,-0.000348630813
1.268565e-006,-0.000351571912
1.268965e-006,-0.00035451301
1.269365e-006,-0.000357454109
1.269765e-006,-0.000363336307
1.270165e-006,-0.000366277406
1.270565e-006,-0.000369218505
1.270965e-006,-0.000372159604
1.271365e-006,-0.000378041802
1.271765e-006,-0.000380982901
1.272165e-006,-0.000383924
1.272565e-006,-0.000386865099
1.272965e-006,-0.000389806198
1.273365e-006,-0.000392747297
1.273765e-006,-0.000392747297
1.274165e-006,-0.000395688396
1.274565e-006,-0.000395688396
1.274965e-006,-0.000395688396
1.275365e-006,-0.000398629495
1.275765e-006,-0.000398629495
1.276165e-006,-0.000398629495
1.276565e-006,-0.000395688396
1.276965e-006,-0.000395688396
1.277365e-006,-0.000395688396
1.277765e-006,-0.000395688396
1.278165e-006,-0.000392747297
1.278565e-006,-0.000392747297
1.278965e-006,-0.000389806198
1.279365e-006,-0.000386865099
1.279765e-006,-0.000386865099
1.280165e-006,-0.000383924
1.280565e-006,-0.000380982901
1.280965e-006,-0.000378041802
1.281365e-006,-0.000375100703
1.281765e-006,-0.000372159604
1.282165e-006,-0.000369218505
1.282565e-006,-0.000366277406
1.282965e-006,-0.000363336307
1.283365e-006,-0.000363336307
1.283765e-006,-0.000360395208
1.284165e-006,-0.000357454109
1.284565e-006,-0.00035451301
1.284965e-006,-0.000351571912
1.285365e-006,-0.000348630813
1.285765e-006,-0.000348630813
1.286165e-006,-0.000345689714
1.286565e-006,-0.000342748615
1.286965e-006,-0.000342748615
1.287365e-006,-0.000342748615
1.287765e-006,-0.000342748615
1.288165e-006,-0.000342748615
1.288565e-006,-0.000342748615
1.288965e-006,-0.000342748615
1.289365e-006,-0.000342748615
1.289765e-006,-0.000342748615
1.290165e-006,-0.000342748615
1.290565e-006,-0.000342748615
1.290965e-006,-0.000345689714
1.291365e-006,-0.000345689714
1.291765e-006,-0.000345689714
1.292165e-006,-0.000345689714
1.292565e-006,-0.000348630813
1.292965e-006,-0.000348630813
1.293365e-006,-0.000348630813
1.293765e-006,-0.000348630813
1.294165e-006,-0.000348630813
1.294565e-006,-0.000348630813
1.294965e-006,-0.000348630813
1.295365e-006,-0.000348630813
1.295765e-006,-0.000348630813
1.296165e-006,-0.000348630813
1.296565e-006,-0.000348630813
1.296965e-006,-0.000351571912
1.297365e-006,-0.000351571912
1.297765e-006,-0.000351571912
1.298165e-006,-0.000351571912
1.298565e-006,-0.000351571912
1.298965e-006,-0.000351571912
1.299365e-006,-0.000351571912
1.299765e-006,-0.00035451301
1.300165e-006,-0.00035451301
1.300565e-006,-0.00035451301
1.300965e-006,-0.000357454109
1.301365e-006,-0.000357454109
1.301765e-006,-0.000357454109
1.302165e-006,-0.000360395208
1.302565e-006,-0.000360395208
1.302965e-006,-0.000363336307
1.303365e-006,-0.000363336307
1.303765e-006,-0.000363336307
1.304165e-006,-0.000366277406
1.304565e-006,-0.000366277406
1.304965e-006,-0.000366277406
1.305365e-006,-0.000366277406
1.305765e-006,-0.000366277406
1.306165e-006,-0.000366277406
1.306565e-006,-0.000366277406
1.306965e-006,-0.000366277406
1.307365e-006,-0.000363336307
1.307765e-006,-0.000363336307
1.308165e-006,-0.000363336307
1.308565e-006,-0.000360395208
1.308965e-006,-0.000360395208
1.309365e-006,-0.000360395208
1.309765e-006,-0.000357454109
1.310165e-006,-0.000357454109
1.310565e-006,-0.000357454109
1.310965e-006,-0.00035451301
1.311365e-006,-0.00035451301
1.311765e-006,-0.00035451301
1.312165e-006,-0.00035451301
1.312565e-006,-0.00035451301
1.312965e-006,-0.00035451301
1.313365e-006,-0.00035451301
1.313765e-006,-0.00035451301
1.314165e-006,-0.00035451301
1.314565e-006,-0.000357454109
1.314965e-006,-0.000357454109
1.315365e-006,-0.000357454109
1.315765e-006,-0.000360395208
1.316165e-006,-0.000363336307
1.316565e-006,-0.000363336307
1.316965e-006,-0.000366277406
1.317365e-006,-0.000366277406
1.317765e-006,-0.000369218505
1.318165e-006,-0.000369218505
1.318565e-006,-0.000372159604
1.318965e-006,-0.000372159604
1.319365e-006,-0.000375100703
1.319765e-006,-0.000375100703
1.320165e-006,-0.000378041802
1.320565e-006,-0.000378041802
1.320965e-006,-0.000378041802
1.321365e-006,-0.000378041802
1.321765e-006,-0.000378041802
1.322165e-006,-0.000375100703
1.322565e-006,-0.000375100703
1.322965e-006,-0.000375100703
1.323365e-006,-0.000372159604
1.323765e-006,-0.000372159604
1.324165e-006,-0.000372159604
1.324565e-006,-0.000369218505
1.324965e-006,-0.000369218505
1.325365e-006,-0.000369218505
1.325765e-006,-0.000369218505
1.326165e-006,-0.000369218505
1.326565e-006,-0.000369218505
1.326965e-006,-0.000369218505
1.327365e-006,-0.000369218505
1.327765e-006,-0.000369218505
1.328165e-006,-0.000369218505
1.328565e-006,-0.000372159604
1.328965e-006,-0.000372159604
1.329365e-006,-0.000375100703
1.329765e-006,-0.000378041802
1.330165e-006,-0.000378041802
1.330565e-006,-0.000380982901
1.330965e-006,-0.000383924
1.331365e-006,-0.000386865099
1.331765e-006,-0.000386865099
1.332165e-006,-0.000389806198
1.332565e-006,-0.000392747297
1.332965e-006,-0.000392747297
1.333365e-006,-0.000392747297
1.333765e-006,-0.000395688396
1.334165e-006,-0.000395688396
1.334565e-006,-0.000395688396
1.334965e-006,-0.000395688396
1.335365e-006,-0.000395688396
1.335765e-006,-0.000395688396
1.336165e-006,-0.000395688396
1.336565e-006,-0.000395688396
1.336965e-006,-0.000392747297
1.337365e-006,-0.000392747297
1.337765e-006,-0.000392747297
1.338165e-006,-0.000389806198
1.338565e-006,-0.000389806198
1.338965e-006,-0.000386865099
1.339365e-006,-0.000386865099
1.339765e-006,-0.000386865099
1.340165e-006,-0.000383924
1.340565e-006,-0.000383924
1.340965e-006,-0.000380982901
1.341365e-006,-0.000380982901
1.341765e-006,-0.000378041802
1.342165e-006,-0.000378041802
1.342565e-006,-0.000375100703
1.342965e-006,-0.000372159604
1.343365e-006,-0.000369218505
1.343765e-006,-0.000369218505
1.344165e-006,-0.000366277406
1.344565e-006,-0.000363336307
1.344965e-006,-0.000360395208
1.345365e-006,-0.000357454109
1.345765e-006,-0.00035451301
1.346165e-006,-0.000351571912
1.346565e-006,-0.000351571912
1.346965e-006,-0.000348630813
1.347365e-006,-0.000345689714
1.347765e-006,-0.000342748615
1.348165e-006,-0.000342748615
1.348565e-006,-0.000339807516
1.348965e-006,-0.000339807516
1.349365e-006,-0.000339807516
1.349765e-006,-0.000339807516
1.350165e-006,-0.000339807516
1.350565e-006,-0.000339807516
1.350965e-006,-0.000339807516
1.351365e-006,-0.000342748615
1.351765e-006,-0.000342748615
1.352165e-006,-0.000342748615
1.352565e-006,-0.000345689714
1.352965e-006,-0.000345689714
1.353365e-006,-0.000348630813
1.353765e-006,-0.000348630813
1.354165e-006,-0.000351571912
1.354565e-006,-0.000351571912
1.354965e-006,-0.000351571912
1.355365e-006,-0.00035451301
1.355765e-006,-0.00035451301
1.356165e-006,-0.00035451301
1.356565e-006,-0.00035451301
1.356965e-006,-0.000351571912
1.357365e-006,-0.000351571912
1.357765e-006,-0.000351571912
1.358165e-006,-0.000348630813
1.358565e-006,-0.000348630813
1.358965e-006,-0.000345689714
1.359365e-006,-0.000342748615
1.359765e-006,-0.000342748615
1.360165e-006,-0.000339807516
1.360565e-006,-0.000336866417
1.360965e-006,-0.000333925318
1.361365e-006,-0.000333925318
1.361765e-006,-0.000330984219
1.362165e-006,-0.00032804312
1.362565e-006,-0.00032804312
1.362965e-006,-0.00032804312
1.363365e-006,-0.000325102021
1.363765e-006,-0.000325102021
1.364165e-006,-0.00032804312
1.364565e-006,-0.00032804312
1.364965e-006,-0.00032804312
1.365365e-006,-0.000330984219
1.365765e-006,-0.000333925318
1.366165e-006,-0.000333925318
1.366565e-006,-0.000336866417
1.366965e-006,-0.000339807516
1.367365e-006,-0.000342748615
1.367765e-006,-0.000345689714
1.368165e-006,-0.000348630813
1.368565e-006,-0.000351571912
1.368965e-006,-0.00035451301
1.369365e-006,-0.000357454109
1.369765e-006,-0.000360395208
1.370165e-006,-0.000360395208
1.370565e-006,-0.000363336307
1.370965e-006,-0.000366277406
1.371365e-006,-0.000366277406
1.371765e-006,-0.000366277406
1.372165e-006,-0.000366277406
1.372565e-006,-0.000366277406
1.372965e-006,-0.000366277406
1.373365e-006,-0.000366277406
1.373765e-006,-0.000366277406
1.374165e-006,-0.000363336307
1.374565e-006,-0.000363336307
1.374965e-006,-0.000363336307
1.375365e-006,-0.000363336307
1.375765e-006,-0.000360395208
1.376165e-006,-0.000360395208
1.376565e-006,-0.000360395208
1.376965e-006,-0.000360395208
1.377365e-006,-0.000360395208
1.377765e-006,-0.000363336307
1.378165e-006,-0.000363336307
1.378565e-006,-0.000363336307
1.378965e-006,-0.000363336307
1.379365e-006,-0.000363336307
1.379765e-006,-0.000363336307
1.380165e-006,-0.000366277406
1.380565e-006,-0.000366277406
1.380965e-006,-0.000366277406
1.381365e-006,-0.000366277406
1.381765e-006,-0.000369218505
1.382165e-006,-0.000369218505
1.382565e-006,-0.000366277406
1.382965e-006,-0.000366277406
1.383365e-006,-0.000366277406
1.383765e-006,-0.000366277406
1.384165e-006,-0.000363336307
1.384565e-006,-0.000363336307
1.384965e-006,-0.000360395208
1.385365e-006,-0.000360395208
1.385765e-006,-0.000357454109
1.386165e-006,-0.000357454109
1.386565e-006,-0.00035451301
1.386965e-006,-0.000351571912
1.387365e-006,-0.000351571912
1.387765e-006,-0.000348630813
1.388165e-006,-0.000345689714
1.388565e-006,-0.000345689714
1.388965e-006,-0.000342748615
1.389365e-006,-0.000339807516
1.389765e-006,-0.000339807516
1.390165e-006,-0.000336866417
1.390565e-006,-0.000336866417
1.390965e-006,-0.000333925318
1.391365e-006,-0.000333925318
1.391765e-006,-0.000330984219
1.392165e-006,-0.000330984219
1.392565e-006,-0.000330984219
1.392965e-006,-0.00032804312
1.393365e-006,-0.00032804312
1.393765e-006,-0.00032804312
1.394165e-006,-0.00032804312
1.394565e-006,-0.00032804312
1.394965e-006,-0.00032804312
1.395365e-006,-0.00032804312
1.395765e-006,-0.00032804312
1.396165e-006,-0.00032804312
1.396565e-006,-0.000330984219
1.396965e-006,-0.000330984219
1.397365e-006,-0.000330984219
1.397765e-006,-0.000333925318
1.398165e-006,-0.000333925318
1.398565e-006,-0.000336866417
1.398965e-006,-0.000336866417
1.399365e-006,-0.000339807516
1.399765e-006,-0.000339807516
1.400165e-006,-0.000342748615
1.400565e-006,-0.000345689714
1.400965e-006,-0.000348630813
1.401365e-006,-0.000351571912
1.401765e-006,-0.00035451301
1.402165e-006,-0.000357454109
1.402565e-006,-0.000360395208
1.402965e-006,-0.000363336307
1.403365e-006,-0.000366277406
1.403765e-006,-0.000369218505
1.404165e-006,-0.000372159604
1.404565e-006,-0.000378041802
1.404965e-006,-0.000380982901
1.405365e-006,-0.000383924
1.405765e-006,-0.000389806198
1.406165e-006,-0.000392747297
1.406565e-006,-0.000395688396
1.406965e-006,-0.000398629495
1.407365e-006,-0.000401570594
1.407765e-006,-0.000404511693
1.408165e-006,-0.000407452792
1.408565e-006,-0.000407452792
1.408965e-006,-0.000407452792
1.409365e-006,-0.000410393891
1.409765e-006,-0.000407452792
1.410165e-006,-0.000407452792
1.410565e-006,-0.000407452792
1.410965e-006,-0.000404511693
1.411365e-006,-0.000404511693
1.411765e-006,-0.000401570594
1.412165e-006,-0.000398629495
1.412565e-006,-0.000392747297
1.412965e-006,-0.000389806198
1.413365e-006,-0.000386865099
1.413765e-006,-0.000380982901
1.414165e-006,-0.000378041802
1.414565e-006,-0.000372159604
1.414965e-006,-0.000369218505
1.415365e-006,-0.000366277406
1.415765e-006,-0.000363336307
1.416165e-006,-0.000360395208
1.416565e-006,-0.000357454109
1.416965e-006,-0.00035451301
1.417365e-006,-0.00035451301
1.417765e-006,-0.00035451301
1.418165e-006,-0.00035451301
1.418565e-006,-0.000351571912
1.418965e-006,-0.00035451301
1.419365e-006,-0.00035451301
1.419765e-006,-0.00035451301
1.420165e-006,-0.000357454109
1.420565e-006,-0.000360395208
1.420965e-006,-0.000360395208
1.421365e-006,-0.000363336307
1.421765e-006,-0.000366277406
1.422165e-006,-0.000369218505
1.422565e-006,-0.000372159604
1.422965e-006,-0.000375100703
1.423365e-006,-0.000375100703
1.423765e-006,-0.000378041802
1.424165e-006,-0.000378041802
1.424565e-006,-0.000380982901
1.424965e-006,-0.000380982901
1.425365e-006,-0.000380982901
1.425765e-006,-0.000380982901
1.426165e-006,-0.000380982901
1.426565e-006,-0.000380982901
1.426965e-006,-0.000380982901
1.427365e-006,-0.000378041802
1.427765e-006,-0.000378041802
1.428165e-006,-0.000375100703
1.428565e-006,-0.000372159604
1.428965e-006,-0.000372159604
1.429365e-006,-0.000369218505
1.429765e-006,-0.000366277406
1.430165e-006,-0.000363336307
1.430565e-006,-0.000360395208
1.430965e-006,-0.000357454109
1.431365e-006,-0.000357454109
1.431765e-006,-0.00035451301
1.432165e-006,-0.000351571912
1.432565e-006,-0.000348630813
1.432965e-006,-0.000345689714
1.433365e-006,-0.000342748615
1.433765e-006,-0.000342748615
1.434165e-006,-0.000339807516
1.434565e-006,-0.000336866417
1.434965e-006,-0.000336866417
1.435365e-006,-0.000333925318
1.435765e-006,-0.000333925318
1.436165e-006,-0.000330984219
1.436565e-006,-0.000330984219
1.436965e-006,-0.000330984219
1.437365e-006,-0.000330984219
1.437765e-006,-0.00032804312
1.438165e-006,-0.00032804312
1.438565e-006,-0.00032804312
1.438965e-006,-0.000330984219
1.439365e-006,-0.000330984219
1.439765e-006,-0.000330984219
1.440165e-006,-0.000333925318
1.440565e-006,-0.000333925318
1.440965e-006,-0.000336866417
1.441365e-006,-0.000339807516
1.441765e-006,-0.000342748615
1.442165e-006,-0.000345689714
1.442565e-006,-0.000351571912
1.442965e-006,-0.00035451301
1.443365e-006,-0.000357454109
1.443765e-006,-0.000363336307
1.444165e-006,-0.000366277406
1.444565e-006,-0.000369218505
1.444965e-006,-0.000375100703
1.445365e-006,-0.000378041802
1.445765e-006,-0.000380982901
1.446165e-006,-0.000383924
1.446565e-006,-0.000386865099
1.446965e-006,-0.000389806198
1.447365e-006,-0.000392747297
1.447765e-006,-0.000395688396
1.448165e-006,-0.000398629495
1.448565e-006,-0.000398629495
1.448965e-006,-0.000398629495
1.449365e-006,-0.000401570594
1.449765e-006,-0.000401570594
1.450165e-006,-0.000401570594
1.450565e-006,-0.000401570594
1.450965e-006,-0.000401570594
1.451365e-006,-0.000401570594
1.451765e-006,-0.000401570594
1.452165e-006,-0.000401570594
1.452565e-006,-0.000398629495
1.452965e-006,-0.000398629495
1.453365e-006,-0.000398629495
1.453765e-006,-0.000395688396
1.454165e-006,-0.000395688396
1.454565e-006,-0.000395688396
1.454965e-006,-0.000392747297
1.455365e-006,-0.000392747297
1.455765e-006,-0.000392747297
1.456165e-006,-0.000389806198
1.456565e-006,-0.000386865099
1.456965e-006,-0.000386865099
1.457365e-006,-0.000383924
1.457765e-006,-0.000380982901
1.458165e-006,-0.000380982901
1.458565e-006,-0.000378041802
1.458965e-006,-0.000375100703
1.459365e-006,-0.000372159604
1.459765e-006,-0.000372159604
1.460165e-006,-0.000369218505
1.460565e-006,-0.000366277406
1.460965e-006,-0.000363336307
1.461365e-006,-0.000360395208
1.461765e-006,-0.000357454109
1.462165e-006,-0.00035451301
1.462565e-006,-0.000351571912
1.462965e-006,-0.000348630813
1.463365e-006,-0.000345689714
1.463765e-006,-0.000345689714
1.464165e-006,-0.000342748615
1.464565e-006,-0.000339807516
1.464965e-006,-0.000339807516
1.465365e-006,-0.000336866417
1.465765e-006,-0.000333925318
1.466165e-006,-0.000333925318
1.466565e-006,-0.000330984219
1.466965e-006,-0.000330984219
1.467365e-006,-0.00032804312
1.467765e-006,-0.00032804312
1.468165e-006,-0.00032804312
1.468565e-006,-0.00032804312
1.468965e-006,-0.000330984219
1.469365e-006,-0.000330984219
1.469765e-006,-0.000330984219
1.470165e-006,-0.000333925318
1.470565e-006,-0.000336866417
1.470965e-006,-0.000339807516
1.471365e-006,-0.000342748615
1.471765e-006,-0.000345689714
1.472165e-006,-0.000351571912
1.472565e-006,-0.00035451301
1.472965e-006,-0.000360395208
1.473365e-006,-0.000363336307
1.473765e-006,-0.000369218505
1.474165e-006,-0.000375100703
1.474565e-006,-0.000380982901
1.474965e-006,-0.000386865099
1.475365e-006,-0.000389806198
1.475765e-006,-0.000395688396
1.476165e-006,-0.000398629495
1.476565e-006,-0.000404511693
1.476965e-006,-0.000407452792
1.477365e-006,-0.000410393891
1.477765e-006,-0.00041333499
1.478165e-006,-0.00041333499
1.478565e-006,-0.000416276089
1.478965e-006,-0.000416276089
1.479365e-006,-0.000416276089
1.479765e-006,-0.000416276089
1.480165e-006,-0.000416276089
1.480565e-006,-0.00041333499
1.480965e-006,-0.00041333499
1.481365e-006,-0.000410393891
1.481765e-006,-0.000410393891
1.482165e-006,-0.000407452792
1.482565e-006,-0.000404511693
1.482965e-006,-0.000401570594
1.483365e-006,-0.000398629495
1.483765e-006,-0.000398629495
1.484165e-006,-0.000395688396
1.484565e-006,-0.000392747297
1.484965e-006,-0.000389806198
1.485365e-006,-0.000386865099
1.485765e-006,-0.000386865099
1.486165e-006,-0.000383924
1.486565e-006,-0.000383924
1.486965e-006,-0.000380982901
1.487365e-006,-0.000378041802
1.487765e-006,-0.000378041802
1.488165e-006,-0.000375100703
1.488565e-006,-0.000375100703
1.488965e-006,-0.000372159604
1.489365e-006,-0.000369218505
1.489765e-006,-0.000369218505
1.490165e-006,-0.000366277406
1.490565e-006,-0.000363336307
1.490965e-006,-0.000363336307
1.491365e-006,-0.000360395208
1.491765e-006,-0.000357454109
1.492165e-006,-0.00035451301
1.492565e-006,-0.00035451301
1.492965e-006,-0.000351571912
1.493365e-006,-0.000351571912
1.493765e-006,-0.000348630813
1.494165e-006,-0.000348630813
1.494565e-006,-0.000348630813
1.494965e-006,-0.000348630813
1.495365e-006,-0.000348630813
1.495765e-006,-0.000348630813
1.496165e-006,-0.000348630813
1.496565e-006,-0.000351571912
1.496965e-006,-0.00035451301
1.497365e-006,-0.000357454109
1.497765e-006,-0.000360395208
1.498165e-006,-0.000366277406
1.498565e-006,-0.000372159604
1.498965e-006,-0.000375100703
1.499365e-006,-0.000380982901
1.499765e-006,-0.000386865099
1.500165e-006,-0.000392747297
1.500565e-006,-0.000398629495
1.500965e-006,-0.000404511693
1.501365e-006,-0.00041333499
1.501765e-006,-0.000419217188
1.502165e-006,-0.000425099386
1.502565e-006,-0.000430981584
1.502965e-006,-0.000436863781
1.503365e-006,-0.000442745979
1.503765e-006,-0.000448628177
1.504165e-006,-0.000451569276
1.504565e-006,-0.000454510375
1.504965e-006,-0.000460392573
1.505365e-006,-0.000463333672
1.505765e-006,-0.000466274771
1.506165e-006,-0.000466274771
1.506565e-006,-0.00046921587
1.506965e-006,-0.00046921587
1.507365e-006,-0.00046921587
1.507765e-006,-0.00046921587
1.508165e-006,-0.00046921587
1.508565e-006,-0.000466274771
1.508965e-006,-0.000463333672
1.509365e-006,-0.000460392573
1.509765e-006,-0.000457451474
1.510165e-006,-0.000451569276
1.510565e-006,-0.000445687078
1.510965e-006,-0.000442745979
1.511365e-006,-0.000436863781
1.511765e-006,-0.000430981584
1.512165e-006,-0.000422158287
1.512565e-006,-0.000416276089
1.512965e-006,-0.000410393891
1.513365e-006,-0.000404511693
1.513765e-006,-0.000398629495
1.514165e-006,-0.000389806198
1.514565e-006,-0.000383924
1.514965e-006,-0.000380982901
1.515365e-006,-0.000375100703
1.515765e-006,-0.000369218505
1.516165e-006,-0.000366277406
1.516565e-006,-0.000363336307
1.516965e-006,-0.000360395208
1.517365e-006,-0.000360395208
1.517765e-006,-0.000357454109
1.518165e-006,-0.000357454109
1.518565e-006,-0.000357454109
1.518965e-006,-0.000360395208
1.519365e-006,-0.000360395208
1.519765e-006,-0.000363336307
1.520165e-006,-0.000366277406
1.520565e-006,-0.000369218505
1.520965e-006,-0.000372159604
1.521365e-006,-0.000375100703
1.521765e-006,-0.000380982901
1.522165e-006,-0.000383924
1.522565e-006,-0.000386865099
1.522965e-006,-0.000389806198
1.523365e-006,-0.000395688396
1.523765e-006,-0.000398629495
1.524165e-006,-0.000401570594
1.524565e-006,-0.000404511693
1.524965e-006,-0.000407452792
1.525365e-006,-0.000407452792
1.525765e-006,-0.000410393891
1.526165e-006,-0.000410393891
1.526565e-006,-0.00041333499
1.526965e-006,-0.00041333499
1.527365e-006,-0.00041333499
1.527765e-006,-0.00041333499
1.528165e-006,-0.000410393891
1.528565e-006,-0.000410393891
1.528965e-006,-0.000407452792
1.529365e-006,-0.000407452792
1.529765e-006,-0.000404511693
1.530165e-006,-0.000404511693
1.530565e-006,-0.000401570594
1.530965e-006,-0.000398629495
1.531365e-006,-0.000395688396
1.531765e-006,-0.000395688396
1.532165e-006,-0.000392747297
1.532565e-006,-0.000389806198
1.532965e-006,-0.000386865099
1.533365e-006,-0.000383924
1.533765e-006,-0.000380982901
1.534165e-006,-0.000378041802
1.534565e-006,-0.000378041802
1.534965e-006,-0.000375100703
1.535365e-006,-0.000372159604
1.535765e-006,-0.000369218505
1.536165e-006,-0.000366277406
1.536565e-006,-0.000363336307
1.536965e-006,-0.000360395208
1.537365e-006,-0.000357454109
1.537765e-006,-0.00035451301
1.538165e-006,-0.000348630813
1.538565e-006,-0.000345689714
1.538965e-006,-0.000342748615
1.539365e-006,-0.000339807516
1.539765e-006,-0.000333925318
1.540165e-006,-0.000330984219
1.540565e-006,-0.000325102021
1.540965e-006,-0.000322160922
1.541365e-006,-0.000319219823
1.541765e-006,-0.000313337625
1.542165e-006,-0.000310396526
1.542565e-006,-0.000307455427
1.542965e-006,-0.000304514328
1.543365e-006,-0.000301573229
1.543765e-006,-0.000301573229
1.544165e-006,-0.00029863213
1.544565e-006,-0.00029863213
1.544965e-006,-0.00029863213
1.545365e-006,-0.00029863213
1.545765e-006,-0.00029863213
1.546165e-006,-0.000301573229
1.546565e-006,-0.000304514328
1.546965e-006,-0.000307455427
1.547365e-006,-0.000310396526
1.547765e-006,-0.000316278724
1.548165e-006,-0.000319219823
1.548565e-006,-0.000325102021
1.548965e-006,-0.000330984219
1.549365e-006,-0.000336866417
1.549765e-006,-0.000342748615
1.550165e-006,-0.000348630813
1.550565e-006,-0.000351571912
1.550965e-006,-0.000357454109
1.551365e-006,-0.000363336307
1.551765e-006,-0.000366277406
1.552165e-006,-0.000372159604
1.552565e-006,-0.000375100703
1.552965e-006,-0.000378041802
1.553365e-006,-0.000380982901
1.553765e-006,-0.000380982901
1.554165e-006,-0.000383924
1.554565e-006,-0.000383924
1.554965e-006,-0.000383924
1.555365e-006,-0.000383924
1.555765e-006,-0.000383924
1.556165e-006,-0.000380982901
1.556565e-006,-0.000380982901
1.556965e-006,-0.000380982901
1.557365e-006,-0.000378041802
1.557765e-006,-0.000375100703
1.558165e-006,-0.000375100703
1.558565e-006,-0.000375100703
1.558965e-006,-0.000372159604
1.559365e-006,-0.000372159604
1.559765e-006,-0.000369218505
1.560165e-006,-0.000369218505
1.560565e-006,-0.000369218505
1.560965e-006,-0.000369218505
1.561365e-006,-0.000369218505
1.561765e-006,-0.000366277406
1.562165e-006,-0.000366277406
1.562565e-006,-0.000366277406
1.562965e-006,-0.000366277406
1.563365e-006,-0.000366277406
1.563765e-006,-0.000369218505
1.564165e-006,-0.000369218505
1.564565e-006,-0.000369218505
1.564965e-006,-0.000369218505
1.565365e-006,-0.000369218505
1.565765e-006,-0.000369218505
1.566165e-006,-0.000369218505
1.566565e-006,-0.000372159604
1.566965e-006,-0.000372159604
1.567365e-006,-0.000372159604
1.567765e-006,-0.000375100703
1.568165e-006,-0.000375100703
1.568565e-006,-0.000375100703
1.568965e-006,-0.000378041802
1.569365e-006,-0.000380982901
1.569765e-006,-0.000380982901
1.570165e-006,-0.000383924
1.570565e-006,-0.000386865099
1.570965e-006,-0.000386865099
1.571365e-006,-0.000389806198
1.571765e-006,-0.000392747297
1.572165e-006,-0.000395688396
1.572565e-006,-0.000395688396
1.572965e-006,-0.000398629495
1.573365e-006,-0.000401570594
1.573765e-006,-0.000404511693
1.574165e-006,-0.000404511693
1.574565e-006,-0.000407452792
1.574965e-006,-0.000410393891
1.575365e-006,-0.000410393891
1.575765e-006,-0.00041333499
1.576165e-006,-0.000416276089
1.576565e-006,-0.000416276089
1.576965e-006,-0.000419217188
1.577365e-006,-0.000419217188
1.577765e-006,-0.000422158287
1.578165e-006,-0.000422158287
1.578565e-006,-0.000425099386
1.578965e-006,-0.000425099386
1.579365e-006,-0.000428040485
1.579765e-006,-0.000428040485
1.580165e-006,-0.000430981584
1.580565e-006,-0.000430981584
1.580965e-006,-0.000433922683
1.581365e-006,-0.000433922683
1.581765e-006,-0.000436863781
1.582165e-006,-0.000436863781
1.582565e-006,-0.000436863781
1.582965e-006,-0.00043980488
1.583365e-006,-0.00043980488
1.583765e-006,-0.00043980488
1.584165e-006,-0.00043980488
1.584565e-006,-0.00043980488
1.584965e-006,-0.00043980488
1.585365e-006,-0.00043980488
1.585765e-006,-0.00043980488
1.586165e-006,-0.000436863781
1.586565e-006,-0.000436863781
1.586965e-006,-0.000433922683
1.587365e-006,-0.000430981584
1.587765e-006,-0.000428040485
1.588165e-006,-0.000425099386
1.588565e-006,-0.000422158287
1.588965e-006,-0.000419217188
1.589365e-006,-0.000416276089
1.589765e-006,-0.00041333499
1.590165e-006,-0.000410393891
1.590565e-006,-0.000407452792
1.590965e-006,-0.000401570594
1.591365e-006,-0.000398629495
1.591765e-006,-0.000395688396
1.592165e-006,-0.000392747297
1.592565e-006,-0.000389806198
1.592965e-006,-0.000386865099
1.593365e-006,-0.000383924
1.593765e-006,-0.000380982901
1.594165e-006,-0.000378041802
1.594565e-006,-0.000378041802
1.594965e-006,-0.000375100703
1.595365e-006,-0.000375100703
1.595765e-006,-0.000375100703
1.596165e-006,-0.000375100703
1.596565e-006,-0.000375100703
1.596965e-006,-0.000375100703
1.597365e-006,-0.000375100703
1.597765e-006,-0.000378041802
1.598165e-006,-0.000378041802
1.598565e-006,-0.000378041802
1.598965e-006,-0.000380982901
1.599365e-006,-0.000380982901
1.599765e-006,-0.000383924
1.600165e-006,-0.000383924
1.600565e-006,-0.000386865099
1.600965e-006,-0.000386865099
1.601365e-006,-0.000386865099
1.601765e-006,-0.000386865099
1.602165e-006,-0.000386865099
1.602565e-006,-0.000386865099
1.602965e-006,-0.000383924
1.603365e-006,-0.000383924
1.603765e-006,-0.000383924
1.604165e-006,-0.000380982901
1.604565e-006,-0.000380982901
1.604965e-006,-0.000378041802
1.605365e-006,-0.000378041802
1.605765e-006,-0.000375100703
1.606165e-006,-0.000375100703
1.606565e-006,-0.000372159604
1.606965e-006,-0.000372159604
1.607365e-006,-0.000369218505
1.607765e-006,-0.000369218505
1.608165e-006,-0.000369218505
1.608565e-006,-0.000366277406
1.608965e-006,-0.000366277406
1.609365e-006,-0.000366277406
1.609765e-006,-0.000366277406
1.610165e-006,-0.000369218505
1.610565e-006,-0.000369218505
1.610965e-006,-0.000369218505
1.611365e-006,-0.000372159604
1.611765e-006,-0.000372159604
1.612165e-006,-0.000372159604
1.612565e-006,-0.000375100703
1.612965e-006,-0.000375100703
1.613365e-006,-0.000375100703
1.613765e-006,-0.000375100703
1.614165e-006,-0.000378041802
1.614565e-006,-0.000378041802
1.614965e-006,-0.000378041802
1.615365e-006,-0.000378041802
1.615765e-006,-0.000378041802
1.616165e-006,-0.000375100703
1.616565e-006,-0.000375100703
1.616965e-006,-0.000375100703
1.617365e-006,-0.000375100703
1.617765e-006,-0.000375100703
1.618165e-006,-0.000372159604
1.618565e-006,-0.000372159604
1.618965e-006,-0.000372159604
1.619365e-006,-0.000372159604
1.619765e-006,-0.000375100703
1.620165e-006,-0.000375100703
1.620565e-006,-0.000375100703
1.620965e-006,-0.000378041802
1.621365e-006,-0.000380982901
1.621765e-006,-0.000383924
1.622165e-006,-0.000386865099
1.622565e-006,-0.000389806198
1.622965e-006,-0.000392747297
1.623365e-006,-0.000395688396
1.623765e-006,-0.000398629495
1.624165e-006,-0.000401570594
1.624565e-006,-0.000404511693
1.624965e-006,-0.000410393891
1.625365e-006,-0.000410393891
1.625765e-006,-0.00041333499
1.626165e-006,-0.000416276089
1.626565e-006,-0.000419217188
1.626965e-006,-0.000419217188
1.627365e-006,-0.000419217188
1.627765e-006,-0.000422158287
1.628165e-006,-0.000419217188
1.628565e-006,-0.000419217188
1.628965e-006,-0.000419217188
1.629365e-006,-0.000419217188
1.629765e-006,-0.000416276089
1.630165e-006,-0.000416276089
1.630565e-006,-0.00041333499
1.630965e-006,-0.00041333499
1.631365e-006,-0.000410393891
1.631765e-006,-0.000410393891
1.632165e-006,-0.000407452792
1.632565e-006,-0.000407452792
1.632965e-006,-0.000407452792
1.633365e-006,-0.000404511693
1.633765e-006,-0.000404511693
1.634165e-006,-0.000401570594
1.634565e-006,-0.000401570594
1.634965e-006,-0.000401570594
1.635365e-006,-0.000401570594
1.635765e-006,-0.000398629495
1.636165e-006,-0.000398629495
1.636565e-006,-0.000398629495
1.636965e-006,-0.000398629495
1.637365e-006,-0.000395688396
1.637765e-006,-0.000395688396
1.638165e-006,-0.000392747297
1.638565e-006,-0.000389806198
1.638965e-006,-0.000389806198
1.639365e-006,-0.000386865099
1.639765e-006,-0.000383924
1.640165e-006,-0.000380982901
1.640565e-006,-0.000380982901
1.640965e-006,-0.000378041802
1.641365e-006,-0.000378041802
1.641765e-006,-0.000375100703
1.642165e-006,-0.000375100703
1.642565e-006,-0.000375100703
1.642965e-006,-0.000372159604
1.643365e-006,-0.000372159604
1.643765e-006,-0.000372159604
1.644165e-006,-0.000372159604
1.644565e-006,-0.000375100703
1.644965e-006,-0.000375100703
1.645365e-006,-0.000378041802
1.645765e-006,-0.000380982901
1.646165e-006,-0.000383924
1.646565e-006,-0.000386865099
1.646965e-006,-0.000389806198
1.647365e-006,-0.000395688396
1.647765e-006,-0.000398629495
1.648165e-006,-0.000401570594
1.648565e-006,-0.000407452792
1.648965e-006,-0.000410393891
1.649365e-006,-0.000416276089
1.649765e-006,-0.000419217188
1.650165e-006,-0.000422158287
1.650565e-006,-0.000425099386
1.650965e-006,-0.000428040485
1.651365e-006,-0.000430981584
1.651765e-006,-0.000433922683
1.652165e-006,-0.000436863781
1.652565e-006,-0.000436863781
1.652965e-006,-0.000436863781
1.653365e-006,-0.000436863781
1.653765e-006,-0.000436863781
1.654165e-006,-0.000436863781
1.654565e-006,-0.000433922683
1.654965e-006,-0.000430981584
1.655365e-006,-0.000430981584
1.655765e-006,-0.000428040485
1.656165e-006,-0.000425099386
1.656565e-006,-0.000422158287
1.656965e-006,-0.000419217188
1.657365e-006,-0.00041333499
1.657765e-006,-0.000410393891
1.658165e-006,-0.000407452792
1.658565e-006,-0.000404511693
1.658965e-006,-0.000401570594
1.659365e-006,-0.000395688396
1.659765e-006,-0.000392747297
1.660165e-006,-0.000389806198
1.660565e-006,-0.000386865099
1.660965e-006,-0.000386865099
1.661365e-006,-0.000383924
1.661765e-006,-0.000380982901
1.662165e-006,-0.000380982901
1.662565e-006,-0.000378041802
1.662965e-006,-0.000378041802
1.663365e-006,-0.000375100703
1.663765e-006,-0.000375100703
1.664165e-006,-0.000375100703
1.664565e-006,-0.000372159604
1.664965e-006,-0.000372159604
1.665365e-006,-0.000369218505
1.665765e-006,-0.000369218505
1.666165e-006,-0.000369218505
1.666565e-006,-0.000366277406
1.666965e-006,-0.000366277406
1.667365e-006,-0.000366277406
1.667765e-006,-0.000363336307
1.668165e-006,-0.000363336307
1.668565e-006,-0.000360395208
1.668965e-006,-0.000357454109
1.669365e-006,-0.000357454109
1.669765e-006,-0.00035451301
1.670165e-006,-0.000351571912
1.670565e-006,-0.000348630813
1.670965e-006,-0.000348630813
1.671365e-006,-0.000345689714
1.671765e-006,-0.000342748615
1.672165e-006,-0.000339807516
1.672565e-006,-0.000336866417
1.672965e-006,-0.000336866417
1.673365e-006,-0.000333925318
1.673765e-006,-0.000330984219
1.674165e-006,-0.00032804312
1.674565e-006,-0.00032804312
1.674965e-006,-0.000325102021
1.675365e-006,-0.000325102021
1.675765e-006,-0.000322160922
1.676165e-006,-0.000322160922
1.676565e-006,-0.000322160922
1.676965e-006,-0.000322160922
1.677365e-006,-0.000322160922
1.677765e-006,-0.000322160922
1.678165e-006,-0.000322160922
1.678565e-006,-0.000322160922
1.678965e-006,-0.000325102021
1.679365e-006,-0.00032804312
1.679765e-006,-0.00032804312
1.680165e-006,-0.000330984219
1.680565e-006,-0.000333925318
1.680965e-006,-0.000336866417
1.681365e-006,-0.000339807516
1.681765e-006,-0.000345689714
1.682165e-006,-0.000348630813
1.682565e-006,-0.000351571912
1.682965e-006,-0.000357454109
1.683365e-006,-0.000360395208
1.683765e-006,-0.000363336307
1.684165e-006,-0.000369218505
1.684565e-006,-0.000372159604
1.684965e-006,-0.000375100703
1.685365e-006,-0.000378041802
1.685765e-006,-0.000380982901
1.686165e-006,-0.000383924
1.686565e-006,-0.000386865099
1.686965e-006,-0.000389806198
1.687365e-006,-0.000392747297
1.687765e-006,-0.000392747297
1.688165e-006,-0.000395688396
1.688565e-006,-0.000395688396
1.688965e-006,-0.000395688396
1.689365e-006,-0.000398629495
1.689765e-006,-0.000398629495
1.690165e-006,-0.000398629495
1.690565e-006,-0.000398629495
1.690965e-006,-0.000395688396
1.691365e-006,-0.000395688396
1.691765e-006,-0.000395688396
1.692165e-006,-0.000395688396
1.692565e-006,-0.000392747297
1.692965e-006,-0.000392747297
1.693365e-006,-0.000389806198
1.693765e-006,-0.000386865099
1.694165e-006,-0.000386865099
1.694565e-006,-0.000383924
1.694965e-006,-0.000380982901
1.695365e-006,-0.000378041802
1.695765e-006,-0.000375100703
1.696165e-006,-0.000372159604
1.696565e-006,-0.000369218505
1.696965e-006,-0.000366277406
1.697365e-006,-0.000363336307
1.697765e-006,-0.000360395208
1.698165e-006,-0.000357454109
1.698565e-006,-0.00035451301
1.698965e-006,-0.00035451301
1.699365e-006,-0.000351571912
1.699765e-006,-0.000348630813
1.700165e-006,-0.000345689714
1.700565e-006,-0.000345689714
1.700965e-006,-0.000342748615
1.701365e-006,-0.000342748615
1.701765e-006,-0.000339807516
1.702165e-006,-0.000339807516
1.702565e-006,-0.000339807516
1.702965e-006,-0.000339807516
1.703365e-006,-0.000339807516
1.703765e-006,-0.000342748615
1.704165e-006,-0.000342748615
1.704565e-006,-0.000342748615
1.704965e-006,-0.000345689714
1.705365e-006,-0.000345689714
1.705765e-006,-0.000348630813
1.706165e-006,-0.000348630813
1.706565e-006,-0.000351571912
1.706965e-006,-0.000351571912
1.707365e-006,-0.00035451301
1.707765e-006,-0.00035451301
1.708165e-006,-0.000357454109
1.708565e-006,-0.000357454109
1.708965e-006,-0.000357454109
1.709365e-006,-0.000360395208
1.709765e-006,-0.000360395208
1.710165e-006,-0.000360395208
1.710565e-006,-0.000360395208
1.710965e-006,-0.000360395208
1.711365e-006,-0.000357454109
1.711765e-006,-0.000357454109
1.712165e-006,-0.000357454109
1.712565e-006,-0.000357454109
1.712965e-006,-0.000357454109
1.713365e-006,-0.000357454109
1.713765e-006,-0.000357454109
1.714165e-006,-0.000357454109
1.714565e-006,-0.000357454109
1.714965e-006,-0.000357454109
1.715365e-006,-0.000357454109
1.715765e-006,-0.000357454109
1.716165e-006,-0.000357454109
1.716565e-006,-0.000357454109
1.716965e-006,-0.000357454109
1.717365e-006,-0.000360395208
1.717765e-006,-0.000360395208
1.718165e-006,-0.000363336307
1.718565e-006,-0.000363336307
1.718965e-006,-0.000366277406
1.719365e-006,-0.000366277406
1.719765e-006,-0.000369218505
1.720165e-006,-0.000369218505
1.720565e-006,-0.000372159604
1.720965e-006,-0.000372159604
1.721365e-006,-0.000375100703
1.721765e-006,-0.000375100703
1.722165e-006,-0.000375100703
1.722565e-006,-0.000378041802
1.722965e-006,-0.000378041802
1.723365e-006,-0.000380982901
1.723765e-006,-0.000380982901
1.724165e-006,-0.000383924
1.724565e-006,-0.000383924
1.724965e-006,-0.000386865099
1.725365e-006,-0.000386865099
1.725765e-006,-0.000386865099
1.726165e-006,-0.000386865099
1.726565e-006,-0.000389806198
1.726965e-006,-0.000389806198
1.727365e-006,-0.000389806198
1.727765e-006,-0.000389806198
1.728165e-006,-0.000389806198
1.728565e-006,-0.000389806198
1.728965e-006,-0.000389806198
1.729365e-006,-0.000386865099
1.729765e-006,-0.000386865099
1.730165e-006,-0.000386865099
1.730565e-006,-0.000383924
1.730965e-006,-0.000383924
1.731365e-006,-0.000380982901
1.731765e-006,-0.000380982901
1.732165e-006,-0.000378041802
1.732565e-006,-0.000378041802
1.732965e-006,-0.000375100703
1.733365e-006,-0.000375100703
1.733765e-006,-0.000375100703
1.734165e-006,-0.000375100703
1.734565e-006,-0.000375100703
1.734965e-006,-0.000375100703
1.735365e-006,-0.000375100703
1.735765e-006,-0.000375100703
1.736165e-006,-0.000375100703
1.736565e-006,-0.000378041802
1.736965e-006,-0.000378041802
1.737365e-006,-0.000380982901
1.737765e-006,-0.000383924
1.738165e-006,-0.000386865099
1.738565e-006,-0.000386865099
1.738965e-006,-0.000389806198
1.739365e-006,-0.000392747297
1.739765e-006,-0.000395688396
1.740165e-006,-0.000398629495
1.740565e-006,-0.000401570594
1.740965e-006,-0.000404511693
1.741365e-006,-0.000404511693
1.741765e-006,-0.000407452792
1.742165e-006,-0.000410393891
1.742565e-006,-0.00041333499
1.742965e-006,-0.00041333499
1.743365e-006,-0.000416276089
1.743765e-006,-0.000419217188
1.744165e-006,-0.000419217188
1.744565e-006,-0.000419217188
1.744965e-006,-0.000422158287
1.745365e-006,-0.000422158287
1.745765e-006,-0.000422158287
1.746165e-006,-0.000422158287
1.746565e-006,-0.000419217188
1.746965e-006,-0.000419217188
1.747365e-006,-0.000419217188
1.747765e-006,-0.000416276089
1.748165e-006,-0.00041333499
1.748565e-006,-0.000410393891
1.748965e-006,-0.000407452792
1.749365e-006,-0.000404511693
1.749765e-006,-0.000398629495
1.750165e-006,-0.000395688396
1.750565e-006,-0.000389806198
1.750965e-006,-0.000383924
1.751365e-006,-0.000380982901
1.751765e-006,-0.000375100703
1.752165e-006,-0.000369218505
1.752565e-006,-0.000366277406
1.752965e-006,-0.000360395208
1.753365e-006,-0.000357454109
1.753765e-006,-0.000351571912
1.754165e-006,-0.000348630813
1.754565e-006,-0.000345689714
1.754965e-006,-0.000342748615
1.755365e-006,-0.000342748615
1.755765e-006,-0.000339807516
1.756165e-006,-0.000339807516
1.756565e-006,-0.000339807516
1.756965e-006,-0.000342748615
1.757365e-006,-0.000342748615
1.757765e-006,-0.000345689714
1.758165e-006,-0.000348630813
1.758565e-006,-0.000351571912
1.758965e-006,-0.00035451301
1.759365e-006,-0.000357454109
1.759765e-006,-0.000363336307
1.760165e-006,-0.000366277406
1.760565e-006,-0.000372159604
1.760965e-006,-0.000375100703
1.761365e-006,-0.000380982901
1.761765e-006,-0.000383924
1.762165e-006,-0.000386865099
1.762565e-006,-0.000392747297
1.762965e-006,-0.000395688396
1.763365e-006,-0.000398629495
1.763765e-006,-0.000401570594
1.764165e-006,-0.000404511693
1.764565e-006,-0.000404511693
1.764965e-006,-0.000407452792
1.765365e-006,-0.000410393891
1.765765e-006,-0.000410393891
1.766165e-006,-0.000410393891
1.766565e-006,-0.000410393891
1.766965e-006,-0.000410393891
1.767365e-006,-0.000410393891
1.767765e-006,-0.000410393891
1.768165e-006,-0.000407452792
1.768565e-006,-0.000407452792
1.768965e-006,-0.000404511693
1.769365e-006,-0.000401570594
1.769765e-006,-0.000398629495
1.770165e-006,-0.000398629495
1.770565e-006,-0.000395688396
1.770965e-006,-0.000392747297
1.771365e-006,-0.000389806198
1.771765e-006,-0.000389806198
1.772165e-006,-0.000386865099
1.772565e-006,-0.000383924
1.772965e-006,-0.000380982901
1.773365e-006,-0.000378041802
1.773765e-006,-0.000378041802
1.774165e-006,-0.000375100703
1.774565e-006,-0.000375100703
1.774965e-006,-0.000372159604
1.775365e-006,-0.000372159604
1.775765e-006,-0.000372159604
1.776165e-006,-0.000369218505
1.776565e-006,-0.000369218505
1.776965e-006,-0.000369218505
1.777365e-006,-0.000369218505
1.777765e-006,-0.000369218505
1.778165e-006,-0.000369218505
1.778565e-006,-0.000369218505
1.778965e-006,-0.000366277406
1.779365e-006,-0.000366277406
1.779765e-006,-0.000366277406
1.780165e-006,-0.000366277406
1.780565e-006,-0.000366277406
1.780965e-006,-0.000369218505
1.781365e-006,-0.000369218505
1.781765e-006,-0.000369218505
1.782165e-006,-0.000369218505
1.782565e-006,-0.000369218505
1.782965e-006,-0.000369218505
1.783365e-006,-0.000369218505
1.783765e-006,-0.000369218505
1.784165e-006,-0.000372159604
1.784565e-006,-0.000372159604
1.784965e-006,-0.000372159604
1.785365e-006,-0.000375100703
1.785765e-006,-0.000375100703
1.786165e-006,-0.000378041802
1.786565e-006,-0.000380982901
1.786965e-006,-0.000380982901
1.787365e-006,-0.000383924
1.787765e-006,-0.000386865099
1.788165e-006,-0.000389806198
1.788565e-006,-0.000389806198
1.788965e-006,-0.000392747297
1.789365e-006,-0.000395688396
1.789765e-006,-0.000395688396
1.790165e-006,-0.000398629495
1.790565e-006,-0.000401570594
1.790965e-006,-0.000401570594
1.791365e-006,-0.000401570594
1.791765e-006,-0.000401570594
1.792165e-006,-0.000401570594
1.792565e-006,-0.000401570594
1.792965e-006,-0.000401570594
1.793365e-006,-0.000398629495
1.793765e-006,-0.000398629495
1.794165e-006,-0.000395688396
1.794565e-006,-0.000392747297
1.794965e-006,-0.000389806198
1.795365e-006,-0.000383924
1.795765e-006,-0.000380982901
1.796165e-006,-0.000378041802
1.796565e-006,-0.000372159604
1.796965e-006,-0.000369218505
1.797365e-006,-0.000363336307
1.797765e-006,-0.000357454109
1.798165e-006,-0.00035451301
1.798565e-006,-0.000351571912
1.798965e-006,-0.000345689714
1.799365e-006,-0.000342748615
1.799765e-006,-0.000339807516
1.800165e-006,-0.000336866417
1.800565e-006,-0.000336866417
1.800965e-006,-0.000336866417
1.801365e-006,-0.000333925318
1.801765e-006,-0.000336866417
1.802165e-006,-0.000336866417
1.802565e-006,-0.000336866417
1.802965e-006,-0.000339807516
1.803365e-006,-0.000342748615
1.803765e-006,-0.000345689714
1.804165e-006,-0.000351571912
1.804565e-006,-0.00035451301
1.804965e-006,-0.000360395208
1.805365e-006,-0.000363336307
1.805765e-006,-0.000369218505
1.806165e-006,-0.000372159604
1.806565e-006,-0.000378041802
1.806965e-006,-0.000380982901
1.807365e-006,-0.000386865099
1.807765e-006,-0.000389806198
1.808165e-006,-0.000392747297
1.808565e-006,-0.000395688396
1.808965e-006,-0.000398629495
1.809365e-006,-0.000398629495
1.809765e-006,-0.000398629495
1.810165e-006,-0.000401570594
1.810565e-006,-0.000398629495
1.810965e-006,-0.000398629495
1.811365e-006,-0.000398629495
1.811765e-006,-0.000395688396
1.812165e-006,-0.000392747297
1.812565e-006,-0.000389806198
1.812965e-006,-0.000386865099
1.813365e-006,-0.000383924
1.813765e-006,-0.000378041802
1.814165e-006,-0.000375100703
1.814565e-006,-0.000372159604
1.814965e-006,-0.000366277406
1.815365e-006,-0.000360395208
1.815765e-006,-0.000357454109
1.816165e-006,-0.000351571912
1.816565e-006,-0.000345689714
1.816965e-006,-0.000342748615
1.817365e-006,-0.000336866417
1.817765e-006,-0.000333925318
1.818165e-006,-0.000330984219
1.818565e-006,-0.000325102021
1.818965e-006,-0.000322160922
1.819365e-006,-0.000319219823
1.819765e-006,-0.000316278724
1.820165e-006,-0.000316278724
1.820565e-006,-0.000313337625
1.820965e-006,-0.000313337625
1.821365e-006,-0.000313337625
1.821765e-006,-0.000313337625
1.822165e-006,-0.000313337625
1.822565e-006,-0.000313337625
1.822965e-006,-0.000316278724
1.823365e-006,-0.000316278724
1.823765e-006,-0.000319219823
1.824165e-006,-0.000322160922
1.824565e-006,-0.000325102021
1.824965e-006,-0.00032804312
1.825365e-006,-0.000330984219
1.825765e-006,-0.000333925318
1.826165e-006,-0.000336866417
1.826565e-006,-0.000339807516
1.826965e-006,-0.000342748615
1.827365e-006,-0.000345689714
1.827765e-006,-0.000351571912
1.828165e-006,-0.00035451301
1.828565e-006,-0.00035451301
1.828965e-006,-0.000357454109
1.829365e-006,-0.000360395208
1.829765e-006,-0.000363336307
1.830165e-006,-0.000366277406
1.830565e-006,-0.000366277406
1.830965e-006,-0.000369218505
1.831365e-006,-0.000372159604
1.831765e-006,-0.000372159604
1.832165e-006,-0.000375100703
1.832565e-006,-0.000375100703
1.832965e-006,-0.000378041802
1.833365e-006,-0.000378041802
1.833765e-006,-0.000380982901
1.834165e-006,-0.000380982901
1.834565e-006,-0.000383924
1.834965e-006,-0.000383924
1.835365e-006,-0.000383924
1.835765e-006,-0.000386865099
1.836165e-006,-0.000386865099
1.836565e-006,-0.000386865099
1.836965e-006,-0.000386865099
1.837365e-006,-0.000386865099
1.837765e-006,-0.000383924
1.838165e-006,-0.000383924
1.838565e-006,-0.000380982901
1.838965e-006,-0.000380982901
1.839365e-006,-0.000378041802
1.839765e-006,-0.000375100703
1.840165e-006,-0.000372159604
1.840565e-006,-0.000369218505
1.840965e-006,-0.000366277406
1.841365e-006,-0.000360395208
1.841765e-006,-0.000357454109
1.842165e-006,-0.00035451301
1.842565e-006,-0.000348630813
